  30 
   4   6   0   7   9   0   0   6   1   9   6   4   0   9   1   5   2   0   8   4   0   7   0   8   9   0   9  10   2   7
  40  10   0  13   4  47   4  85  45   0  76  96  62  18  57  67  82  86  17   0   0  31  91  11  63  42  74  69   9
  66  78  10   0  22  66  83  83  94   0   0   0   0  39  87  10  52  22  86   8  88   0  35  49  24  12   0  16
  52  89  31  19  88  49   5  61  86  55  22  65  60  48  39  47  57   0  54  52  92   0  29  52  76  62  70
  24  91  85  24  58  27   9  15   7  18  69   0   4  57  68  42  42   0  21  84  13  91  55  10  74  91
  33  52  90   0  82   0   0   0  28  41  43  67  71   0   0   0  84   0  89  98  41   0  29   0  31
   0   1   5   0  66  51  25   0  54  91  81  55   1  24  42  15  12  30   0   0  63  69  70  24
   0  12  81  80  66  27   0  97  79   0   2  26   0  75  83  11  27  19   0  18  98  50  61
  43  60  93  59  20  98  59  94   0  79  83  67  76  33   0  78  83  25  36  83  80  97
  64  88  81  29   0   5  13   0  15  53   0   0  97   0  62  30  47  14  21  10  62
  37  78  38  79  87  80  77  79   0   1  78  26  78  45  30  83  89  27   0  28
  98  55   0  77  20  20  82  39  93  95  15  76   0   0  90  30  99  27  89
   8   0  43   0  74  57   4  19  41  58  31  67  34  66   0  60  50  13
   0  77  80  41  41  51  92  88  36  19  97  49  56  58   8  30  55
  28  50  88  14  87  18  93  98  27  30  94  21  86  90  38  31
  85  92  86  98   0  51  36   3  42  90  93  74  14  88   3
  21   0  65   0   0   9  73  94  21  31  78  48   4   0
   0  54  25  28   0  26  60  25  14  15   0  32  29
  79  62   0  69   0   2  91  28  65  78  94  90
  72  48  54   0  43  56  20  51  41  69  66
  51   6  48   0  79  98  59  58  10  73
   0  78   2  91   0  76  91   0  62
  64  24   0   2   0  17   0  70
   0  48   0  56   0   0  52
  67   0  39  24  23  79
  36  84  54  52   0
  88  22  64  29
   0  31  91
  14  99
   0

  53
   4   6   2   1   9   5  10   9   3  10   1   7   8   8   5   3   2   2  10   5   5   6   1   1   9   3   8   1   4   4

