  30 
   5   1   0   3   2   3   5   8   0   7   8  10   7   0   2   0   3   4   2   7   0   6   1   1   7  10   6  10   6   9
  94  12  25  58   0  75  31   0  75  75   4  25  31   0   0  83  33  24  58  69  84  33   0  13  42  85   0  76   7
  48  38  52  97  69  42  72  75  17  11   0   0  12  63  99  66   0  29  14   8  35  96  36  37  93   0  79  82
   0  99  38  53  16  27  80  37  59  18  13  14  11  66   0  26  24  52  54   0  80  13  98  64   0  68   6
  62  29  20  73  17   0  49  24  70   0  88  52  56  66  61   0  59  71  21   0  52  34  20   0   0  14
  23  65  79   0  75  31  30   0  81  89  19   0   0  71  56  50  62   0  70  16  33  78  14   0   0
  47  86  33  41  16   0  38  72  70   0   0   0  48  50  29  74  43  67  74  64  43  19  66   2
   0  87   5  18   0  52  29  72  85  75   0   3  85  83   0  57  94   0  73   9  89  73  89
   3   0  15  92   0  75  37  55   0  27  44   5  86   7  34   0   8  58   0  82  94  65
  47   0  55   0   0  82   0   0   0   0  24   0  96  54  80  15  80   8  29  91   6
  90   0   0  68  56   0  33  51  65  32  92  80  58   0  38   9  83   7  68  14
   0  22   5  77  10  44  39  46  37   0  42  52  80  40  51  19   0  45  32
  11  12  83  52   0  67  83   0  33  49  73  77  89   4   0  69  19  36
   0  26  69  42  21   0   0  12   0   8  50  76   0  14  23  50   9
   0  50   8  50  62   9  78  43  27  70  42  64  29   0  75  40
  50  50   0  69  11  44  37  99  57  97  97  72  36   0   8
  70  22   0  94  13  40  30   5  57   0  88  41  65  98
  63  73  45  19  77   0  94  52   0  12  40  61  32
  30  92  98  30  71  82   4  66   0   0  99  44
  45  80  44  45  89  63  31   1  59  34   0
   0   0  86  69  39  75  28  53  74  50
  43   0  66   0  83  73  79  99  22
  58  29   0  91  52  34  81  40
   8  12  37  58  61  19  24
  38   0  66  26  74  57
   0   0   0  59  42
  30  42  42  95
  98   9  63
  34  72
   0

  47
   7   1   5   1   9  10  10   4   3   5   2   9   2   3   3   6   8   2   1   1   1   9   5   6   1   7   4   4   1   5

