  30 
   2   0   7   8   5   0   9   4   7   2   9   1   4   4   2  10   4  10   4   8   5   8  10   0   5   3  10   4   6  10
  41  76  98  21   0  91  93   0   0  23  91   6   9   0  20  85   7  58  93  78  86  42   0   0  20  87  81  44  22
  76  97  61  83  81   4  93  33  49  62   0  49   1  54  84  39  36   0  64  98  98  14  60  31   1  42  55  34
  91  66   3  90  49  27   0  26  21  72  47  14  84  87   0  56  14  67  91  23  34  26   0   0  82  28  74
  21  40  76  93   0  74  93   0  83  66  75  40  99  87  40  69   2  11  64   1  46  74  14  84  42  95
  25   0  38  18  97  10  94  34  68  72  45  84  67  97  25  63  42  12  62  76  17  17  79  91   6
  78  86   2  50  58   0  27  90  53  32  29   0  63   0  46  69  28  43  54  31  77   6  76  87
  69   0  34  97  49  43   0  23  79   0  72  70  84   0   0  99   0   0   9  25  82  41  27
  36   0  77  76  78  73  28  58  72  19  36   0  84  73   8  89  58  79  82  15  18  43
  54   0  74  65  43  70  75  93  91  39  99  82   0  63  81  17  54  12   0  24  14
   0   9   0  15   0   0   0   0  20  73   5  66  30   0  90   0  37  50  52  45
   7   0   0  19  15   0  28  50  91  10   6  81  21  45  90  88  12  56  99
  52  94  10   7  84  80  80  35  65  17  33   0  51  51  62   0   0  47
  63  88  62   0  85  29  82  86  41   0  66  35   7  97  35  50   2
  55   0  22  20  14  35  36  36  14  22  70  50  96  29  38  15
  80   9   0   8  35  59   0   0  16  78  92  61  32   0  89
  79   0  25  54  22  90   0  49  51  41   0  68  70   0
  70  56   5  93  78   3  66  37  43  92  46   0  17
   1   0  58  82  28   0  32   0  99  31  29  54
  34   8   3   4  75  48  31  76   0  55  50
  93  98  50  86  44   7   3  92  71   0
   0  36  77  82  12   3  95  91  29
  58  61   0  66  56  72  92  48
  90  63   5  72  87   0  57
  99  34  26  51  62  54
  54  12  33  39  97
   0  24   0  21
  84   0   5
  46  41
  84

  46
   4   8  10   4  10   2   8   7   6   8   1   6   1  10   6   4   1   1   6   2   2   6   9   4   5   1   5   1   4  10

