  30 
   0   7   0   1   0   4   6   9   0   9   0   4   6   1   0   4   2   0   1   1   6   0   1   8   5   0   0   1   8   5
  80  16  22  28   0  51  28  65  58  30  15  38  10  56  63  48  50  11  17   0  18  27  47  17  48  43   0  17   0
  53  19  34   0   0  96  58   0  61  89  34  74  80  26   0   0  12  50  61  49  10  27  25   3  17  28   0   0
  33   0   0  13  20  57  32  49   2  14   0  95  41  73  68  92   0   0  89  43  35  84   0  83  45  45  97
   0  61  21   0  93  94  51  21  58  46   0   0  53  59  95   0  27  98  80  74   0  73  14  17  44  33
  98  11  74  92   0  64  42  87   0  98  68  98  58  67  78  14  29  78  69   0  39  68  58  77  72
  77  56  55  31  74   0  69  33  78   7  64   0  11  98   4  61  94   0  93  58  14  47  98  82
  50   0   0  17  30  25  86   0  53   0  61  64  32  18  21   7   9  20  17   0  22  20  90
   0  67  26  62  34   0   0  64   0  62  30   8  50  70  57  53  48  55   0   0  32  33
  40  20   0   1   3  23   3  95  43  93  52  10   7  18  77   0  39  88  38  66   8
  18  34  59   0   0  84  88   0   0  43   0  96  93  79  72   0   0  23  78  51
  49  93  16  33  99  40  44  99  91  71  28  25  78  33  65  52  64  59  80
  70   0  78  95  77  47  10  39  36  43  95   4  88   0  51  20   0  86
  91   0  19  86  64  87  17  86  38  49  88  37  41   0   3  20  24
   0  31  32  83  27  65  36  45  42  88  87   0  86  90  99   2
   0   5  85  96  80  56  24   0   7   0  52   0   8  46   0
   0   0  89   0  71  62  54   8  23  87  58  50   0  26
  43  81   6   0  29  74  11  37  83  41  61  92  28
  91  99  46   0  66  11  84  39   0   0  98  65
   0   0  22  36  38   0  60  22   8   0  85
  48  63   5  39   0   0  90  20  49  10
  62  94  40  10   0  55  46   5   0
   0   4  62   0   0  23   0  18
  73  90  68  48   0  42   0
   0  60  71  82   0   0
   0  90  67  74   0
   0   0  42  10
  71  20  62
   0  84
  24

  41
   5   5  10   4  10  10   7   2   2   2   1   5   3   2   9   8   5   9   8   9   2   1  10   5   8   7   8   8   5   4

