  30 
   0   1   3   6   0   2   0   7   3   5   0   5   2   9   4   6   0   4   2   2   0   7   0   6   5   0   0   5   8   0
  24  85  61  48  60  68  57  98  13  90  96  43  67  96  87   0  94  92  74  62  42  66  93  85   6  98  70  93  19
  69  53  86  90   0  81   0  68  34  67  28   4  47  59   0  18   0  14   0  80  33   6  68   0   0   0  52  19
   0   0  59   0  43  80  75  70   0   0  82   0  49   0   0  37   0   0  99   9   0   0  68   0  41  81  56
   0   0  55  16  43  84  82  56  87  52   0  75  97   0   0   0   0  65  98  71  94  10  85  78  40   0
   0  71  28   0   0  27  64  37  93  95  23  71  91  28  66  28  51   0  94  37  98  91  43  96  64
   0  55   0   0  31  68  39   0  92  60  84  66  11   0  81  83  33   0  65  52  70  12  94  59
  21  59  61   0  61   1   0   0  35  52  55  59   0  77  73   0  96  95  11  90   3  32  31
  31   0  32  74  64  56  36   1   0   0  98  87   4  88  83  58   1  77   2   6  86   0
  74   2  44   0   0  10   0   0  40  21   0   0  54   7  70  41  49  87  15  39  51
  99  12  60   0  67  60  92  71   0   0  75  87  46  21  28  55  61   7  49  42
  56  50   2  37  63  68   8   0  16  44   0  92  43  12   0  48   0  85  55
  87  85  17  13  69  40  78  78  14  66  31  68   0  11  81  39  74  90
  55  22   3   0  35  82   0  24  99  12   0   0  65  53  91  66  48
  61   0   2   8  97  59   0   9  97   0   0   4   0  58  20   2
   0   4  26  29   0  27  21  79  73   3  42  21  78  88  72
  23  45  98  52   0  12  66  34   0  36  57  68   0   1
  46  73  73  12  44  65  41  21  16  44  29  15  37
  15  12  31   0  49   0   0  26  13  49   0  36
  51  81   0  57   0   1  70   0   8  33   0
   2  75  14   0   0  61   8  16   0   0
   0  40  89  64   0  70  39  39   8
   0  60   0  18  24  16  80  96
  61   1   0  58  45  71  92
  72   0   3  59  67   3
   0  38  50  49  60
  33  12  22   0
  40  19  91
   0  75
  90

  56
   4   2  10  10   7  10   9   8   9   2   9   2   2   9   1   7   6   3   1   6  10   3   7   4   7   4   7   3   5   4

