  30 
   8   8   4   0   3   7   4   3   6   8   8   6   3   3   7   8   4  10   7   2   7   4   5   1   0   8   2   3   0   7
  95   2  89   0  39  51   0  39  10   1  96  97  55  14  56  32   7   8  38   7   0  76  42  43  60   1   0   0  86
  49   0  65  14  20  56  16  58  40   0  42  48  42  33   0   5  78  72  43  10  52  57   0  66   0   0  24  72
   0   0  80  65  57  70  97  77  80  63  60  34  42  42  57  31  59  94  14  71  54   0  31   4  25  19  29
   6  20  91  84  23  32  75  56  89  94  48   0  41  89  34  76  16  11  32  24  47  73  78  73  48  30
  96  65  76  38  20  94  15   0  15  35   0  81  49  71  74   0  56  27  95   0  40  41  88   2  83
   0  96  37  77  83   0  96  97  99  53   0  77   8  86  91  92  54  15  99  61  78  12   6   3
  71   0  72   0   3  88  49  57  38  15  94  26  54  23  73  11  80   0   0  91   0  92   0
  33   0  19   0  29   1  96  34  80  44  25   0  99  31  48  12  68   0   7  71  61   7
  44  51  96  28   0  47  65  11  75   0  28   2  92  21  76  38   0  28  21   0  78
  29   0  20   0  24  14   0  69  89  39   0   8   0  60  99  12  44  76  35   0
   0  92   0   2  58  34   7  70  62   0  50  91  33   0  52  25  30   3  49
  79  85  28  96  12  21  29   4   0  89  35  28   0   0  22   5  95   5
  34  47   2   0  67  38  10   0  21  46  83   0  16  65   0  43  79
   8  96  30   8  31   0  51  68   0  96  26  34  96   6  80  31
   3  23  26   0  29  58  99  56  87   0  26   0  74  97   0
   5   3  90   0  58  47  35  70  82  66  83   0  79   0
   7  15  36  94  75   8   0  95  17  96   0  30  77
  53  26  92   0  53  40   0  76   0   0  55  53
  75   0   3  66  56  69  98  13  78  17  35
  48  53  75   0  83   0  74  55   1   0
  64  28   8  91   0  53  57  14   0
  85  95  69  15  64   2  26  56
  61  81  78  20   0  25  44
  77  34  80  53  51  31
  99   0   1   0  90
  95  26  28  46
  61   1  11
  91   0
  87

  59
  10   6   2   9   1   5  10   9   7   8   8   4   2   1   1   6   9   4   1   7   3   1   3   1   4   9   2   8   5   1

