  30 
   9   5   5   7   0   1   9   8   9   1   8   3  10   7   7   0   5   1   0   1   0   3   7   2   7   5   8   0   8   1
  21  68  26  37  35  71   0  42  40  33  80  51  47   0   0   5   0   0  59  73  79   0  40  14  44  58   0   0  88
  81  95  15  41  25  95  23   0   0  14  51  87  34  69  59   2   0  94  49  58  24  48  12  86  51   1  78  71
  81  61  66   1  52  61  16   0   0   0  20   0  29  33   0  47  49  87  21   0  43  86  25  41  44  50  19
  86   0   0   0   0  57  75   0  36  39  84   0  17  49  60   2   0  12  40  13  95   0   0  14  71  94
  81  92  35   5   4   7  92  76  67  17  94   5  61   0   0   2  41  29  14  94  65  56   0  50  68
   0   0  77  68   1  92  45  38  65  83  64  82   0  53   0   0  39   0  53   4  31  62  85  92
  85  85  28  92  98  26  70  26   0  41  82  79  61  31   0  51  54  80  65  72  66  71   5
  50   0  78   0  55  44  15  55  47  42  66  69   0  34  59  65  37  81  37  65  61  26
  33  47   3  65  81  42   7  34  33   7  57  71  41  17   4  86   2  86  21   0  68
  83  80  88  20  10   0   0  84  29   0   0  74  61  69  15  46   0  11   0  21
  53  99   0   0  55  20   0  76  35   0  95   4   0  70   0   0  28  45  91
  50  16  41   0  10  40  50  20  79  92  39  12  77  91  40  36  24  70
   5   0  81  24  15  78  69  15  68  13  79  20  74   0  23  72  50
  72  67  68  86   0  75   0  85  97  15  97  69  29   8   6   0
  47  62  62  84  24   5  50  92  94  75  10   2  96  40  43
   1  56  32  40  90  12   0  15  23  52  39   0  91  35
  78   0  61  87   0  78   1   0  26   0  15  43  79
  32  49   0  38   3   0   1  99  29  22  44   0
   0   0  65  77  50  70  20  77   0  10   0
  23  83   0  88  70  23  47   0  94   0
  19  34  56  29  93  99  27  35   1
  72  63   0   0  89  22  49  75
  48   0  26  66  59   3  66
  12  30   0   0  54   0
  82  68  67  72  71
  26  10   7  26
  97  43  89
  93   0
  48

  61
   9   1   1   4   1   4   8  10  10   4   7   1   4   8   6   5   6   2   9   9  10  10   9   4   2   4   5  10   3   1

