  30 
   0   9   0   0   0   1   2   2   7   8   2   5   0  10   2   0   5   3   5   8   0  10   6   0   2  10   5   9   0   2
  90   0  79  96  66   0  20  96  44  22   0  68   3  18  15  28   0  45   0  79   0  56  45   0  77  70  41  43   2
  72  26  95  63  66  82  62  90  47   0  55   0  10  43  61  16   0  99  79  30  61   0   0   3  13  71  70  68
  43  58  25  14  27  53   2   1  91  99   3  17   5  94  24  64  54  47  75   0  24   0  78   0  98  27  71
   0  80  29  94  83  19   7  55   1  23  34  35  93   0  94  94  25   9   8  80  10   0  91   4  37  57
  53   0   0  46  15  99   0   1  24  42  94  23   0  89  57   0   2  93   5  73  32  41  91  87  83
   0  37  27  86   0  50   1  84  68  29   0  99   0  44  69  33  37   0   0  46  65  21  34   8
   8   0  34  53   5   0  45   0  37   0   0  45  87  73  12  34  54  13   0  63  70  74  13
  17   1  37   0  20  44   0   0  30  87  81  79  75  67  54  65  42  43  95  34  32   0
   0  83  69   0  89  94  47  23  83  34  37   9  15  17  42  44   9  99  89  57   0
   6   0  49  75  87  89  95   0   0  99   0  90  79  45  83  62  52   0  98  17
  41  10  63  91  69   0   0  46  12   0  24  39  71   0  72  85  70   0  74
  70  93  67   9   3  31  18  39   6  19  45  55  53  58  60   0  35  48
  12   0  91  90   8   0  62  85  52  43  91  83   0  65  24   0  14
  76  50  57   0  12  17  54   0   0  75   0  98  36  62   0   0
  51  90   1   0  61  12  28  79  89   0  55  82   0   0  65
  10  97  69  29  15  98  98  80  99  25  83   0  50   6
  43   3  58   0  50  54  72  61  83   0  78  10   0
  58  29  29   0  59  31  84   0   4  33  50  56
  62  60  55   0   0  37  80  44  92  46   0
  12   0  29  50  67  63   0  95  70  76
  73  94   0   3   2  44  41   0  35
   9  24  42  94  63   6  20   0
  49  35  88  67  56  14  51
  82  63  84  52  84  59
  83  10  51  74  88
  35  17   0  58
   0   7  54
  52   0
  54

  28
  10   4   1   8   8   6   7   1   1   3   1   6   2   3   6   6   4   2   8   6   2   7   9   4   3   2   8   5   5   1

