  30 
   7   0   6   4   0   2   9   6   6   5   8   8   5   1   4   1   9   0   7  10  10   0   7   4   4   9   4   0   2   2
   0   4  11  78  98  62  33  15  18  88  73  72  17  24   0   0  30  79   0  80  20  65  50  75  28   0  92  58  18
  29  43  83  21   0  42  52   0   9  95   0   0  28   0  10  52  35   0   5  19   0   0  77  90  98   6  29  60
   1  43   3  23  89  12  19  99  34  66  89   0  45  54  77  48  76   0  31  12  23  35  98  80   0  47  84
  47  26  40  23   0  66  87  54   3   0  78  74  37   2  50   9  26   0  49  47   3  45  27  55   3   3
  50   0  87   0   0   0   0  66  23  71  84  23  17  57   0   0  50   0  19  64  24  61   0   6  48
  27  34  91  82  90  62  40  50  40  30  80   0  18  80  73   6  13  93  62   0   9   0   0   0
  34  99  60  68  93  72  50  78  56  52  64   0  68   6  46  30  63  20  88  18  64   0  25
  77  51  23  73  52   0  27  55  23  53  63  12  74  69   0  29  98  41  22  36  48  56
   0  28  87   0  10  94  76  41  71  46  61  24  66  27  22   3   0  79  89  80  28
  80  59   5  38  72  63  31  13  42  24  70  46  40  75  82  68  57  55  24  66
   0   0  10  11  69   5   0  47  95  99  32   0  72  61   0   0   0   0  64
  97  57  50  65  58  62   9  24   0   0  77  72  19  35   3  31   0   0
  47  10  90  66  31  41   9  87  91  13  66  59  10   9  64   0  32
  66  23  87  63  21  30  11  39  97  74  43  39  30  35  57  72
  89  38   0  65  43  44  70  60  83   0   1  94  99  47  53
   0  93  82  43  18  14  39  60  14  54   0  26  43  75
   0   4   0   0   0  37  37   0  37   7   1  33  42
   0  60  80  44  24  14   9  75   7  22   0  61
   0   0  73  67  82   3  26  79  60  75  20
  20  79  91  18  84   0  71  47  42  41
  99  55   0  66  51  40   0  20  24
   0  33  77   0  73  59  11   0
  60   3  60  24   0  70  40
   0  39  51   0  23  14
   0   7  73  52  35
  58  21  40  27
  73   0  37
  77  53
   5

  64
   7   9   7   8   6   6   1   4   7   9   1   7  10   4   6   1   5   7   1   4   7   4   6   6   2  10   3   1   7   3

