  30 
   0   2   3   9   0   5   0   8   5   7   6   6   6   4   7   1   4   5   4   1   1   7   0   1   7  10   5   8  10  10
  16  13  99  80  86  72  66  61  78  86  27   0  41  88   0  71  42  22  95  96  81  20  42   9  16   0  62  58  47
  20  94   0  72  82  70  55  42  87  67  81  85   0  48  95  43  79   7  95  81   1  57  28  10  72  89  12  50
  82   3   0  33   0  31  18  50  32  60  16  51  97  47   9  41  90   0   0  49   4  32   0   0  70  60   0
  58  50  79  13  51   0  41  37  79  23  84   0   6  15  39  58   0  58  91  29  91  19  53   8  94  25
  94  50  67  12  15  26   1  66   0  99  41   0  76  29  21  59  98   0   6  70   0  63  16  98  30
   0  65  35  79  24  91  98  12   0  83   0  99  95   0  41   5   3   9  85   5  70  79  38  67
  40  11  15  77  63  47  94  56  77  25   0  81  22   0   0  77  90  74   8  57  90  12  78
  90  41  64  61   3  97  47  75   0   0   0  99  36  92   0  28  89  44  73   2   0  86
  44  36   6  91  39  12   0  87   3   7   0   0  84  43  98  68  66  34  50  21   0
  35  41  30   0  67  90  33  67   0   0  53  40  36  32   0  45  76  31  55   6
   0  12  61   0  14  50  93  68  58   6  17   0  55  11  13  84   0   0   0
   0   4  59  65  43   0   0   9  81  86   0  69  76  90  46  71  17   0
   0  40  91   9   0   0   0  54  32   0  28  83  62  61  12  98  39
  31  69   0  24  85   0  67  23   0  59  42  82  71   0  61   0
  26  31   0  50   2  46  32   0  35  92   7  44   5  10  15
   0  40  24  47   0   0   0   0  81  27  54  83   2  98
  30   0   0   3  69  85  80  61  36  30   0  60  66
   0  59   0  86  38  15  24   0  60  99   7   0
  12  53  25  68  38  41  51  87  56  77   0
   0  15  29  53  57  52  90   8  35   0
  58  93  21  36  99   2  60   3   0
  44  32  20  85   0  12  22   0
  57   2  40  32  62  29   0
  88  10   0   0   0  57
  29   2  66   0  66
   0   0   0  47
  26  26  59
  23  93
  88

  69
  10   2   4   5   5   5   8   5   1  10   7   7   8  10   5   8  10   6   6   3   8   7   1   1   5   9   8   3   9   3

