  30 
   1   0  10   0   6   3   4   0   0   5   0   0   5   0   6   0   0   0   0   3   5   7   0   6   0   0   0   4   0   3
  46  11  87  40  60  21  39   0  31  31  62  64   0  27   0   0   0  19   0   6  45  30  59  21   0   0   0   0   0
  10  71   0   0  66  54  44   0   1  36   0   0   0   0  42  60   0  29  54  14  21  79  47  53   0   0  10  11
  26  84  92   0  22   0   6   4  19  65  30   0   0  30   0   0  99   0   0   0   0   0  90   0  55  34  59
   0   0  49   0  44  23   0   0   0   5  65  57   0  86   0   0   0   0  73   0  25  54  70  36  75  40
   8  88  10  65  24   0   0  64  43   0  29  87   0  81   0   0  75   0   0   0  64  63  96   0  93
  45  74   0  84   0  30  60   0  82   0  50  45  73  29  75  95  54  57   0   7   0   0  71  31
  79   0  80   0  95  98   0   0  36  50  96   0  66  83  54   0  10   0   0   0   0   0  96
  10  47  66  12  46   0  72  43   0  56  35  80   8  88  54  60  77  55  72   0   0  53
   0  42   0  33   0   0  42  17   0  70   0  13   0  36   0   1   0  75  92  59   0
  72  48   0  50   0  45   0  87   0  69   0   0   3  28   0   0  82  36  29   0
   0  47   0  72   0  58  54  49   0  94  22  98   0   3  65  87  40  19  76
  64   0   0  74   0   0   0   0  45  92  26   0  47   0  54  55  18  27
   0  96   0  74   0   0  50  77  38   0   0   0  30  88  15   0  44
   9  93  38  75   0  52   0   3   0   0  48   0  68  88   0  99
   6   0   3   0  85  26  57   0  34   0   0   0   0  46   0
   0   0  87  32  68   6  56   0   0   9  29  21   0   0
   0  21   0  37   0   0  87   0  99   0  27  37   0
  85  33   0   0  31  84   5   0  38   0   0   0
  49  20   0   0  87  77   0  76   0   0  58
   0  23   0   0   0  11   0   0  29   7
   0  15  69  41  55  23  85   0  30
  20  85  96  51   0  47  14  28
  48  51  92   0  81  34  28
  61  13  32  25   0   0
  51  99   0   1  81
   0  35   0  48
   0   0  74
   0   0
  42

  59
   9   5   1   7  10   5   7   9   2   4   3   6   4   1  10   7   5  10   7   2   2   1   7   8  10   5   3   7   2   6

