  30 
   0   3   0   0   4   2   0   0   0   0   8   8   5   6   0  10   0   0   0   0   7   0  10   0   0   0   0  10   0   0
   4  44  14   0  96  95   0  54  75  88   0   0   0  35   0  73  32  56  47  28   0   0   0   0  60  66  30   7   0
   0   0   0   0  50  77   0   0   0   0   0  86  52  94   9   0  77   0   0  90   9   0  85   0  63  53  19  30
   0   0  67   0  97  70  18   0  14   0   0  46  64  32   0  60   0  19  46   0  80   0   0   0   0   0  41
   0  50  66  35   0   0   0  91  67  91   0  72  58   0   0  25   1   0   0  41   0  68  39  38   0  20
   0  20  20   0  99   0  82   1   0   0  56  97  60   0   0   0   0  91  39  53   0  61   0  92  34
   0   0   6  38   0  13   8  71   0   0  50  41   0   6  27   0   0  20   0   0   0   0   0   0
   0  26  42  46  45  33   0  85   0   0  69  29   0  78  88   0   0  92   4  42  23  78   0
  14   0   0  16   0  26   0  55   0  16   0   0   2   0  11   1   0   0   0  37   0   0
   5  34   0   0  20  83  34  27   0   0  77   0   5  82   0  99  30  45   0  92  44
   1   0  91  21   0  69  78   0  86   0   0   0   0   0   1   0  46  66  46   0
  77  76  33   0  98  81   0  98  68   0  71   0   0  29   0   0  80   0  75
   0  92  25   0   0   0   0  40  41  79   5  97  81  51   0  99  63  37
  59   0  29  47   0  25  69  23   0  99  43   0  50   0  36   0  32
   0  58  47   0  65  37   0  43  10   0   0  85  64  34  56   0
   0  29   0  47  51   0  40   0  95  88  71   0   0   2  14
  10   0  82  69   0   0   0   0  15  14   0  80  98  20
  24  94  31   0  55  91   0   0  69  86  62  24   0
  21  77   0   0   0   0   0   0  22  37  63  88
   0   0   0   0  52   0  32   0  75   0  35
  18   0   0   0   0  49  44   0   0   0
   0  23   0   0   0  38  98   0   0
   0  99   0   0  91  91  17   0
  97  71  89  65  51  37   0
  28  86   0   0   0  71
  17  71  83  67   0
   0   0  35   0
  60  34   0
   0  24
   0

  43
   6   2   3   4   5  10   7   8   2   5   9   5  10   2   5   4   4   9   8   4   6   4   6   6   7   7   4   7   4   9

