  30 
   7   1   1   5   0   0   2   5   0   4   0   2   3   8   0   9   0   0   0   1   9   0  10   6   7   0   0   4   4   2
  16   0   0  82  34   0  52   0  52   0   0   0  35   0  31  60   0  79   0  93  81   0  89   8  58   2   0   0   0
  64  91  41   0  14  21  97   0   0  87   0   0  57   0   0   0  48  91   0   5  94   0   6  97   0  49  82  85
  32  32  88   0   0  72  88   0  27   0  91   0  72  90  19  61   0   0  14  29  26  31  32  42  53  61  34
   0   0   0  24   6   0  46   0  94  58   0  61   0   0  31  71  21   0   0  34   0   0  19  13  48  44
  84   0  32  53  38  75   0  27  32   0  30  34  77  31   0  52   0  14  89   0   0  30  41   0   0
   3   8  53  97  82  23  29  85  24   0  35  76  77  81  54  27  34   7  54   0  94   0   0   8
  46  26   0  95  25  44   0  33  74  97  47   0  78   0  61  81   0   0   0   0  79  89  97
  80  37  10  92  64  90   0   0   0  15   0   0  16  64   0   3  78  46  60  43  54  87
   0  84   0   0  57   0   0  40   0   0  63   0  28  80   0   0  17  83   0   0   1
  15   0  35   0   0   0  86  64  62  94   0  38  44  68  85   0  41   5   0  11
   0   0   0  11  85   0   0   0   0   0  37  53   0  97  51  84  65  43   0
   0  96   0   0  35  74  28   1  75  83   0   0   0   3   0  57   0  52
   0   0   0  13   0  98  29   0  66   0  98  68  61   0  53   0  99
  43   0  76   0  30  76  62  89  27   1   0   0   0   0  59   0
  27   0   0   0   0  94   0   0   0  24  99   0  47  30   0
  29   9   9  99   0  84   4   0   0   0  91  63   3   0
  34  62   0  81   0  51  23  58   0   0   0  81  32
   0  49  16   0   0  98  78   0  83   0   0  19
   0   0  58  96  22  27   0   0   0   0   0
  56  64   0  89  94  45   7  46   0   0
  56   0   0   0  51   1   0   0   0
  34  80   0   0  45  43  78  81
   0  45  44  37   0  52   0
   0   0  53   0   0   0
   0   0   0  50   0
  96  52   0   0
   0   2   0
  94  71
   0

  49
   7   3   1   6   7   7   1   4   4   7  10   9   9   6   3   1   3   2  10   2   1   5   2   3   5   6   9   5   2   4

