  30 
   7   0  10  10   8   2   3   0   6   0   0   0  10   0   0  10   2   0   7   7   1   0  10  10   4   0   8   1   0   0
  75  52  98   0   0   9   3  15  40   0   0   0  51   0  76  65   0  64  26   0  67   0  46   0  78   0   0   4  28
  65  67  41  55   9   0   0  12  11  64  29   0  57  67   0  73  31  20   0   0   0  36  99  58   0  40  87  92
  92   0   0  51   1  64   0  74  98   1  25  96  22   0  59  50   0  12  37  31   0   0  62   0  30  72  95
   0   0  17   0   0   0  89   0  14  60  86   0   0  99   0   0  50   0   0  95   0  48   0  74   0   0
  11  63  43  87  66   0  20   0   9   0  29  77   0  48  99   0  25   0   0  28  65  98  77  18  54
   0   4  78  67  43  88  60  54   0  62  99  22   0  94  29   0  19   0   0  93  93  55   0   0
  77  88  16   0   0  55  10   0  70  63  94   0   0   0  53   0   0  13   0  74  34   0  83
  64   0  65   0   0   0  53  32  98  89  43   0  18   0   0  59  67  66  85  30  93  53
  58  29   0   1  56   0   0   0  46  43  41   0  11   0  93  51   0  27  36  34   0
  65   0   0   0   8   0  33  41  79   0   0  79   0   0  36   0  95   0   0   0
   0  49  64   0  75  82  57   0  93  72  96  93  63  51  72   0   0   0   0
  21  26  84  42  17  60  64   0  63   0  84   0   0   0  57  41  42   0
  57  66   0   0  72  33  24  97  41   0  64   0   0   0  23   0   0
   0  24  24  70  93   0  38   0  35   0   7   0  96  60  20   0
  57   0  36  68  21  25   0  89   0  93   0  60   5  53   0
   0   0   0  14  91  33   0   0  97   0   0  95   7  64
  35  75   0  81  88  55  54  67  48   0  82   0  82
  87   0  61  76  63   0  12  86   0   0  14  37
   0  72   0   0  19  70  84  30  90   0  56
  48   0  38   0   0  92  83  37  41   0
  24   0  59  49  97  79  61   0   0
   0   0   0   0  82   0  46   0
   0  58  76   0   0  31   0
   0   0   5   0   1  80
  23  87  27   0   0
  20  26   0  76
  17  76  80
   0   0
   0

  40
   7   5   3   6   2   6   7   8   5   5   7   5   7   3   5   8   4   1   7   1   2  10   5   2   1   8   8  10   6   9

