  30 
   9   9   3   0  10   0   0   5   0   0   5   4  10   9   0   0   0   0   0   1   0   0   0   0   0   0   5   0   5   0
   0   0  65   0  94   0  67   0  74   0  84   0   0   0   1  19   0  35  99   0  81  25  87  59  65  96   0  99   0
   0   0   0  39   0  98   0   0   0  39  21  62  77   9   0   0  95   0   0  26  71  73  95  38  27  69   0   0
   0  97  58   0  62   0   2  71   0  51  68   0  90  16  62  39   0  85   0   4  58  49  16  99   0  24   0
  35  87  90  97   0  67  65   0   0  63   0   0   0  78  76   0   4   0  92  47   0  13   0   0  21  94
  25   0   0  80   0  53   0  38  85   0  73   0  56   0   0  14  58   0   0  10   0   0  68   0  14
  18   0   0   4  26   0  34   0  50  36   0  79  54  85  53   0   0  25  63   0  60  99  51  34
  70   0  28   0   0   0   0   0   0  84  27  72  96  37  87   0  41   0  82  84  75   0   4
   0  72  56  67  46  51  61  40   0  32   0  11  57  29  96  33  69   0  69  97   0  73
  64   0  87   2  99   0  27  17   0   0  60  96   0  70   0  93   0  12  39   0   0
  60  19   6   0   0  52   0  19  32   0  85   1  27  55   0   0  55   6   0  69
  72   0   5  87  96   0   0  23   0   1  21  41  82  16   0  73  22  95  68
  99  64  64   0   0  90   0  97   0   0  41  47  59  10   0  11   0   0
  29   0  68   0   0  31  86  79  13  99   0   4   0  73   0  10   0
   0   0  25   0  63  96  33   9  81   0   0   0  39  73  81  39
  57  70   0   0   7  78  36  85   0  79  45  50   0  64   8
  38  73   7  62  62  72   0  98  29   0  16   0  29   0
  27  22  42  26  37  30  88   0  28   0   0  16  78
  58  47   0   0   0  12   0   0  47  57  71  94
  30  80  85  34  32   0   6  41   0   0  18
  15  60   1   0   0  23  12  94  56  73
   0  25   0  60   0   9   0  24  28
   0   0   0   0   0  16  80  56
   0   0   0  23   0  11  44
   0  66   7   0  98   8
  26  79   0   0   0
  20  35  38  73
  71  39   0
   0  64
   0

  49
   9   9   1   2   6  10   3  10  10   3   1   1   3   6   5   4  10   7   1   2   1   9   6   7   3   4   4   6   4   8

