  30 
   0   0   0   0   5   0   0   5   0   0   1  10   5   0   4   8   0   1   0   6   0   6   0   0   0   3   0   0   4   1
  37  14  82  38   0   0   5  28  86   0   0   0  22  82   0  79   0   0   0   0  95   5  60   0  24   0  93  66  23
  48  75  38  54  11   0  71   0  30   0   0  50  52  75  10  43  28  75   0  79  66  73   0  58   0  63  41  28
   0   0  70  85   0  45  94  74  27   0   9  14   0  53   0   0   2   0  41  34  72  67   0  30   0  33  32
  93  23  10   0   0  93   0  16  46   0   0   0   0  92  49  87  84  87   0  30  46  66  17   0   0   0
   0  87  28  22   0   0   9   0  79  13   6  27  63   0   0   0   0  46  78  36  37   0  79   0   0
  64   0   0   0   0  15  27  25   0  72  58   0  20   0  86  69  32   0   0  70   0  22   0  20
  23   0  33   0  17   0  33   0   0   0  48   0   0  43   0   0   0   4  55   0  51   3  63
  55   0  87  75   0   0   0   9   0  29  16   0   0   0   0  91   0  76  12   0  25  66
  53  18   0  21   8  67   0  66  29  78   0  56  14  52  67   0  15  30  27   0   0
  61   0  28  95   0   0   0   0  98   0  63   0  61   0  72  31   0   0  41   0
   8   0   0   0   0  40   0  97   8  55  92  12  62   0   0   0   0  14   0
  58  79  46  93   0   0  36  57  89   0   0   0  35  69   0   0  80  62
   0  46   0   0   0  61   0  46   1   0  38  21   6   0   0  62   0
   0   0  26   0   0  98   0  54   0  67  42  40  86  74   0  72
   0  16  17   0  95  39   0  64   0  27  73   0  63  33  79
   0  51   0  59  13  44  87  82   0   3   0  33   0  49
  15   0  38  49  93  30  97  17   0  27   0   0   4
   0  65   0   0   0   0  18  55   0   0   0  15
  43   7   0  97  95  61  14   1  81  10   1
   0  38  52  43  55   0   8   0   0   5
   0   0   0   9  59   0  33   0  55
   0  26  20  98   0   0   0   9
   0  58   0  67  57  93  19
  58   0   0  17  62  83
  76  74  29   0   4
  46   0  17  71
  92   0  62
  69   0
  84

  58
  10   6   8  10   3   7   1   2   8   9   2   2   6   9   6   2   5   5  10  10   6   8   7   6   6   5   9   7   1   2

