  30 
   4   6   8   5   0   9  10   1   6   0   5   1   6   0   0   9   4   6   0   4   3  10   3   6   0   0   8   9   0   0
  80   0  63   0   4   0   0  39  31   0  95  48  48  93  35  72   0  58  33   8  99   0   0  43  51  50  43   0  40
   3   0  54  13   0  55  60   0   0  56  45  27   8  89   0  89   0  11  81   0   0   0   0  72  18  57  18   9
   0  53   0  86   0  57   0  50  10   0  58   0   0   0  14   0   0  43   0  72  36  45   4  91  47   0   0
  63  31   0  46   0  24  70  67  38   6   0   0  89  52  38   0   0   0  10   0  75  19   0  78  75   7
   0   0   0  53   0  72   0   0  49   0   0   0  17   0   1  19  77  58   0  23   0  30  90  77   0
  47   0  31   0   0   0   0   0   0   0  39   0  40   8  35  38  70  85   0  71  29   0  16   0
   7  59   0   0  32  29  97   2   0  11  88  44  15   0  22   1   0  55   0  67   0  12  53
  84  68  78  43   0  58  39  61   0   0  35  98  69  50  10   0   0  10   0   0   0  87
   0   0  48  80  28  92   0  76  80  24  81  17   7   0  88   0  66   0   0  59   0
  59  66  75  23   0  41   0  73  81  11   0  67   0  88  76   0   0   0   0  72
   0   0   0   0  64   0  79  15  85   0   0   0  80  41   0   0  24   0   0
   0  67  15  24  91  41   0   0   0  36   0   0  32  30  90  28  68   0
   0   0   0   0   0  74  71  12  13   4   0  15   0   0   0   0  43
   7   0  61  31   0  49  52  80   0  15  33  93   0  72  64  99
  32   0   0  38  59   0  42  79  42  33   0  99   0   0  84
  69   0  42  26   0  97   0  72  54   0  43   0  97  28
   0   9  58  98  70  27  64   0  33   0  76  71   0
  38  85  21  47   0  11   0  42  29  14   0   2
  91   0  84  34  26  11  76  57   0   0   0
  83   0   0  81  23  14  71  52   0  43
  85   0   0  62   0  43   2  45   0
  99  11   0  71  13  85   0   0
   0  50  55  56   1   0  48
   0   0   0  96   0  83
   0  74   0   0   0
   0  77   0   0
  71   0  98
   0  88
   0

  34
   4   8   8   1   7   3   2   3   3   4   8  10   5   6   9   5   6   1   2   9   6   5   6   9   2   9   3   4   2   5

