  30 
   0   1   1   4   0   2   0   0   0   0   7   7   0   0   2   0   0   0   0   7   5   0   0   0   0   0   6   8   0   0
  17  23  57   0  62   0  36  26  19   0   0   0  47  64   0   0   0  43  55   0   0  89   0   0  26  88  17   0   0
  73  70   0   0  28  13  20  79   0   0   0  44   0   0   0   0   0  81   0   0   0   0   0  18   0  58  53   0
  41  25   0   0   0  51   6  50  88  86   0   0   0  49   0  14  87  30  84  66  13  19  64   0   0  33   0
  76   0   0   0  20  29  84   0  51  28  99   0   0  20   0  90  88  23   0  44  50   0  41  45   0   0
  55  34  31   0   0  59  67  27   0   0  43  39  79   0  80  44  39  31  89   0   9  95   9  55   0
  32  72   0  36   0   0  79  39   0  94   0  90   0   0  13  96   1   0   0   0  49   0   0  47
  64   0  60   0   0   0   0   0  85   0  80  27  36   0  61   0   0   0   0   0   0  52  58
   9  73   0   0  93  30  25  59  39  94  95  35   0  81  56  42  16  51   0  89  35  99
  93   0  41   0  99  94  28  36  78   0  72   0  14   4   0  85   0   0   0  63   0
  94   0  25   0  63  82  25  48   0   0  23  87  18  42   0  14  42  90  74   0
   0   0  59  12  39   0  79   0   4  33   0   0  71  40   0   0  80  41   0
  96   0  87  21  36   0   0   0  19  76  22   2  44  74   0  91   0   0
   0  95  76   0  14  22   0   0   0  95  86   0  41   7   0   0  68
  27  38  90   1  95   0   0   0  46  37   0  81   0   0  51  86
   0  38   0  68  46  72  68  96  56  67  66   0   0   0   0
  25  33  11   0   0   0  40   0  99  23  77  29  58  72
   0  44  45   0   0   2  48   8   0   0   0  23   0
   2  66  81   0  32  49  10  28  34  87   0  71
   3   0  10  62  38   0  75  40  51  80  91
  87   5  46  17  42   0   0   0  19   0
  50   8  37  13   0   0  81   0  18
   0   0   0  41  12  92   0   0
   1  39  63   0  26  19   0
  39  95  13  86  54   0
  90  77   5  25  86
  15  71  11  47
  11  18   0
  77  83
  25

  50
   2   4   6   2   5   8   3   9   3   7   2   9   4   6   1   6   3   2  10  10  10   8   2   4   3   2   2   5   4   1

