  30 
   4   0   7   2   9   6   4   0   9   0   5   2   0   0   8   0   9   5   1   0   0   0   9   3   2   9   0   0   9   7
  68   0  52  25  51   0  79   0   1  94  93   0   0   0   0   0  10   0   0  59  74  91   0   0  41   0   6   0  16
  18   0   4  39   0   4  40   0  85  37  48  99  30  63  93  28  58   0   0   0   0   7   0  49   8  24  79  53
   0   0   0  64  31  14  18   0  72   0   0  30   0   0   0   0   0   0   0   0  15  77   1  42  33   0  93
   0   0  98  96  37  28  29  96  16  16  72  95  82   8   0   0  20   0   0   0  35   9  78  60   0   0
   0   0  24   0   0   8  47  69  89  52  87   0  41   0   0   0   0   0  19  96  76   0  82  19  85
   0   0  54   9  96   5   0  57  99  31   0   0  89  99   0  41  30   0   3   0  15   0  61  77
   0  61  70   0   0   0  30   0  31  70  16  60  23  94  14   4  66  81  57  83  68   0  29
   0  24  26   0  70   0   0   0   0  67  25  94   0  32  13   0  28  86  67   4   0  80
   0   0  47   0  28   0  57   0   0  38   0   0   0   0   8   0   0   0  61   0  60
   0  67  41   0   0  17   0   0  44  69   0  58   0  24   7  76  42  91   0   0
   0  90  34  66   7   3   1   6   0   0   0  29  75   0   0   0  44  26  10
  61   0  99  61  37   0  90   0   0  21   0  38   0   0   0   0   0   0
  40  11   0   0   0   0   0  26  35  54  41  12  80  10  20  48   0
   4   0   0   0   0   0   0  53   0   0  59   0  63   0  67   1
   0   0  33  83  33   0  63  16   0   0   0  36  69  47   0
  60   0  54  70  69   0  54  26   0  88  57   0  62  23
  60   0   0   0   0   0   0  16  32  29  34  29  22
  23   0   0   0  24  40  37  32   0  17  60  23
  25  91   0  29  94   0  70  67  24   0   0
   0  91  37   0  76   0   0   6  74  60
   0  28  68  37   0   0   0   0  18
  50   6   0  40   0   0   0   0
   4  99   0  73   0   0  35
   4   0  49  78   7   0
   4   0  10   0   0
  45  53  48  13
  49  86  24
  79   0
   0

  42
   4   8   6   8   8   3   7   3   2   2   3   5  10   7  10   8   8   2   4   6   2   6   1  10   4   8   5   4   9   5

