  30 
   0   0   0   0   3   9   1   6   9   8   0   1   0   6  10   1   5   8   5   0   0   0   0   0   9   8   0   5   1   0
  90  45  71   0  73   0   0   1  95  58   0  58   0  51  33   0   0  59  81  74   9  67  43   0  25   0  70   0  45
   0  39  40  37  85   0  38  97   0   0   0  71  95   0   9   0  83   0  64  11  11  16   0   9   5   0   0  97
   0   0   2   0   0  10  26  70  15  36  31  61  33   0   0  56  77  66   0  86  48   0   0  30  75   0  64
   0  35   0   0   0  40   0  35   0  28  30  32  79   0   0   0  38   0  45  24  45   0  10  82  78  69
  45  25  64  56   0   0  58  65   0   0  29  91  97   0   0  10   0   0  57  19   0  67   0   0   0
  69  53   0  90   0   0   0  17  73  86  52   0  88  28  41   0  62   0  14  76   0  74  62  67
  39   0   0  42  70   0   0   0  10   6   9  76   0   0   0  12  85   0  44   0   0  45  61
  92  67  95  93   0  77   0  48  81  95   6  76   0  40  24   0  67   0   0  60  52   0
  89   3   0   0   8  20  45   0   0  64  25   0  71   0  61   0   0   0  26   0   0
   0   0  58  34  80   0   0  69  41  13  93   0  54   0  26  48  74   0  56   0
   0   0  90   0   0  53  67   0   0   1   0  27  58  59  35   8  78   0   0
   0  50  45   0  52  57  54   8   3  15  39   7  33  98   0  93   0  70
  56   0   0   0  98  87  12   0   3  15  71   0   1  97  75  45  29
  36   0   0   0  63   0   0  85   0  45  53  52  39   0   0  65
   0  94   0  17  37  27  74   0   0   0   0  13   0  45  35
  27   5   0  98  24  65  93  39   0  46  89   0  18   0
   0  27   0  18   0  59   0   0   0  68  91  48   0
   8  92  50   0   0  27  87  98  50   0  54   0
  79  22   0  80   0  36  38  27   0   0  27
  28  98   0  54   0  15  48  20  83   0
  95   0   9   0   0  63  46   0   0
  88  24  84  33  38   0  26  35
  63   0  56   0  32   0   0
  58  84   6  31   0  44
  74  84  22  18  39
   0  51  24   0
  73  34   0
   0  93
  38

  44
   2   2   8   8   9   3   9   6   5   1   8   2   9   2   4   1   4   8  10   4   1   1   7   9   4   3   8   3   8   6

