  30 
  38  49  45  17  12  32  23  36  32  30  35  45  37   3  50   1   8  21  18  30   7   6  22   4   7  34  12  43  19  28
  14  43  21  23  39   3  17   4  36  10   2  13  38  11  34  36  32  41  30  35  13  44   4   8  12  41  32  27  14
  27  16   4  12  20  33  17  12  48  37  32  40   3  15   8  21  39  32  26  23  34  26  21  37  28  28  46  37
  49  37  41  16  28  15  23   5  41  28  41  16  27  17  19  47  40  49  26  13  44  34  29   1  32  30  16
  48  31  15  29  27  50  37  28   3  28  15  45  31  22   7   8  42  38  34  37  37  24  43  11   1  39
   8  12  22  28  18  36  32  46  38  19  28  16  26  37  20   2  47  27  36  35   3  44   5  17  32
  32  46   3   1  13  19  12  22  49  46  30  27   5  18  49  41  43   1  42  34  49  15  20  48
  50  50  21  39  28   8  23   8  20  30   7  31  38  12  22  43  36  31  40  30  44  38  12
  38  38   3  20   3  20  35  40  24   5   4  31  39  36  28  10   7  16  39  49  44  36
  28  38  31  47   7  21  31  21  18   3  37  28  40  36  22  20  39  14  46  21  17
  37  33  28  28  20   6  19   3   9   9   6  18   6  34  15  35   5  41   4  31
  12  34  16  34  11   4  16  26  26  34  24  17  41   7  25  44  41  50  31
  16  21  31  28  16  45  49  45  13  35  25  27  48  39  12  11   5   7
  20   9  15  15   4  11  24  14  21  16   6   6  50  15  46  12  39
  28  16   9   6  26  20  29  28  44  14   6  40   8  22  31  38
  11  37  16  48  31  45  12  33  49  15   6  26  25   5  22
  45  31  23  29  34   6  40  47  41   8  14  44  14   7
  26  40   4   8  23  33  15  35  34  39   8  14  28
  22  13  40   6  43  29  37  42   5  34   5  23
  37  17  47   1  39  29  41  38  18  48  22
  16  11  17  29  45  15   4  33   4  33
  24  24  49  18  20  21  18  38  12
  36  19  38   8   2  20  35  50
  21  36  23  34  47  41  30
  29  30  12  14  42  33
  48  14  50  21  41
  35  50  24   3
  16  34  18
  19   4
  18

  69
   7  11  12  20   2   1  23  14  12   5  15   2  22   2  10   9  12  23   8  10  24   4  24  23   5   1  17  15   4  22

