  30 
  43  28  39  16  39   6  12  12  36  31  50  21  28  28   2   2  12  11  12   5  12  16  49  11  12   7  49  17   8  38
  33  17  12  16  30  30  45  43  40   5  49  10  35   7  38  35  29  46  40  31  10   2  12  23  35  42  32   4  18
  40  21  33  35  40  28  47   5  19  42  42   5  25  50  10  27  15  32   4  42  16   4  23  15  16  29  34  18
  47  28   6  21  31  23  40  39   5  33  28  43  13   4  16  36  36  43  31   7  21  41   2   8  49  49  20
  23  13  17  34  32   9  25  24  22  19  38  16  40   3  44  24   4   2  48   5   9  21   8  42  42  44
  27  31  49  24  28  32  50  31  21  48  46  36  22   8  28  30  23   8   7  10  27  14   7  44   3
  28  42  18   3   8   2  30  43  44  43  34   5  31  16   9  21  24  49  40   9  38  39  45  17
  39  44  26  22  32  29  48  45   8   4  31  34  35  43  45  11   2  23  17  19  27  17  16
  36  12  39  26   7  25  46  23  28   6  37  17  15  21   4   8   4  26  19  14   8   5
   5  14   1  47  48  41  46  35  46  35  36   2  38   3  21  11   1  41  11  30  10
   3  11  38  22  36  12  17  37  26   2  16   4  26  17  32  17  23  10   1  27
  46  49  30   3  45   6  22  32  31  15   6  11  45  38  46  29  23  20  16
  46  36  28  35  35   1  29   7  32  11   2   3   1   2  50   2  36   3
   4  17   6   9  38  17   4  49  14   3  49  16  35   2  25  37  20
   8   8  16  30   7  12  21  30  40   8  30  35  41  29  43  33
  28  33  23   7  41  47  49  28  39   3   1  37   9   9  17
  12  40  39  38  38  23  18  48  46  15  45  43   6  39
  49  20  21  16  40  25  18  38   9  20   7   3  47
  17   1  12  32  22  23  31  26   6   5   3  33
  50  23  42  28   2  16  46  44  34  40  11
  18  40  26  44  25  32  45  28  17  48
  14  18  39  23  14   9  22  10   5
  31  28  29  21  49   6  14  20
  45  48  19   4  20  50   9
  31  44  11  21  20  33
  18  23  36  34  27
  35  47  25  18
  43   8  16
  46  13
   8

  75
  22   9  21   4  20  19  12  24  18   5   1   2  15   2  16   5  20   6   9  13  18   2  24  18  21  15  10   4  12  15

