  30 
   4  39  24  17  48   3  41  13  41  36  33  22  13  27   5   3  23  38  47   6  27  33   2  28  23   4  20  12  33   5
  22  12  47  49  15  37   2  24  45  44  42   5  26  48  41  32  24   5   9  20   5  19  27   2  32  43  33   9  29
  21  32  42  32  29  19  10  42  12   5  11  38  22  19  17  40  16  31   9  27  29   9  28  18  41  34  13  27
  40  11  37  28  38  38  23   2  32  44   1  44  38  29  15  11  23  28  40  44  24   2   3  25  32  42  31
  22  24  18  43  41  26  48  11   7  50  35   9   7  16  17   3  27  27  25  36   4  16  41   3  21   7
  16  20   2  17  45  23  33   4  38   9  29  29  11   3  43  37  26  23   2  11  24   3  12  47  48
  23  35  49   8  49  15  15  38  33  34  45   8  28  15  28  26  37  42  35   8  21  36  46   4
  18  31  35  41  41  18  49  20  35   3  30  37  32   6  42  48  29   4  22  48  46  24  23
  31   9   8  39  14  36  21  42  35  11   4  38  14  44   7   5  47  45  26  45  37  44
  12  17  38  48  29  32  27  12  47  48  35   3  33  38  18  44  26  44  42  49  43
  34  14   3   9  15  21  16   2   9  39  39  23  11  34  17  32  10  47  44  20
  13  32   5  42  14   7  37  45  46  26  21  50   4   1  39   4  34   9  39
   3  17  21  50  22  12  38  32  23  12   7  50   8  27  25  35  49  44
  21  36  41  48   3  30  13  20   3  24  32  35   8  31  38  36  33
  17  43  33  29  20  43   6  33  35  43  29  26   6  40  18  24
  15  22  34  26  10  50  24  15  16  30  46  10  26  14  10
  47   7  18   7  43   8  23   3   9  30  12  44  41   2
  44  27  10  33  25  10  23  45  12  29   4  34  38
   6  26   7  31  29  10  18  43   7  50  48  50
  23  34  29  29  29  43   5   5  15  27  44
  21  49  43  27  36  15  24  23  44  31
  43   1  14  32   1  30  31   5  46
  22  49  12  48  42  27  21   7
  38  21  14  47  15  19  18
  36  23  12  36  25  32
   5  42   7  11  50
  36  42  28   3
  50   7  13
   1  30
  37

 218
   5   6  17   2   7   6  16  16  10   6   1   1  25   3  25  19   6  17  10  18   7  22  25   7   2  15  24   4   4   2

