  30 
   2  47   9  33  22  46  45   4  24  20  27  31  49  35  38  19  38  43  48  32  25  14  44   8  39  12  26  37   5  36
  16   5  33   3  35  11   9  28  26  46  44   7  10  49  24  16  10  21   6  21  23  16   8  48  42  43  32  49  26
  15  14  50   8  40  21  33  44  22  37   8  50  31  41  16  37  23  30  16  39   2  50  27   9  12  18  50  35
  39  49  49  10  38   1   1  25  45   8   5  36  41  49  15  15   8  15   6  47  16  34  45  39  28   2  44
  14  13  17  41   7   8   3  46  19   4  11   3  39   6   5  48   6  40  20  47  29   2  21  27   9   5
  42  32  26   2  24  42  10  26  10  17  40  38  46  29  22  42   1  13  12  19  15  30  43   5   8
   8   2  27  23  33  37  26  14  35  36  42  49  19  48  41   1  11  25  20  18  25  45   4  14
   4  34  17  13  38  28   9  24  22  12  37  37  50  46  34  25  40  41  46  18   2  32   6
  14  50  13  20  13  50  33  48  34  27  44   9   5  32  48  38  15   8  33  25  32  38
  20   8  31  47  49  25  39  41  22   3  35  44  16  48   2  48  39  34  20  13  13
  45   5  34  10  26  18  15  41  21  41   2  10  38  22  45  21  19  25  12   3
  50  10  34  36  35  24  50  42  28  34  26  35  35   7  31  26   7  18   9
  10  11   5  32  16   9  29   9  33  21  31  25  24   7  46  21   5  11
  26  31  45  33  42  27   2   8   5  12   2  14  46  35  46  12  23
  22  12  31  20  10  12   7  48  18  44   4  44  28  22  31  10
  43  23  16  22  23  15  46  17  19  33  46  40  47  31  12
  43   5  29   3   8   2  30   3   7  44  18  28  10   7
   4  16   4  14   3  29  39  45  20   3   4   4  48
   8  13  32  38  19  29  37  14   9  10  15  31
  19  31  31  37  41  47  37  36  44  46  48
  36  39   7  39   9  43  12   7  22  41
  46  36   1  14  36  35  46  14  48
   6  29  48  44  10  48  13  34
  15  16  31  22   9   1   8
   1  18  12  18  50  31
  48  22  28   7   3
  19  10  46  31
   8  32  30
  27  12
  40

 171
   8  23   4  14  18  17  18  22  16   7   6  11   2  20   6  13  21  16  19  25  10   5  24  25   6  10   1  15  17   4

