  30 
  49  10  30  16  19  29   2  37  39  35  16  46  22   2   3   2  17  50   3  31  20  25  25  21  18  31  35  40  46  47
   3  38   6   8  24  10  24  35  41   1  47   8  31   2  39  33  27  50  49  24   8  11  19  37   9  42  33  32  23
   6  27  13   9   9  24  28  49  41  48   1  23  48  34  13  32  40  31  31  10  47  31  26  40   3  33  23  48
  42  20  22  25  35  30   8  20  18  39  14  19  50  42  16  24  29  36  35  50  47  47  28  16  17  21  25
  47  42  16  38  38  19  12  17  40   9  12  38  50  35  30  37  15  13  11  20  30  19  26  22  32   2
  47   1  25  21  35  27  15  19   5  30  13   7  17  32  35   7  50  42  31  36  50  33   8  20  27
  25  39  34   6   4  34  47  17  38  39  39  30   4  15  18  48   6  44  37  35  30  12  21  35
  29  37  30   6  37  49  24  33  45  29   4  36  35  25  19  30  15  14  45   9  13  45  19
  33  35  22  31  10  31   8   9  31  10  21   2  40   7  31   5  50  35  46  30  21  25
  35  39  18  46  38  12  12  48  21  16  36  27  35  21  19   3  14  17  27  40   2
  18  36  45  15   1  15  16  18  42  46  27  37  43   1  50  48  42  30  49  22
  29  17  41  23  30   7  29  39  39  45  39   6  50  20  18  17   4  39   2
  23   2  24  43   5   6   8  18   4  36  30  26   5  16  37  44  18  48
  37  26  50   4  19  24  33  35   8  39  41  25  21  42   7  11   2
  37   1  24   5  39   1  14  31  37  49   3  31  23  35   6  29
  48  28  29  17  50  48  37  22  28  42  49  49  42  12  15
  30  48   2  48  39  41  45  50   4  23  29  45  49  20
  21  47  41  25   8  18  20  42  35  50   5  43  19
  11  38  35   5  50  16  24   9   8  27  50  42
  12  28  36   4  16   4  50  49  49  33   3
  19  20  34  12   6  50  35  26  31  14
   3   9  26  29   7  44  27  33   1
  27  40  21  35  47  41  44  39
  16   9  16  25  44  10  39
  34   9  11  29  47  32
  37  33  21  48  12
  36  45  27  36
  23  33  15
  24  21
  47

 229
  15   8   6  16  14  13  25   6   2   6  13   3   7   3  21  25  25  11  11  15  13  24  25  12  11   1   4  15  21   9

