  30 
   0   0   0  24   0   0   0   0  28   0   0  16   0   0   0   0   0   0   0   0   0   0   0   0   0   0   0   0   0  10
   0   4   0   0  27   0   0   0   0   0  29  34  34   0  41   0   0   0   0   0  30  25   0  13   0   0   0  18  35
   0   0   7   0   0  12   0   0   0   0  35   0   0   0   0   0   0  44   0   0   0  25  21  25  41  22  34   0
   0   0  17   0  33   0   0   0  41   0   3   0  28  12   0   0   0   0  28  19   0   0  44   7   0  49   0
   0   0   0   0   0   0   0   0  46   9   3  10   0   0   0   0   0  30   0   0   0   0   0   0   0   0
   0   0   0   0   0   0   0   0   0   0  45  31   0   6  33   0  34   0   0   0   0   0  15   0  22
   0   0  14  24   0   0   0   0   0   0   0  25  33  29   0   0   0   0   0   0  49  49   0   0
  30   0   0   0   0   0  31   0   0  37  35   0   0   0   0   0   0   0   0   0   0  20   0
   0   0   0  18   0   0  18   0   0   0  17   0   5   0  16   0   0   0   0   0   0   0
   0  14   0   0   0   0   9   0  44   0   0   0   0   0  12   0  13   0   0   0   0
   0   0  38   0   0   0   0   0   0   0   0   0  19   0   0  15   0   0   0   0
   0  23   6  42   0   0   0   0   0  42   0   0  35   0   0   0   0   0   0
  17   0   0   0  37   4   0  38   0  44   0   0   0   0   0   0  30  47
   0   0   3   0   0   0   0   0   0   0  27   0   0  37   0   0   0
  29   0   0   0  20  35   0   0  40   0   0   0   0  29   0   0
   0   0   1   4   0   0   0   0   0   0  44   0   0  26   0
   0   0   0   0   0   4  11   0  48   0   0  39  32   0
   0   0   9   0  45   0   0   0   0   0   0   0   0
   0   0   0   0   0   0   0   0  31   0   0  18
  12   0   0   0   0   0   0   0   0   0   0
   0  12   0  43   0  23  21   0   0   0
   0   0  37  22   0   0   0   0   0
   0   0   0  41   0  14   0   0
   0  37   0   0   0   0   0
  46  14   0   0   0   0
   0   0   0   0   0
  40   0   0   0
   0  17   0
  14   0
   0

 295
   3  11  25  17   1   8   6  21  21  25  19   5  19  25   6  10  11   1  20  25  19  23   1   2  20  14   4  13   9  11

