  30 
   0   0  35  20   0   0   0  31   0   0  40   0   0  28   0   0  23   0   0   0  45   0   0   0   0  16   0  32  39   0
   0   0   0   0  12   0   0   0   0   0   0   0  41   0  40   0  30   0   0   0   0   0   0  29   0   0   0   0   0
   0   0   0   0  27   0   0  12   0   0   0   0   0   0   0   0  20  14   0  32   0   0   0   0   0   0   0   0
   0   0  15   0   0   0   0  37   4   0   2   0   0   0  20   0   0   0  44  17   0   0   0  32   0   0  19
   0   0   0   0   0   0   0   0   0  16   0   0  13   0   0   2   0  48   0   0   0   0   0   0   0   0
   0   0   0   0   0   0   0   0   0   0  20   0  11  14   9  15   0   0   0   0  24   0  16   0   0
   0   0   0   0   0   0   0   0   0  34  35   0   0   0   0   0   0   0   0  25  46   0   0  41
   0   0   0   0   0  18   0   0   0   2   0   0   0   0  20   0   8   0   0  50   0   0  39
   0   0  46  25  19  35   0  27   0   0   0   0   0   0  29  50   0   0   0   0   0   0
  30   0   0   0   0   0   0  35   0   0   0  34   0   0   0  15  33   0   0   0   0
   0  33   0  42   0  25  41   0  43  16   0   0   0   0   0   0   0   0  31   0
   5   0  21  26   0   0   0   0   0   0  44   0   0  31   0   0   0   0   0
   0   0   0  43   0  31   0   0  23   0   0   0   0   0   0   0   0   0
   0   0   0   0   0  20  16   0   0   0   0  16   0   0   5  43  25
   0  19   0   4   0   0   0   0   0   0   0   0  26   0   0  49
   0   0   0   0  11  43   0   0   0   0   0   0  19   0  47
   0  47  23   0   0   0   7   0   0   0   0   0   0   0
   0   0   0  43   0   0  28   0   0   0   0  13   0
   0   0   0   0   0   0  44   0   0   0  22   0
   0   0   0   0  44   0  15   0   0   0   0
   0   0   0   0   0  28   0   0   0   0
   0  14   6   0   0   0   0   0   0
   0   0   0   9  31  17   0   0
   0  12   0  33   0   0   0
   0   0  16   0  12   0
   0  44  44   0   0
   0   0   0   0
   0   0   0
   0   0
   0

 177
  11  12   7  24   1  18   2  11  16  10  24   4   4  21  23   3  16   7   9  25  12  22   3  18   3  20  20   6  12  19

