  30 
   0   0   0   0   0  40  39   0   0   0  10   0   0   0   0   0  29  34   0   0   0   0   0  16   0  27  30   0   0   0
   0   0   0  23   0   0   0   0   0   0  17   0  44   0   0   0   0   0   0   0   0   0   0   0   0  38   0  39  29
   0   5  14  29   0   0   0   0   0   0   0  34   0  38   0   0  18   0  22   0   0   0   0   0   0   0   0   9
   0   0  50  38   0   0   0   0   0   0   0   0   0   0   0   0   0  13   0   0  36   0   0   0  22  33   0
   0   3   0   1   0   0   0   0   0   0   0   0   0   0  17   0   0   0  27  39   0   0   0  24  10  24
  42   0   0   8   0   0   0   0   0   0   0   0  39  25   0   0   0   0  44   0   0   0  50   0  32
   0   0   0   5   0   0   0   0  31   0   0  36   0   0   0   3  47   0   0  30   0   0  13   0
   0  24   0   9   0   2   0   0   0  39   0   0   0   0   0   0  45   0   0   2   0   0   0
   0  20  25   0   0   0   0   0   0   0   0   0   2   0  22   0   0   0   0   0   0   0
   0   0   0   5   0  29   0   0   0   0  11   0   0   0   0   0   0   7   0  13   0
  20   0   0   0   0   0   0   0   0  18   0  45   7   0   0   0   0   0   0   0
   0  14   0   0   0   0   0  20   0  39   0  12   0   0  36  37  18   0   0
   0   0   0   0   0   8   0   0   0   0   0  46   0   0   0   0  39   0
   0   0  32   0   0   0  40  25  28   0   0  48   0   0  36   0   0
  14   0   0   0  32  30   0   0  14   0   0   0  31   0   0   0
  27   0   0   0   0   0  22   0  10   0   0   0   0   0   0
   0  35   3   0   0   0   0   0   0   0   0   0   0   0
   0   0   0  17   0   0   0   0   0   0   0   0   0
  45   0   0   0   0   0   0   0   0   0   0   0
   0   0   0   3   0   0   1  42   0   0   0
  32  45   0   0   0   0  36  44  27   0
  18   1   0   0   0   0   0   0   0
   0   0   0   0   0  41   0  10
   0   0   0   0   0   0   0
   0   2  38   0   0   0
   1   0   0  39  24
   0   0   0   0
   0  27   0
  50   0
   0

 302
  19   3   3  16   9  10  18  22   1  10  24   6  16  11   8  15   6  15  19  13  19   6   2   3  14  13  25   1  21   2

