  30 
   0   0   0  33   0   0   0   0   0   0   0   0   0   0   0   0   0   0   0   0   0   0   0  41   0   0   0   0   0   0
  29   0  28   0   0  18   0  50   0   0   0   0  34   0   0  42   0   0  16   0   0   0   0  49   0   0  46   0   0
  35  26   0   0  13   0   0   0  35   0   0   0   0  11   0  44   2   0   0   0   0   0   0  36   0   0   0   0
  36   0   0   8   0   0  31   0   0  22   0   0   0   0   0   0  48  24  48  33   0  49  28   5   0   0   0
  35   0  22   0   0  21   0   0   0   0   0  34   0  33   0   0  19  44   0   0   0  37   0   0   0   0
  40   0  29   0   0   0   0   0   0   0  22   0   0   0  16   0   0  41  31  17   0   0   0  49   0
   0   0   0   0   0   0   0   0   0   0   0   0  41   0   0   0   8   0  32   0  12  49   0   0
   0  31   0   0  23   0   0   0   0   0   0   0   0  18   0   0  50   0  31   0   0   0   0
   0   0   0   0   0   0   0   0  38   0   0   0   0   0   0   0   0   0   0   0   0   0
   0   0   0   0  11   0  35   3   0   0  29   0   3   0   0  41   0   0   0   0   0
   0   0   0   0  41  42   0   0  33  17   0   0   0   0  12   0  21   0   0  19
   0   0   0   8   0  33   0   0   0   0  14  39   0   0   0   0   0   0  43
   0   0  29   6  14   0   0   0   0   0  37  15   0   0   3   0   0   0
  34   0   0   0   0  26   0   0   0   0   0   0   0   0   0   0   2
   0   0  48   0  48  10   9   0   0   0   0  10  17   0   5   0
   0  39   0   0   0  35   0   0   0   0   0  29   0   0  34
   0  18   0   7   0  46   0  13  21  13   4  34   0   0
   0   0   0  29   0   0  36   0   0   0   0   0  47
   0   0   0   0   0   0   0   0   0  27   0   0
   0   0   0   0   0   0   0   0  24   0  47
  29   0   0  11   0  46  19   0   0   0
   0   0   0   0   0   0   0   0   0
   0  34   0   0   0  24  17  22
   5   0  26   0   0   0   0
   0  34  37   0  13   0
   0   0   0   0   0
   0  22   0   0
  14   0  23
   0   0
   0

 131
  22  12  16  22  10  25   3  15   6  12  12   2   5   9  20  20   5  20  22  22  12  20   4  22  17  13  13  17   8  22

