  30 
   0   0   0   0   0   0   0   0   0   0  13   0   0   0   0   0   0   0   0   0   0   0   0   0  32   0   0   0  13   0
   0   0   0  15   0   0   0   0   0   0  32   7  43   0   9   0  42  39  29  45   0   0   0   0   0   0  30   0   0
   0  21   0   0   0   0   0  35   0   0   0   0   0   0   0  39   0   0   0   0   0   0   0   0   0   7  50   0
   0   0   0   0   0   0   0   0   0  16   0   0   1  40   0   0   0   0   0   0   0   0   0   0   0  32  14
   0  30   4   0  18   0   0   0  41   0  24   0  28   0   0   0   0   0   0   0   0   0   0   0   0   0
   0   0   0   0   0   0   0   9  22   0   0   0   0  24   0  10   0   0  47  18   0  38   0   5   0
   0   0   0   0  17   0   0   0   0   0   0   0   0  20   0  15   0   0   0  17   0   0   0   0
  18   0   0  32   0  26  23   0   0   0  45   0   0   0   5  18   0   0   0   0   0   0  22
   0   0   0   0   0   0  11   4  42   0   0   0   0   0   0   0   0   0   0   0   0   0
  21   0  27  22   0   0   0  10   0   0   0   0   0   0   0  30   0   0   0   0   0
  41   0   0   0   0   0   5  11   0  49   0   0   0   0   6   0   0   0   0  13
   0  26  25   0   0   0   0   0  41   0   0   0   0   0  31   0   0   0   0
  36   0   0   0   0   0  22  32   0  25   0   0   0   0   3   0   0   0
  37   0   0   0   0   0   0   0   0   0   0   2   0   0   0   0   0
   0  28   0   0   3   0   3  29   0  42  34   0   8   0   0  49
  23   0   0  24   0   0   0  25   0   0   0   0   0   0   0
   0   0   0   0   0   0   0   0   0   0   0  40   0  19
   0   0   0   0   8   0   0   0   0   0   0   0   0
   0   0   0   0   0   0   0  19   0   0   0   0
  20   0   0   0  38   0   0  39   0   0   0
   0  45   0   0  25  15   0   0   0   0
   0  21   0   0   0   0  47  17   4
   0   0   0   0   0  20   0   0
  13   3   0   0   0  26  24
   0   0   0   0   0   0
   0   0  47  35   0
  27   0  34   0
   0   0  13
   0   0
   0

 358
  25  23  23   1  24  20  12   5  21   7   9  22  14   9  20  18  15  24  15  20   1  12   7   6   6  24   8  25   6  17

