  30 
   0  31  17   0   0   8  32  28   0   0   0   0   0   0   0  29  16   0   0  15   2  49   2   0   0   0   0  45  42   0
  20   0  11   0   1  45   0   1  11  37  43   8   0   2   0   0   0  45   6  38   0   0  13  19   0   6   0   8   0
   0  25  24  18   0   5   0   0   1   0   0  31   0   0   0  22   0  27   0   0   0  32  38  30  33  27   0  11
   0   0  35  19   0  20   1  28   0  10  20   0   0  36  25   0   0   0   2  46   0   0  16  40   0   0   0
   0  29  13   0   0  45  15  15  34   0   1  12  14  44   0  12  18   0   0   0   6   0   0   0   0   1
   0   0  19   0   0  50  15   0   0  32   3  32   0   0   0   0   0  31   8  32   0  42  23   0   0
  19   0   0   0   0   0   0   0   0   0  22  31   0   0  33  11   0   1  16   0   0   0  30   9
   0   0   7   0  32   0  16  40  48   0  38  43  19   0  30  38  44  26   6   0   0   0   7
   0   0  22   0   0   0   2  48   0   0   0   0   0  10   0  23   0   0  30   0   0   0
  34   0   0   0  32   0  13  36  13   0  41   0   2   0   0  38  30   0  18  28  35
  36   0  40   1   0   2   0   8  32   0   0   3  38  22   0  28  41  49   0   0
  27   0  27   0  37   0   0  30  29   0   0   0  15  50   0  40   0  42   0
   0   0   0   0   0  30  30  49  40  38   7  35   0  34   0  16   0  36
   3   1   0   0   0   0   0   0  39  24  15   0  28  36   0   0  14
   0   0   0  22  39   0   0  24   0  44   0  10  46   0   0   0
   0   0   0   0  11  25  35   1  48  35  29   5  34   0   2
  34   0   0   0   0   0   0   0  19  45  15   0  50  42
   0   8  38   0   9  11   2   0   0   0   0  41   0
   0   0   0   0   0   0   0  28  40   0   6   0
   0  48  33   0   0   0   0   8   0  24   0
  25  20  16   0  47  18  41  18   0  34
   0  26  43   0  41  45   0   0  45
   0   0   0   0   0   0   0   0
  37   2   0   5  29  28   1
  46   0   0   0  20  44
   0  24   0  27   0
   0  33  33  44
   0   0  23
   0   0
  13

 126
   1  17   4  25  21  24  23  11   2   4   6   4  21   4  12  22  25   7  16  25  21  13  23  24  22  19   7  14  24  19

