  30 
   4  29   0   0   0   0  47   4  19  37  44   0  10   6  27  44   0   0   0   0   0   0   0  38   0   0   0  44   0   0
  34  10   0  50   0   0  33  20   0   0   0  11   1   0  24  33   5  15  15  13  28   0   0   2   0   0  32  11   0
  13   0  29   0  16   1  35   0  29   0  31   0  38  35   0   7  24   0  12   0   0   0  18   0  25   0   0   0
   0   0   0  45   0  20   8   0   0   0  46   0   0  27   0  14  49   7   0   6   0   0  22   0   9   0  28
  41   0   0  10  43  28   0   0   0   6  11  25  42  50   0   0   0  18   0   0  43  32   0   0  50   0
  32  35  42   0   0  35   0  19  11   0  10  25  23   0   0   0  10  21  17   0  12  34   0  45   5
   0  27   0   0   0   0   0  36  49   0  34   0  19  12   0  26  41  13  11   0   0   2  42  42
  16  13  17  17  21  34   0  32  10  23   0   0   0   7  33  41   4  25   0  29   0   0   0
   0   0  50  21  48  38  21  21   0   0  11  33   0   0  30  37  33   0  27  32   4   0
   0  31   0   0  32  27   0   3   0  45  16  43  41  35  10   0   0   0  44   0   0
   0  32  35  10   0  45   0   0  23  27   0   7   0  44   0  42  49  44  29  49
  20  14  12   0   3  36   6  10  50  21   0   0  36   0  21   0  48  14  11
  29   0   0  15  25  31   0  28  33   0   3   7   0   0   0   0  45   0
  11   0  47   0   0   0   0   0   0   0  19  23   6   0  16   0   0
   0   0   0  27   9   0  19  32   0   7   0  35  38  32   0  49
  40  12   0   0  31   8   0  31   0  32  38   0   5  20   0
  10   9   0   0   3  49   0   0   0   0   0   0   0  33
   0   0   0   0  43   0  13   0  31  19  11   0  22
  35  37   0  21   0   0   0  50   0  40   0   0
  16   0   0  11   5   0   0  11  13   0   0
  39  11   0   0   0  23  41  40   0   0
   0  15   0  33   0  47  41   0  20
  17  29   0  11   0   0  19   0
   0   0   2  40   8  34  25
  27   0  21   0   9   0
   0   0   0   0   0
  20   0   0   0
   0  33   0
   0   0
   0

 192
  13   4  15  12  13  12  23  20  15   2  12  21   4  21   4  22  16   9   6  16  14  20   1  21  17   4  17   9  15   3

