  30 
   0   0  18   0   0   0   0   4  16  36  49   0   0   5  29   0   0  26  26   0  34   0  48  26  15   0   0  46  32  11
   0  22  26  31   0   0   0  20   0  30   0   0   0   0   0  49   0   0   0  41   0  37   0   0   0  29   0   0   0
   0   0   0  33   0   0   0  49  35   6   0  47   0  19   8   0  24  32  26  38   0   9  27  44   0  50   0   0
   0   0   0   0   3   0   1  21   7   0   0   0   0   8  50  21   0  45  44  24  12   0   0   0   0  30   0
  12   0   0  33  26  27  45   0   0  21   0  19   6  16   0   0   0   6  20   0   0   0  30   0   0   0
   9  28   7  28   0  50  27  18   0   0   0   0   9   0  37   0  29  25  48   0  35   0   0   0  10
   0   0   0   0   0   0  27  32   0   0   5  28  44   0   0   0   0   0   0  50  46   2   0   0
   9   0  44   0   0  18  24   0  27  34   8   0  46  16  38   0   0  45   0   0   0  25   0
  23  11  43  27   8  17   0   0  42   0   0   0   0   0   4  49  48   0   0  12   0   0
  34   0  49  38   0   5   0   0  12  33   0  40  27   0  24   0   0   0   0   0   0
  21   8   6   0   0   0  40  15   7   0  35  40  15   0  35   4  12  26   0  18
  14   0   5   0   0   0   0   0  22   0   0  43  28   0   0   0  48  49   0
  44  48  35  46  12   0   0   0   0  14  46   0  49   0   0   0  24  24
   1  50  27  40   4   0   2  19  41   2  43  14  20  47   0   0   0
  44   0   9   0   0  31   0   0  37  32  21   0  35  14   0   0
  41   3   0   0   0  28  37   0   8  23  18   0  28   0   0
   0  13   0  34  40  24   0  14   0   0   0   8   0   0
   0   2  27   7   3  20   0   0   0   0  39   0   0
  45   0  43  37   0   0   0  28  44  11   0   0
   2  15  23   0  19   0   0   0  30   0   3
  21   0  40   0   0   7   0  30   0   0
   0   7   0   0   2  48   0  19  46
   0  34   0  42  20  36   0  35
   0   0  13   0   0  33  41
   0   0  39   0  46  34
  37   0   0  30   0
   0  15  31  13
   0  43   0
   0   7
  34

 269
   7  16  12   9   4   9  25   6  12   6  12   1  13   3  23   2   4   6   7   6   1  13  14  23  23   5   7  11  13  12

