  30 
   0  25   0   0  50   0   5   7   0   3  48  16   0   2  12   0  14  23  22   0   0   0  30  24   7  37  10   0  23   4
   5  11   0   0  17   0   0  40  35  43   0  16   0  46  36   0   0   9  19   4  25  49  11   3  21  15  40  24   0
  18   0   0  35   0  31   0  30   0   0   0   9   0   0  43  27   0  46  34   0   0   0   0  17  25   4   0   0
   0   0   0  32  37  23   0   0  32   0   0   0  39  36  14  14  34   0  44   0  10  34  39  30   0  25   0
   0  27  24   0  12   0   0  27  40   0   0  15   0   0   0   9  37  48  22   0   0   0  37  18  28   0
   3  10   0  38   0   0  11   0   0  19  42   0   0  16  23   0   0   0   0  38   0   0   0  26   0
  43   0  42   0  16  27  10  17   0  19  36  45  43   0   0   4   0  28   0  49   0  34   0  46
   0   0   0   0   0   0  13   0   0  16  15   1   0  29   0   0   0   0  40   0  22  44  44
   0  34  13  35  36  44   0   0   0  17  12   0  29  22   0   3  50   4  44   0   0   0
  16  50  37  38  18   0   7   0  26   0   8  18   0  49   2   0  37   0  46  20  19
   0  50   0   0   2   0   0   0   0   0  29   9   0  50   0   7  50  42   0   0
   0   0   0   0  44  28  26   0  18   0   0   0  16   1   0   0   0   6   0
   0   0  28   0  14   0   0  43  50   0   0  46   7  21  29  49   0  26
  39   0   0   0   0   7  22   0   0  22   0  36   0   4  24   0   0
   0   0   0   0  32   0   0   0   0   0  39   3  17  23  12  11
  25  49  31   0   0  44   0   0   0  43  22  19  24   0   0
   0   0  49   2   0   1   0  48   0   0   0   0   0  21
  35   0   0  30   0  42   0   9  28   0  50   0   0
   0  35   0   0  20  25   0   0  33   0  36   0
  31   0   0  30   0   4  14   6  27  46  30
   0  12  22   0   0   0  21   0   0   0
   0   0  23   0   0  42   0  40   0
   0  17   0   6  35   0   0   0
  31   0  37  21   0   0   0
  29   0   0  13   1   0
   0  39   0   0   0
   0   0  48   0
  16  43   3
  48  11
  47

 495
  24  23  13  17  10  13  15  18  21  19  21  25  17  25  18   7  13  23  21  24  12   8  15   9  20  13  23  22  10  24

