  30 
   0   0  35  48   0  46  45  21   0   0  42  31  10   0  31   0   3  32  18   0  14  20  16   0   0   0   0   0   0   9
   0   0   0   0   0  47   0   0   0   0   0  34  19   0  43   0  38  11   0   0  18   0  33  24   0   0   0  48   0
   0   2   0  10  15   0  46   0  44  45  10  20  46  48  32   0  19   1  15  23   0   0  34   1  46   7  18   0
   0   0   0   0   1   0  37  34  39   0  30  44   0  42  47   0   0   0   0  23   4  29   0  17   0   0   0
   0  43   0   0  36   2  43   0  30  27  13  15   0   0  48  35   0  35  12   3  39  34   0   0  10  38
   9  30  15  12  11  13   0  44  34   0   2   0  33   0   0   0  43   0   0   0   8  34  30   0   0
  10   0   0  18   0  35  28   0   0   0  50   0  17   0   0  36  28   0  49  35   0   0   0   0
   0  44  28   0  43   0   8  21  49  33  32   0   0  38   0   0   0   8   0  47  33   1   0
  24  32  10   0  48  22   0  39  24   0   0   0  35   0   4   0   0   5   0   0   9   0
   9  13  40  48   0   0   0   0  35   1  41   0  20   0  13  38   0  42  13   0   0
  45  48  31  25   0  41  50   2   0  21   0   0  23   0  28   0   0   0   0   0
   0  25  36   0  26  16   0   0   0  50  17  40  12   0   0  30  14   0   0
   0   0  37  12  23  28  23   7  35   0  20  48   8   0   0   0  24   0
  16   0   6  45  47  18   0  33  40   0  17   0  37  16   0   0   0
   8   0   0   0   0   0   9  29   0  31  15   0   0  19  33   0
  35  21   0   0  50  31  37   0  37  44  13   7  34   0  30
   0   0   0   0   0   0  34  32   0  38  21   0   0   0
   0  26   0   0  37   0  27   0   0   0  44  36   0
  24   0   9  43   0   0  48   0  46   0   0   7
   0   0  11   0   0   0   0  32  27  24  34
   0   7  34   0  25   0  40   0  11  17
  26   0  38  32   0  26  34   0   0
  40   4  32   0  17  24   0   0
  37   9   2   0   0  10  19
  29   0   0   0  25  22
   0   0   0  28   0
  28   0  40   0
  27   0   0
  16  47
  12

 129
  18  16   6  22  19  22  16  15  16   6  15   6   3  14   9  13  19  13  14  18  10  23  20   7  22   2  19  10  11  23

