  30 
   3  16  42   2  20  25  47  16   1   0  21  34   0  20   0  15   0  43  33  24  33   0   0   4  36  19  39   5   0   6
  47   2   0  35  21  33   0   0  46  47  17   6   0  39  42   8   0   0  11  29   2   0  42  33  29  19  20   1  15
  38  11  47  49  21  11   0   0   0  24  15  47  37  45   3  15   0  13   0  22  42  49   1  31   8   0   0  31
  41  21   4   0  15   0   0   0  25  33   0   0   0  43   3  10  29  41  14   3  34   4  16  22  23  29  26
  43  24  41  36  11   8  25   0  30   0   0   0  37   0  16  30  32  48  26   0  10  36   0   7   2  42
   6  10  46   0  13   0  32   3  27  45  14  38  48  36   0  19  27   0  30   0   5  18  14  45   0
  45  28   0  23   7  46  35   0   0  11  23   0  25  23   7  38   0  10  35   9   0  44  18   2
   8  22   1  15  33  18  29  35   0  15  39  34   9  13  40  15  17   3  14   0  46   5   0
  50   0   0  42  20  43   0   4  20  37  27  10   0  24   0  35   5  38  12  10   0   8
  40   0   0   9  29  14  32   0  44  40  38  25  20  42   1  19  46   0  31   0   3
   0   0   0  50  24   0  19   0   0  20  33  20  31  16  21  20   8  15  21  26
  40   0   0  20   0  41  19  31   0  25   0   0  11  48   6   0   0   0   2
   8  35   3   5   0  43   3  39  21  10   0  34   0  28  27  40   0  10
   0  23   2   0  30   0  34  23   0  50  32  16  20  20   8  28   9
   3  23  40  23   7  33  27   0  34   0  23   8   4  25  13  35
  34  31   2  45  36   0  50   0   0  13  36  35  15   5   0
   4  29   2  30   0   8  31   5   9   0   0  12  17  22
  28  45  12  20  10  47  12  31   6   0  12   0   0
  41  29   0  34  46  42  12  19   0  50  18  15
   0   0   0  11   5  25   4  21   0  19   0
  48  27   0  50  35   0  16  40  16  21
   0  20   5   0   9  24   0  14  32
   0   6   0  49   0   0  42  34
  44  42   0  21   0  24  31
  26   7  24   0  41   8
   0   0   0  32  33
   0   3   9  13
  34  23  20
   2  35
   0

 253
  12  22   3  14  14  16   5  15  23  16  23   2  25   7   7  25   8   1  12  20  16   6  23  17  21  24   5   9   6  13

