  30 
  44  47   1   0  21  46  14  46  46   0  25  50  26  22   0   4  27  25   6  48   0   8  34  14  13   0  47   8  28  22
  14  14  20  47  47   0   0   0  42  11  11  12  28   0  36  39  42   0  29   0   0  37  40  17  22   6   0   0  25
   0   0   0  16   4   0   0  19   0  38  28  46  39   0   0  33  34  37   0  28  15  40   0   0  40  34  17   0
  36  37  33  40  19  35  29   0  35   0  33   7  45   0  48  26  30  22  41   9   0  17  48  27   6   0   0
   6   2   3   0  35   0  21   0  22  11  38   0   0  19  31  50   0   9   5  28  22   4   0   0  23   4
   0   0  32  21  47  16   7   3  22   0   0   5   0   0  20   0  36   0   0   0  48   0   0  33  36
  40  38   0  23   1  15  36  47  41  35   0  25  18  11   2   0  41   5  38  11   0  34  31   0
  19   0  29   0   0   8  32   0   0  37   7  43   2  38  15  44  13  17  41   3   0  11  16
  26   0  12   0   0   7  48  10   9  33   6  13  17   5  40   0   0  48  12   0   0  28
  35   0  22   0  38  46  18  12   0  49  30   8  29   0   5  32  24   0   0  40   0
   0   0  34   0  14   0   2  34   7  12   0  34  50  47  31  26   0  42   0  28
   0  32   7   0  29  47   0  49  49  23  19   0   0   0  14  10   0  13   2
   0   0  45  31   0   8  16  35  16   1   9  38  46   2  26   1  17  39
   0   5   0   0  10   0   0  27   0   0   0  41  21  35   0  46   6
  24   0  47   0   0  28   0  45   0  26   0  34   5   0   6  18
  25   0  29  27   0  11   0  28  43  15  33   0   5   0  16
  24  39  28  27  35  31  39  31  24   0   6  28  12   0
  43  29  33   3  30   3   0   0   4  49   6  46   0
  26  26  47   1  49  33  13   3   3  17  41  44
  15   0  22  42   7   0  47  22  45  15  11
   8  23  46   7  33  19  17   0  32  18
  21   0  47   3  33  28  34   0  41
   0   0  38  46  48  22   0  38
  11   0  14  18   5  23   0
  21  24   0  25   0  42
  44  11   0  27  42
   0  20  49  19
   0  11   8
  48  12
   6

 315
   1   8  22   1  13  21  10  17  24  12   5   8  11  24  18  18  13   3   7   6   2  17  12   2   7  25  25   6   7  19

