  30 
  39  29   0  47   0  23  33  19  17  16   0  44  13  15  35  29  38   0  10  39  19  47   0  17  43  16   0  43   0  38
   0   0  43  18  42  25  17  33   0  48  22  41   1  25  44  49  21  44   7   0  43  10  32   8   0  20  11  37   4
  49   0   0  47  27  38  44  32   0  23  14  20  50   0  36  23  30  46  34   3  40  29  27   0  40   0  26   1
  22  23   5  38   0  23  15   0   0  28   0   3   1  14  30   5  16  10  38   0  11   0  32  15  41   0  16
   0   7  42  39   0  27   0   0  40  42  41   2  38  40   0  45   6   3   0   8  13   0  30  33   2  13
   8   9   3  45   4  16  40  44   2   0  32  25   0  21  48   0   0  34   0   0  47  29  13  21  14
  15  22  31   0  42   0   4  22  41   0   0  28  28   2   0   0  14  34  20  34   2  37  11   1
   0   0  27   9  31   0  16   0   4   0  19   7   0  24  50   0  32  26   0  13  48   0   3
   5   0  43  24  24   0  41  42  49  14  48  32   0  20   6   5   7   6  48   0  32  27
  15  16  23  25  46   4  43  33   6   9  31  19   0  35  43   0  31  48   0  12  25
  16  48   0  29  30  22  30  13  23   2  39   0   0  31   7  18  49   8  27  17
  14  43  44  46  31  33   0  50  37  40   0   7  28  45  19   0  10  46  17
  35   0  40  34  20  27  36   4  32  36   0   8  18  19   0   0  32   0
   0   6   4   0   0  35   0  49  35  43  19   6  19  30   0  22  43
   0  50   0  41  26  26   0  47  29   0  31  31  38  15  26   0
  15   0  31  49   0   0  27  20  50  42   0  32   0   0  50
  46   0  36   3  28  18  32  42  50  19  33  27   0   8
  42   8  43  40  30  21  11  15   0   0   0  13   8
  49   4  20  39   0  24  22  14  41   9  49   0
  23   8  10  32   3  25   0  40  37  12   1
  36  21   0  50  36   0  15  20  14  38
  45  23  44  36   0  36  16   0   0
   0  27  24  39  33   5   0   0
   0   2  46  30  12  43   7
  46  39  28  48  41  50
  48  10  47   0   0
  26   0   0   6
  19  21  30
  37  49
  47

 286
   8  10   2  18  19   9   9  17   4   8  25  22   6   7  12   8  13   4  15   4   2   8  24   3   1   5  25  21   2  25

