  30 
   0  34  43  27   0   0  10   0  16  39   0  17  42   2  45  41  15  27  18   0  37  35  50   0   0  12  31   0   0  28
  50  48  23  11   4   9  23   0  39   0   7  15   0  13  13   0  18   0   1  15  40   1  50  14   0  12  50   0  33
  31   0   0   0   7  19   0   8   0  28   0  23  34  44   0   0  12  46   7   0  34   0   0  19   1  13  11  22
  16   0   0   0  11   8  25   0  37   0   0   0   1   0  20   9  14  20  33  43  18   0   4  29   0  40  39
  12  24  44  39  26  48   0  42   0   0  48   0  48   0  45  18  22   1   0  29  14   0  36  16  21  37
  48  34   9  36   0  30   0   0  35  50   7  25  11  27  13   3  16   0   0   0   0  21  38   0  13
   0  45  30  35  10   0   2  14   2  28   0  47   1  46  12   0  10  26  26  42   9   0  29   0
  21   3  46  44  44  42  30  31  45   0  27  14  11  18   0   0  35  18   3  22  47  35  27
  31  18  44  50   5   7  28  11   0   0  39  21  28   5   0  27  50  11   0  41  18  22
  14  49   0   0  34   9  23  23   0  16  34  42  47  12  20  48   9  47   2  18  27
   0   0  22  24  49   8   0  18  17   0  36  15  27   8   0   7  21   0   0   0
   9  31  12   0   0  46  19   0  45   0  33   0  32  22  10  40  10  10  46
  17   0  35  11   0  34  18  15  38   0  35  21  43   9   0   0  49   0
  16  28  50  14   0  14   9  40  39  45  32  17   1   3  37  48  41
  16  24  12  40  17   0   8   1  33  19  43  45   0   0  32   0
   7   9  34  13  24  28  37  27  47  47   0  21  48   2   8
   0  44  35  37   0   0  42   0   0  45  49  30   0  31
  13   0  21  45   0   0  11  48  43  32  26  15  14
  34  49  25  17   0   0  25   0  12   7  18  35
   0  48  37   0   0  20  11  47  31   0  19
  35   7   0  23  42  40   0  24  36  39
   4  15   8   2  17  11   4  33  30
  32   9  30  40   0  47   0   0
   0   9  49   4  12  25   9
  14   0   0  48  38  34
  26   0  50   7  36
  21  39   0  15
  33   0   0
   0  38
  15

 236
  17   5   7  23   7  10   3  21   7  21  12  14   5  19  19  13  10  18  12   1  24   9  23  24   6  10  11  22  22  13

