  30 
  45  45  12  24  39   4  19  49  28   5   0  16  20  23  21   0   0   0   0  16  19   0   0  32  21  30  47   0  31   0
   0  11   0   0  33   0  48   8   0   0  20   0  32   0   0  47   0  23   4  40   6   0  36  38  31  28   7   8   0
  28  14  43   0   0  44  40   0  12  41   4  13  11   6   4   0  20  11  36  42   0  16  46  20  18   0   0   9
   5   7  14   5  36   0  20   0   0  10   0  43   0  19   0  27  16   3   6  22  49  44  20  21  46   0  18
  29  27  30   0  13  43  50  37  23   3  31  48   0  48  13   0   5   0  15   0  33  38   7  25  33  22
  50   0  43  47  39   0  30  21   7   0   0  25  19  18  47   1  30   0  30   0   0  50  34  14  10
   0   0  16   0  31  20   0  38   0  50  27   0   0  39  37  12  21  49  23   5   0  21  27   0
  18   2  35  31  16  22   0  42  27  30   6  22   4  24  28  30  32   4   0  28  19   2  33
  33   3   3   0  49  29  13   0   0  14  12  17  50  28   0  29   0   7  44  11  34  44
   0   0   0   9   0   0   0  22  48   0  18   0  16  47   9   8   0  31  14  42   9
  23   0  44   1   4  12  38  17   0  13  31  21  22  17   3  44  16  50   9  49
   0  34   0   0  40  21   3   0   0   0  20   0  48   0  38  46  16  27   0
  13   5   8   3  23  12  31   4  25  50   0  18   0   0   0  26  22   6
  47  41  10  39   0  28  20  12  22   0  35  30  40   0  33  43  33
  39  24   1  29   0  13  13   0  27   0   0  44  21   0  40  11
   0   0  43  37  17   0  30  11  45  45  33  15   6  26  10
   0  17  34   1   0  29  30  42   1  48  50   0  21   0
   0  36  45  17   0  23   0   0   8  50  21  31  22
   0  26   0  34   6  37  28   0   0  13  16  24
   0  43   0   0  22  20   6  25  31   3  43
  17  24  48  28   0  24  36  42  20   0
  28   6  35  27   0   2  26  38  40
  11  37   6  35  49   3  24   3
   0  21  32  39  13  26  43
  31   0  44  12   5   0
   0  50  21  48   0
  17  11  31  43
  31  31  27
   8  33
  23

 350
  24  17  11   9  21   6   4   2  10   9   7   8  12  16   6   7  25  22  21   2  19  16  11   8  18  13   3  17   7  10

