  30 
  50  29  13  47  38   3  30  21   0   6  12   3  26   0  32   8  28  50  21   5  10  13   0  16   6   0  18  50  16   0
  34  37  41   0   0  44   0  49   3   0   0   0   3   0  17  50  43  26  42   0  36   0  45   0   0  39   0   0   7
  27  42   0  38   0  27   0   0   4   0  26  29   8  28  19   0  49  16  19   0  48  20  49   0   0  31  35   1
  23  36  16   0  25  49  20   0   9   0   0   3  23   1  17  36  40   9  34  17   0  20   6  43   0   0   0
  13   0   0  33   5   0   0  21  35  20  26   0  16  50   0  28  25   0  50  19  41  11  10   0   0  19
   0  33   0   8   9   0   2   0  28  40  43   0   0   0   0   0  25  19  14  40  34   3  42   6   0
   0   2  43  33  32   0  36   0  12  33  19  29  13   0  34  16   0   0  23   8  12  40   9  15
  32   0  49   4  10  38  34   0  44  40   0   3   0   3  11  26  37  41  33  11   7   0   2
  23  24   0   0  27  17  38  25   0   0  15   0   0   0  15  50   0   5   3  13  24  10
  38  22   0   2  14  30   0  12   6  43   0  32  31  48   9   0  31   0   0   0  16
  30  44   0  36  38   0  36  36   4   0  39  30  44   0   0   0  46  38  44  16
  27  11   0  37   0  11   0  14  28   0  12  28   0   6   0  12   0   0  47
  35   0   0  47  32   5   0  20   0  49   1   0   4   0  50   4  33   4
   5  15   0  50   0  15   0  33   0   1  15   0  46  42  20  46   7
  22  35  49  10  28  17   0  24   0  50  14   8  25  34   0   0
   0   0   0  47   0  10   3  16  26  48  29   0   0  49  30
  13  41  15   0  18  45   0  40  40  37  10   0  32  20
   0  26  44   0  49   4   0  18  44  10  23   0  21
   0  40  20   0  24  42  26  14  14  31   7   7
  16  34  43   0   0   0  23   0  17   0  41
  46  30   9  37   0  35   0   0  33  50
   0  37  13  10  27   0  31  38  15
  26   0   5   9  23  25   0   0
   0  24  31  26   0  38  22
   6   1   3   0  37  36
  45   3  35   0   0
  16   0   0   0
   0   7  28
  45  35
   0

 100
  17   7   5   7  16  25   6   2  25  21  17   2  11  19  25   4  18  11   8  24  24  15  13  11   9  19  10   4   5  17

