  30 
  47   0   0  10  48  38   0  12  15   7   3   0  29  40  26  49  20   0   0   0   0  27  28  42   3   0  41  18  13  22
  27  17  49  14   0  30  13  48   0   4   0  49   0  43   0  11  47  21   0   3  20  19  15  32  29  26  40  25  13
   0  11  15   0   1  34   0   6  50   0  44  18  42  19   0   0  18  23   0  32  35  14  40  47  27  33   0  15
  12  29  45  19   0  44   0  39  20   3  41   0  45  43  10  20  20  45  13  33  40  17   0  38  36   0  44
   0  44   6   0  48  41   0   0  41  26  32  41   7  25  37  19  35  14  14  30   0   4   0   0  36  41
   1   0   0  46   0  38  16   0  39  41  35   8  45   0   1   0  19   0  41   0   4  47   0   5   1
  17  21  25   0  24  24   0  36   0  50  22  34  29  18  11   0   0   0  41   7  48  50  37   5
  17  19  20  29  45   0  17   4   6   6   2  26  30  22  48   0   0  26  12  20  32  45  42
   1  29  13   7  28   0  11  38   9  47  49   5  43  11  42   0   0   0  41  31   3  37
  20  42   0   1   0   0  47  40  44  10  45   7  16   0  36  48  34   0   1   0   8
   4  20  43   0   0  48  29   2  43  30   0  27   6   0  37  42   2   0  35  23
  14  26  33  10  31  49   0  39   0  32  36   0   0  44  29   6  19  48  18
   0  37   7   0  34   0  38  41   0   0  14   2  20  42  35  29  38  27
  48  36  33   0  49  38  16  33   0  30  50   6   0   0   5  31  29
   3   0  19  35   0  21  25   0   0   0  32  38   2   5  43  39
   2  25   0   0  33  14  43   7  45   0  40   0   0  35  41
  20  31  18   0  32  47  45  38  20   0   0  18   0  15
   5   0   0   0  14   0  16  20  15   3  20  16  29
   9  34  42  34  13   0   2  45  43   0  43   6
  45   4  30  43  11  32  29  40   0   0   4
  25  22   5  32   5  11  28  11   0  38
  46  35   0   0  33  20  30   6   0
   8  22  26  17   0  47  40  12
  17  37   0   0   0  24  10
  10  10   0  18   0  49
  10   0  23  15  42
   4   0  45  32
  32  31  39
   7  50
  34

  63
  21   9  22  25  16  17  20  24  17   2   8  24  16  13   9   8  21   2  23  15  11  20  20  23  22  18   3  17   7   8

