  40 
   0   0   0  24   0   0   0   0   0   0   0   0   0   0   0  10  12   0   0  44   0  30   0   0   0   0   0   0   0   0   0   0   0   0   0   0   0   0   0   0
   0   4   0   0  27   0   0   0   0   0   0   0   0  31   0   0  31   0   0   0   0   0  25   0   0  46  24   0   0   0   0   0  11   0   0   0   0   0   0
   0   0   0   0   0   0   0   0   0   0  18   0   0   0   0   0  25   6   0   0   0   0   0   0   0   0  40   0   0   0   0   0  37   0  23   0   0   0
   0  39   0   0   0   0   0   0   0   0   0   0   0   0   0  35  33   0   0  30  19   0  13   0   0   0   0   0   0   0  18   0  29   0   0   0   0
   0   0   0  14   0   0   0   0   0  38   0   0   0   0   0   0  29   0   0   0  25  21   0   0   0   0   0   0   0   0   0   0   0  13   0   0
   0   0   0   0   0   0   0   0  23   0   0   0   0   0   0   0   0   0   0   0   0  25   0   0   0  17   0   0  23   0   0   0   0   0   0
   0   0   0   0   0   0  16  17   0  42  39   0   0   0   0   5   0   0   0   0  44   0  22   0  14   0   0   0   0   0   0   0   0   0
   0   0   0   0   0   0   0   0   0   0   0   0   0   0   0   0   0   0   0   0   7   0   0   0   0   0  36   0   0  29   0   0  42
   0   0   0  29   0   0   0   0   0   0   0   0   0   0   0  16   0   0   0   0   0  18  19  11   0   0   0  23   0   0   0   0
   0   0   0   0   0   0  29   0   0   0   0   0   0   0   0   0   0   0   0   0  34   0   0   0   0   0   0   0   0   0   0
   0  41  35   0   0   0   0   0   0   0  38   0   0   0   0   0   0  49   0  49   0   0   0   0   0  25   0   0   0   0
   0   0   0   0   0   0   0   0   0   0   0   0   0  12   0   0   0   0   0   0   0  38   0   0   0   0   0   0   0
  46   3   0  41   0   0   0  20   0   0  44   0   0   0   0   0   0   0   0   0   0   0   0  42   0  17   0   0
   9   0   0   0   0   1   4   0   0   0   0  35   0   0   0   0   0  22   0  44   0   0   0   0   0   0   0
   3   0   0   0   0   0   0   0   0   0   0   0  15   0   0  20   0   0   0   0  42   0   0  15   0   0
   0   0   0   0   0   0   0   0   0  27   0   0   0   0   0   0   0   0   0   0  12   0   0   0   0
   0   8   0   0   0   0   0   0   0   0   0   0   0   0   0   0  46   0   0   0   0   0   0   0
   0   0   0  41   0   0   0   0   0   0   0   0   0   0   0   0   5   0  22   0  50   0   0
   0   0  12   0  45   0   0  48   0   0   0   0   0   0  18   0   0   0   0  40   0   0
   0   0   0   0   0   0   0  44   0   0  30   0   0   0   0   0   0   0   0   0   0
   0   0   0   0   0   0   0   0   0   0   0   0   0   0   0   0   0   0   0   0
   0  12   0   0   0   0   0   0   0   0   0   0  40  37   0   0   0   0   0
   0   0   0   0   0   0   0   0   0   0   0  29  36   0   0   0   0   0
   0   0   0   0  31  39   0   0   0   0   0  37   9   0   0   0   0
  37   0  23   0   0   0   0   0   0   0  20   0   0   0   0   0
   0   0  21   0   0   0  18   0   0   0   0   0   0   0   2
  41   0   0   0   0   0   0   0   0   0   0   0   0   0
   0   0   0  18   0   0  12   0   0   0   0   0   0
   0   0   0   0   0   0   0   0   0   0   0   0
   0   0   0   0   0   0   0   0   0   0   0
   0   0  33   0   0   0   0   0   0   0
   0   0  12   0   0   0   0   0   0
   0   0   0   0   0   0  41  30
   0   0   0   0   0   0   0
  39   0   0  43   0   0
   0   0   0   0  14
   0   0   2   5
   0   0   0
   0   0
   0

 148
   3  11  25  17   1  14   9  13  14  22  25   6  12  17   6  25  21  25   7   9  10  18  23   1   1  12  15   8  14  22   8  15  25  11  25  15  18  14   1  15

