  40 
  12  13  30   1   2  35  27  47  11   6   3  40  21  43  23  37  15  24  37   6  37  11  38   6  13  18   2  10   1  35  49  46  34   1  26   1  38  19   8  37
  48  44   3  37  37  41  22  12  15  38  38   1  36  40  11  48  38  45  21  12  35  29   5  22  46  45  33  45  35   5  14  36   9  28  14  20  22  20  38
  39   8  16  28  39  11  18  32  24  29  23  42  36  31  21  48  32  31  29  35  37  47  32   4   7   4  15   1  25  48  27  14  28  12  43  17   3  39
  34  17  39  50  44  30  13  12  34  34  33  28  20  45  13  45  33  36  28  36  10  26  35  17   4   4  19  30  37  16  44  33  21  13  24  44  19
   4  14  18  49  31   6  32  19  15  38  33  37  37   8  15  23   9  27  45  42  48  30  31  11  25  15  24  16  25  35  40  50  45  27  37  41
   8  30   4  29  23   1  21  20  50  33  35  39  23  49  19   7  28  17  14  27   4  45  30  17  10  30  16   7  45   7  30  49   8  43  14
  37  13  37  44   9  23  23  36  25  30   1  42   8  29  24  32  47   2  49  24   9   2  14  12  19  23  41  14   3   5   1   6  48  43
  20  23   7   3  47  28  17   2  35  19  44  41  12  48  24  38  31  10  26  16  24  44  45  28  33   5   3  35  43   1  46  37  17
  43  41  38  13  18  26  21  22  41  47  48   2  48  40  43  19  27  41  46  33   5  20   8  50   2  14  25  36   9  48  35  33
  34   1  12  48  49   8  31  46  49  24  35  37  47  44  34  32  26  28  30  45  17  41  43  12  10  50  39  40  45   7   7
  38  50  31   1  19  25  14  44  15  29  37  19   1  28   7  24  16  41  24  30  11  27  24  28  33  44  38  17   2  49
   7  20  37  20  28  43  29   3  22   2  47   8  26  25  17  20  44  17   3  49  32   7  31  15  46   7   5  33  39
  25  37  33  28  48  20  28  14  33  30   9  48  46  11  41  41  25  22  43  26   4  35  14  31  44  44  29  31
  49  46  31   8  45  40   1  16  43  22   4  15   6  17  14  36  27  36  35  27  45  50  12  16  30  25  33
  39  17  43  11  12  15  46  17  47  33  27   4  16  16  20  34  19   6  30  43  10  21  23  24  38   9
   7  16  10  38   6  36  40   7   2  14  40  42  38   2   6  25   9  42  34  32   4  11  17   7  26
  21  19  22  19  31  32  43   5  15  24  38  10  15  28  26   6  13  33   6  16  29  12  20  12
   6  15  36  11  15  34  11   1  28  35   2   4  48  30  47  17  38  49  40  13  19  14  45
  48  24   3  47  15  34  42   3   9  12  28  28  41   3  48  37  12   6  23  44  13  21
  39  40  21  47  31  27  27  29   3   1  32  38   9   7  47  24  43   1  33  10  21
   7  39  37  33  44   5  26  35  28  35  27  22  21  48  10  19   9  40   5  11
  29   7  16   6   9  12  21  19  38  15  38  16  44   5  36  49  29  29  13
  32  29  18  14  22  41   9  49   9  45  40   4  40  34  10  28  34  26
  36  35  42  41  45  49   6  30  15  16  34   4   3   9  38  11  47
  22  43  10  12  29  32  47  36  41   5  29  45  50  31  15  22
  31  22  19  27  32  17  31  29   2  45   2  12   6  39   9
   4  22  14  43  31   2   7  39  34   1  44   1  27  50
  22   7  45  24  48  22  12  25  35  37  28  45   8
   5  10  42  26  42  15  32  28  50  31  20   3
  21  38  19  49  36  19   9  16  37  39  12
  11   2  27  15   6  26  50  45   7  50
  35  24  20   5  20  39  41  37  22
  49  15   9   2   6  32  44  42
  30  14  43   2  21  20  15
  21  38  33  49  18  17
  32  41  11  49  44
  18   5  20  15
  32  24   5
  28  43
  35

 131
  18  11  13  23  15  14  25  21  13   8  10  19  15  12  24  20  23   2   3  13  24  11  25   8  15   6  16   4  25  19  11  13  21   5  24   5  18  14   8   9
