  40 
   9  26   1  34  49  20  34  30  26  21  44   7  42  10  40  20  44  31  42   7  32  22  21  17  44  35  11  11  42  44   6  13  11  28  33  38  19  18  29  14
  35  29  24  44  26  38  37  17  30  41  39   2   5  43  26  15   7  26  14  15  20  24  16  11  15  44  34  26  32  14  19  41  42   5  39  11  35  25  11
  30  21  29  31  10  14  13  37  43  42  18  15   3  26  20  43  49  30  44   6  34  28  31  37  50  19  40  14  40  49   4   7  25  45  34   2  38  42
  37  38  12  15  41   9  18   7   9  13  42  11  29  36  14   2   4   7   9  41  41  39  18  46  43  23  50  23   8  37   5  20  22   8  33   3  40
  37  45  19  46  12  17  41  40  36  45  34  24  46  37  40  12  18   2  34  15   1  49  36   6  48  12  25  23  38   8  27  33  40  34  16  44
  11   1   3  48  34  36  26  13  43  46   8   8  42   2  32  22  27  46  33  44  39  48  47  32  29  43  27  44  22  20  13  26  33  40  19
   4  50  44  27  28  18  44  37  30  33  48  25  43  46   1  29  42  21  18  41  14  19  29  33  24  44   6  33  48  36  46  27   3  48
  43  28  22  46  44  49  34  11  10  36  11  40  47  27   7  43   6  33  23   7  35   9  10   1  22  26  46  50  38   8   7  46  38
  12  24  47  26  17   5  46  33  38  30  27  45  31  17  26  36  12  18  11  40  46   7  39  15  23  49  48   3  32  11  42   2
  47  34   1  47  38  45   4   5  48  37  34  20  14  15   1  39   1  11  35  22   6  20  20  49  21   9  42  27  26  50  12
  11  33  42   4  42  24  15  23  36  34  12  46   6   7  12   3  39  44   9   1  16  26  41   7   4  37  19  20  15  44
  36  27  46   7  21  24   8  50  33  13   8  29  41  38   2  11  39  38  46   4  25  24  48  32   7  36  34  32  40
  38  26   2  39  35  15   9  23   4  47   8  49  27  20  34  12  38   7   8  29  15  18  37  42  21  39  10  18
  10  41  36  27  24  35  32  43  48  49  43  24  31  24  25  35   4   9   8  36  32  19  27   9  49   4  20
   2   6  38  44  41   4   1  50  16  38  28  39  11  27  43   5   8  19  33  10  35  12  24   1  39  44
  12  19  23  31  33  19  33  10   9  23  43   1  31  33   7   2  26  11  27  19  27  16  48  50  27
  10  12  45  12  12  19   8   4  12   1  49  27   4  39   5   1  12  30  25   3  32  27  33   3
  25  46  23  22  20  21  42  48  45  32   3  43  17  33  24   4  31  38  17  14  10  37  34
   1   1   6  14  48  23  31  48   8  31  13  39  26  18  35   6  29  35  36   7  28  40
  30  37  24  14   4  34  40  42  10  38  39  35   8  16  20  11  38  10   8   3  46
  38  18  16   4  39  10   1   4  35   8  26   5  14  25   5   6   8   7  44  12
  36  30  41  19  30  21   2  38  41   2   9  13   3  42  29  38   8   8  32
   1  38  39   5   7  34  40   4  24  28   1  35  31  37  45   5  19  15
  37  28  27  44  30  10  37  43  36   3  45  17   2  44  23   8  38
   5  34  11  25  28  33  30   1   4  24  18  38  23  18   2  35
  18  31  12  18  41  12  30  40  21  24  49  47   5  32  28
  21   7  47  48  34   9  14  44  41  46  33  18  24  19
  37   6  30  13  41  39  19  38  18  26   9  14  29
   4  19   1  47  31  46  41  45  27  26  11  38
  30   9  26  10  17  44  30  19  16  46  17
  24  47  14  30   3   1  11  50  20  25
  38  29  31  16   5  22  50   4  47
  44  22  46  41  47  33  37  49
  17   3  22  13  38  43  42
  40  15  18  12  19   4
  27  24  22  42  33
  25  32  33  10
  25  19  26
  39  20
  10

 343
  23  21  15  25  11  10   7   5  24   7  17   9  20  20  12   7   2  22  20   3   2   3   1  20  22  22  19   4   2  24   6   3  15  10  14   8   5  21  17   1
