  40 
   0   0   0   0   0  24   0   0   0   0   0   0   0   0   0   0   0   0   0   0   0   0  19   0   0  11  16   0   0   0   0   0   0   0   0   0   0  48  41   0
   0  11   0   0   0  13   0   0   0   0   0   0   0   0   0   0  18   0   0   0   0   0   0   0   0   0   0   0  23   0   0  44   0   0   0   0   0   0   5
   0   0   0   0   0   0   0   0   0   0  24   0   0   0   0   0   0   0   0   0   0   0   0   0   0   0   0   0   0   0   0   0   0   0  16   0  45   0
   0   0   0   0   0   0   0   0   0   0   0   0   0   0   0   0   0   6   0  44  50   0  24   0   0   0   0   0   0   0   0   0   0   0   0   0   0
   0   0   0   0   0  42   0  49   0   0   0   0   0   0   0   0   0   0   0   0   0   0   0  15   0   0   0   0   0   0   0  19   0   0   0   0
   0   0  39   0   0   0   0   0   0   0   0   0   0  15   0   0   0   0   0   0   0   0   0   0   0  47   0  36   0  43   0  12   0   0   0
   0  34   0   0   0   0   0   0   0   0   0   0  28   0   0   0   0   0  27   0   0   0   0   0   0   0   0   0   0   9   0   0   0   0
   0   0   0   0   0   0   0   0   0   0   0   0  49   0   0   0   0   0   0   0   0   0   0   0   6   0   0   0   0   0   0   0   0
   0   0   0   0   0   0   0   0   0   0  26   0   0   0   0   0   0   0   0   0   0   0   0   0   0   0   0   0   0   0   0   0
   0   0   0   0   0   0   0   0   0   0   0   0   0   0   0   0   0   2   0   0   0   0   0   0   0   0   0  48  49   0   0
   0   0   0   0   0  22   0   0   0   0   0   0   0   0   0   0   0   0   0   0   0   0   0   0   0   0   0   0   0   0
   0   0   0   0   0   0   0   0  29   0  18   0  13   0   0   0   0   0   0   0   0  12   0   0   0   0   0   0   0
   0   0   0   0   0   0   0   0   0   0   0   0   0   0   0  27  45   0   0   0   0   0   0   0   0   0   0   0
   0   0   0   0   0   0   0   0   0   0   0  15   0   0  15   0   0   0   0   0   0   0   0  34  13   0   0
   0   0   0   0   0   0   0   0   0   0   0   0   0   0  27   0   0   0   0   0   0   0   0  28   0   0
   0  26   0   0   0   0   0   0   0   0   0   0   0   6   2  27   0   0   8   0   0   0   0   0   0
   0   0   0   0   0   0   0   0   0   0   0   0   0   0   0   0   0   0   0  36   0   0   0   0
   0   0   0   0   0   0   0   0   0   0   0   0   0   0   0   0  23   0   0   0   0   0   0
   0   0   2  18   0   0   0  27   0   0  40   0   0   0   0   0   0   0   0   0   0   0
   0   0   0   0   0   0   0   0   0  36   0   0  41   0   0  41  17   0   0   0   0
   0   0   0   0   0   0   0   0  12   0   0   0   0   0   0   0   0   0   0   0
   0   0   0   0  15   0   0   0  12   0   0   0   0   0   0   0   0   0   0
   0   0   0   0   0   0   0  30   0   0  16   0   0   0   0   0   0   0
   0  29   0   0   0   0   0   0  41   0   0   0   0  24   0   0   0
   0   0  29   0   0   0   0   0   0   0   0   0   0   0   1   0
   0   0   0   0   0   0   4   0   0   0   0   0   0   0   0
   0   0   0   0   0   2   0   0   0   0   0   0   0  24
   0   0  47   0   0   2   0   0   0   0   0   0   0
   0   0   0   0   0   0   0   0   0   0   0   0
   0   0   0   0   0   0   0   0   0  11   0
   0   0  33   0   0   0   0   0   0   0
   0   0   0   0   0   0   0   0   0
  44   0   0   0   0   0   0   0
   0   0   0   0   0   0   0
   0   0   0   0   0   0
   0   0   0   0   0
   0   0   0   0
   0   0   0
   0   0
   0

 451
   2   4  19  12   7  17  14  23  23  21  20   2   3  17  18  13  19  18   1  10  20   7   5  23   9   5  25   5   8   5  14  19   7   3  11  21   4  12   8  21

