  40 
   0   0   0   0   0   0  22   0   0   0   0   0   0   0   0   0   0   0   0   0   0   0   0   0   0   0   0   0   0   0   0   0   7   0   0   0   0   0   0   0
   0   0   0   0   0   0   0   0   0   0   0   8   0   0   0   0   0   0   0   0   0   0   0   0   0   0   0   0   0   0   0   0   0   0   0   0   0   0   0
   0   0   0   0   0   0   0   0  37   0  21   0   0   0   0  20   0   0   0   0   0   0   0   0   0   0   0   0   0   0   0   0   0   0   0   0   0   0
   0   0   0   0  17   0   0   0   0   0   0   0   0   0   0   0   0   0   0   0   0   0   0   0  38   0   0   0  13   0   0   0   0   0   0   0   0
   0   0   0   0   0   0   0   0   0   0   0   0   0   0   0   0   1   0   0   0   0   0   0   0   0   0   0   0   0   0  36   4  29   0   0   0
   0  15   0   0   0   0   0   0   0   0   0   0   0   0   0   0   0  29   0   0   0   0   0   0   0   0   0   0   0   0   0   0   0   0   0
   0   0   0   0   0   0   0   0   0   0   0   0   0   0   0  24   0   0   0   0   0   0   0   0   0  43   9   0   0   0   0   0   0   0
   0   0  50   0   0   0   0  46   0   0   0   0   0   0   0   0   0   0   0   0   0   0   0   0   0   0   0   0   0   0   0   0   0
  46  47   0   0   0   0   0   0   0   0   0   0   0   0   0   0   0  36   0   0   0   0   0   0   0  43   0   0   0   0   0   0
   0   0   0   0   0   0   0  38   0   0   0   0   0   0   0   0   0   0   0   0   3   0   0   0   0   0   0   0  20   0   0
  38   0   0   0   0   0   0   0   0  44   0   0   0   0   0   0   0   0   0   0  50   0   0   0   0   0   0   0   0   0
   0   0   0   0   0   0   0   0   0   0  12   0  34   0   0   0   0   0   0   0  32   0   0   0   0   0   0   0   0
   0   0   2   0   0   0   0   0   0   0   0   0   0   0   0   0   0   0   0   0   0   0   0   0   0   0   0   0
   0   0  40   0   0   0   0   0   0   0   0   0   0   0  37   0   0   0   0   0   0  40   0   0   0   0   0
   0   0  47   0   0   0   0   0   0   0   0   0   0   0   0  39   0   0   0   0   0   0   0   0   0   0
   0   0   0  22   0   0   0   0   1   0   0   0   0   0   0   0   0   0   0  44   0   0   0   0   0
  14   0   0   0   0   0   0   0   0   0   0   0   0   0   0   0   0   0   0   0   0   0   0   0
   0   0   0   0   0   0   0   0  15   5   0   0   7   0   0   0   0   0   0   0  42  31   0
   0   0   0   0   0   0   0   0   0   0   0   0   0   0   0   0   0   0   0   0   0   0
   0   0   0   0   5   0   0   0   0   0   0   0   0   0   0   0  12   0   0   0   0
  42   0   0   0   0   0   0   0   0   0   0  46   0   0   0   0   0   0   0   0
   0   0   0   0   0   0   0   0   0   0   0   0   0   0   0   0   0   0   0
   0   0   0   0   0   0   0   0   0   0   0   0   0   0  38   0   0   0
  43  26   0   0  45   0   0   0   0  33   0   0   0   0   0   0   0
   0   0  41  38   0   0   0   0   0   0   0   0   0   0   0   0
   0   0   0   0   0  50   0  39   0   0   0   0   0   0   0
   0   0   0   0   0   0   0   0   0  33   0   0   0   0
   0   0   0   0   0   0   0  31   0   0   0   0  43
   0   0  35   0   0   0   0   0   0   0   0   0
   0   0   0   0   0   0   0   0   0   0   0
   6   0   0   0   0   0   0   0   0   0
   0   0   0  14   0   0   0   3   0
  27   0   0   0  27   0   0   0
   0   0   0   0   0   0   0
   0   0   0   0   0   0
   0   0   0   0   0
   0   0   0   0
   0  15   0
   0   0
   0

 200
  11   2   4   7  18  22  15  15  16   9  15  22  12  11  15  23  17   6  15   3  18  10  17  12   4  25  12  10  16  23   1  23  14  18   6  10   2  15  12  15

