  40 
  18  45  21   1  32   8  17  22  14   8  21  17  13  19  24  37  18  13  28  32  43  20  16  14  19  42  40  33  39  42  14  19  18  13  42  49  46  23  28  22
  18  17  45  31  29  19  49   2  16  34  34  49  32  35  12  48  36   1  30   5  33  38  12  36  20  47  34  23  40  17  10   1  37  38  50   8  27  12   5
   5  14  48   2  10   7  47  26  46  35  32   8   9  17  24   3   7  30   6   3  18  24  35  31  44   6   4  33  26  24  36  21  33  13   4  39  50   8
  31   9   5   4  48  37  29  43  49  40  21   6   7  31  13  33  26  29  34  29  36  32  11  27  22  24  24  13   6  12  32   5  44  46   9  30  12
  28  45  19   3  37  16  19  14  33  30   9   9  45  40   3  36  20  40   8   7  19  28  47  43  17  23  45  34   4  27  37  47  48  15  18  36
  28  50  30  24  30  46  36   6  34  15   2  10  18  23  26  34   5   1  36   3  27  14  33  45  34  35  50  26  29  12  27  11  22  25  32
  34  10   3  47   5   5  40   8  21  26   6  19  31  28  33   9  29  49  46  50   1  25  40  32  36  15  20  13  37  34   8  50  16  39
  10  18  13  37  50  48  43  40  24  44  17  43  12  30  48   7  46   1   4   6  10  24  48  19  46  25  13  36  29  17   6  21  34
  40  14  21  18  21  32  33   8  44   1  32  37  23  28  18  16  25  50  25  49  20  42  12  29  23  36  40   9   1  31  48  29
  12  26  31  47  39  29  47   9  24   5  35  10  44  10  32  24  37   6  46   3   9  23  30   5  46  38  11   9  50  44  27
   3  27  38  44  34  30  13  27  31  23  48   2  18  12  25   5  35   9  22  27  50   4  23   9  24   3  44  40   9   5
  40  38  50  40  11  42  34  10  30  32  28   1  31   7  39   6  23  36  39  39  18  34  29  14  27  12  13  32  38
   2   3  31  36  18  25   7  25   5   5  37  21  48  25  28  33   7  17  48  48  41  37  30  43  25  29  32  27
  32   5  23   1  28  45  30   2  37   8  46  24  42   7  44  10   9   1  48  36  42  45  13  50   4  30  24
  18   8   1  34  46   6  37  18  42  24  50  50  48  22  31  30  32  12  49  45  24   8  46   5  36  32
  27  11  16  48  15  37  28   1  41   3  38   4  21   5   2  37  32  41  23  27  46  30  18  18  49
  39  27  35  29  34  50  20   7  21  32  22  12   8   9  35  39  14  11  27  33  25  11   1   3
  30  42   4  20  33  25  15   5   4  15   2  44  18  50  30  12  23  41  22  34  31   4  12
  42  11  26  20  45  27  35  36  11  34  25  37  10   5  42  31  14  16   2  22  40  43
   1  45  15  23  45  15  31  34  20  42  24  17  34  44  12  44   1  36  21  46  10
   8  19  47  49  23  23  18  31  42   1   4  26   5  32  40  16  39  18  24  13
  18  48   3  12  50  47  24  40  34   8   4  47   6  48  43  14  37   9  32
  28  39  10  28  20  26  39  18  36  20  24  33   3   6   7  12  29  17
   7  46  39  12  19   9  36  36   8   7  46  34  30   8  11  44  32
  25   8  10  20   8  31  48  41  47  48  44  33  39  49  35  23
  50  32   4  41  17  22  11  13  24  48   3   8  31  50  32
   3  20  18   9   3  44  47   9  25  33  36  50   9  43
   2  30  42  42   7  24  26   3  34   5  31  12  49
  35  20   4  41  32  19  45   4  12  39   9  50
  10   5  33  30  41  29  29  10  16  50  32
  43  34  43  39   8  15   7  11  39  36
   6  17  25  14  44  14  27  36   7
   9  31   1  16  46  30   3   6
   2   7  22  10  20  12   1
  16  49  27   5  18  34
  13  18  43   8  12
   6  13  50  23
  44  33  47
  37   5
  21

 361
   9  10  23  10   9  10  15   5  20   9  20  18   7  15   4  15   5   7   5  17  19   8   1   2   5  19  10  17   7  13  17  16  16  21  24   2  11   5  17  11
