  40 
   0   0   0   0   0   0   0  18   0   0  32   0   0   0   0   0   0  42   0   0  20   0   0   0  49   0   0   0   0   0   0   0   0   0   0   0  30  50   0   0
   0   0   0  15   0   0   0   0   0   0   0   0   0  23   0   0   0   0   0   0   0   0  47   0   0   0   0   0   0   0   0   0  23   0   0  42   0   0   0
   0  21   0   0   0   0   0   0   0  41   0   0   0   0   4   0   0   0   0  45   0   0   0   0   0   0   0   0   0   0   0   0   0   0   0   0   0  22
   0   0   0   0   0   0   0   0   0   0  22   0  11   0   0   0   0   0   0   0   0   0   0   0   0   0   0   0   0   0   0   0  28   0   0   0   0
   0   0   0   0   0   0   0   9   0   0   0   0   0   0   0   0   0   0   0   0   0   0   0   0  13   0   0   0   0   0   0   0   0   0   0   0
   0   0   0  18   0   0   0   0  26  25   0   0   0   0   0   0   0   0   0  47   0   0   0   0   0   0  13   0   0   0   0   0  28   0   0
  36   0   0   0   0   0   0  36   0   0   0   0  45   0   0  10   0   0   0   0  17   0   7   0  13   0   0   0   0   0   0  39   0   0
   0   0   0   0   0   0   0   0   0   0   0   0   0   0   0  13  18   0   0   0   0   0  50   0   0   0   0   0   0   0   0   7   0
   0   0   0   0   0   0   0   0   0   0   0   0   0   0  37   0   0  30   0   0   0  32   0   0   0   0   0   0   0   0   0   0
   0   0   0   0  43   0   0   0   5   0   0   0   0   0   0   0   6   0   0   0   0   0   0   0  33   0   0   0   0  46   0
   0   0  16   0   0   0   0   0  30   0   0   0   0   0   0   0   0   0   0   0  14  18   0   0   0   0   0   0   0   0
   0  41   0   0   0   0   0   0   0   0   0   0   0   0   0   0   0   0   0   0   0   0   0  47   0   0   0   0   0
   9   0   0   9   0   0   0  22  49   0  25   0   0   2   0   0   0   0   0   0   0   0  26   0   0   0   7   0
   0   0   0   0   0   0   0  41   0   0   0   0  34   0   0   0   0   0   0   0   0   0   0   0   0   0   0
   0   1   0   0   0   3  32   0   0   0  42   0   0   0   0   0   0   0   0   0   0   0  24   0   0  21
   0   0   0   0   0   0   3   0  25   0   0   0   3   0   0   0   0   0   0   0   0   0   0   0   0
   0   0   0   0   0   0   0   0   0   0   0   0   0   0   0   0   0   0   0   0   0   0   0   0
   0   0   0   0   0   0   0   0   0   0   0   0   0   0  22   0   0   0   0   0   0  10   6
   0   0   0   0   8   0   0   0   0   0   0   0   0   0   0   0   0   0  15   0   0   0
   0   0   0   0   0  38   0   0   0   0   0   8   0   0   0  49   0   0  31  33   0
   0   0   0   0   0   0   0   0  40   0   0   0   0   0   0   0   0   0   0   0
   0   0   0   0   0   0   0   0   0   0  27   0   0   0   0   0  38  12   0
   0   0   0   0   0   0   0   0  49   0   0   0  14   0   0   0   0   0
   0  13   3   0  39   0   0   0   0   0   0   0   0   0   0   0   0
   0   0   0   0   0   0   0   0   0   0  32  32   2   0   0   0
   0   0   0  47   0   0   5   0  26   0   0   0   0   8   0
   0   0   0   0   0   0   0   0  37   0   0   0   7   0
   0   0  17   0   0   0   0   0   0   7   0   0   0
   0   0   0   7   0   0   7   0   0   0   0   0
  26   0   0   3  42   0   5   0   0   0   0
   4   0   0   0   0   0   0  40  36   0
   0   4   0   0   0   0   0   0   0
  38   0   0   0  22  47   0   0
   0   0   0   0   0   0   0
   0   0   0   0   0   0
   0   0   0   0   0
   0   0   0   0
   0   6   3
   0   0
  13

 390
  25  23  23   1  24  19  23   1   8   1  10  20  22  17   7   8  17   1  14  15  23   1   4   7   8   6   6   1  11  16   8  18  24  20   8  21   7  11  19   5

