  40 
   7  34  36  50  25  11  38  21   9   5  38  14  28  20  21  36   9  34  43  31  30   3  11  47   8  45  17  36  14  25  35  22   1  40  11   6  33  16  41   1
  29  20  12  46  46  14  44  21  11  43  41   4  41  44   7  49  41  40  11  16  38  21  47   7  23  44  33  18  31  44  21  18  32  19  29  33  16  29  22
  26   3  37   7  19  16  36  39   3  24  13  27  12  48  17  40   6  31   1  18   5  19  30  28  19   3  25  22  23  25  17   4  24  10  31  44   5  17
  38  26  24  47  41  22  46  28  20  29  48   3  32   8  14   8  39  42  25  42  33  21  12  10  39  33  15  46  17  21   9  12  47  29  36   9  23
  29  34  18  44  26  47  44  25  48  47  10  16  28  27  30   7  47  15  29  26  26  33  14  30  36  10  50   1  43  44  44  50  39  38   5  43
  39  11  27  31  13   5   3  33  17   4  19  19  27  28  11  29   2  36  43   2  30  25  28  40  39  22  33  37  12   1  30  40  47  14  45
  39  17  22  42  14  42   5  13  32  33  45  16  34  29  14   2  16   6   1   1  18  28  39  43   1  30  13  16  22  25  43  13  31  50
  31  29   4  18  41   9  42  15  47  45  20  40  15  17   1  20  17  18  49  27  41  17  41  36  17  38  42  33  10  38  39   2  47
  45  17   2   7  14  21   8  37  37  46  15  16  22   5  15  19  30  31  18  18  41   1   5  20  32  43   9  12  18  16  21  38
   5  25  44  48   8  38  16  32  23  42  36  11  49  27  35  41  14   3  15  36  24  10   7  16  27  15  20  20  41  19  38
  22  22  23   7   3  21  16  12  48  36  25  33  33  45  40  42  48  22  27  34  19  49  24  46  39  34  35  45  46  42
  23   5  25  49  42  41  21  47  15  21  15  14  22  44  46  33  12  47  18   8  47  31  32  13  12  49  50  31  41
  45  22  38  21  29  14  48   2  14   4  32  24  43  50   3  50  44  26  39   5  18  36  49  22  10  10  25  38
  15  38  38  12  13  32  21  31  50  37  13   5  21  28  33  11  44  20  19  17  49   4   8  33   7  19  39
   9  23  36  37  31  23   2  15  49  39   3   9  33   9   6  39   3   1  10  42  47  31  49  40  39  37
  40  20   5  29  46  34   3  12  12  26  45  31   4  48   9  16  35  44  46  38  15  43  15  45  50
   4  10   6  10  27  15  15   4  10  17   5  11  23  46  18  22  11   4  34  46  34  10  40  22
  35  35  17   3  48  40   8  48   3   6   3  13  29  11  13  21   2   8   7  39   8  23  29
   3  38  31  21  38  40  48  21   8  41  30  20  19   2   5  42  13  49  41  15  35  50
  28  34  28  22  18  40  22  23  37   7  41   6  33  19  31   5  36  15  46  25  31
   5  10  30  16  12  38  37  38  15  20   1  21  36  15  29  23  32  15  37  12
  39  15  28   1  15  26  15  45  45  19  21  36  33   9  26  33  22  48  43
  37  20  27   3  25   5  32  31  31  19   7  24  26  13  12  43  36  34
  12  23  44  19  24  40  27  25  23  22  25  25  25  11  16  29   9
  20  29  11   5   1  32  45  32  36   9  13   8   8  12  46  18
  11  13  33  14  44   9   4  46  31  39  48  15  30  27  37
   2  25  13  26  10  13  18  22  44  20   3  49  48   4
  45  31  45   7  38  21  47  46  35  22  24  25  16
  28   1  31   8   1  12  20   3  41  24  30   5
  33  20   4  15  30   8  42  21   5  25  45
  30  19  10  40   3  36  40  28  26  13
  13  30  12  47  47  13   6  37  34
  40  50  16  37  17  33  32  29
   9  20  11  45  21  29  30
  23  26  38  44  19  49
  48  15  30  37  29
  29  48  41   8
  21  14  14
  18  34
  48

  52
   3  15   2  14  22  21  11  11   5   8  22  19  22  12  18   1  17  19   2  10   5  13  25  13  24  19  23  17  15  24   4  11  25  13  23   9  24  24  23   8
