  40 
   8   0   0   0   0   0   0   0   0   0   0   0   0  28   0   0   0   0   0   0   0   0   0   0   0   0   0   0  12   0   0   0   0   0   0   0   0   0   0   0
  24   0   0   0   0   0   0   0   0   0  31  11   0   0   0   0   0   0   0   0   0   0   0   0   0   0   0   0   0   0   0   0   0   0   0   0   0   0   0
   0   0   0   0   0   0  40   0  13   0   6   0   0   0   0   0   0  17   0   0   0   0   0  24   0   0   0  11  32   0   0   0  44   0   0   0   0   0
   0   0  20   0   0   0   0   0   0   0   0   0   0   0  16   0   0   0   0   0   0   0   0   0   0   0   0   0   0   0   0   0  33   0   0   1  32
  29   0   0   0   0   0   6   3   0  49   0   0   0   0   0   0   0   0   0   0   0   0   0   0   0   0   8  25  27  11   0   0   0   0   0   0
   0   3  50   0   0   0   0   0   0  37  17   0  36   0   0   0   0   0  20   0   0   0  39   0   0   0   0   5   0   0   0   0   0   0   0
   8   0   0   0   0   0   0   0   0   0   0   0  47   0   0   0   0   0   0   0   0   0   0   0  14   0   0  30   0   0   0   0   0   0
   0   0   0   0   0  31   0   0   0   0   0   0  32  17   0  48   0   0   0  29   0   0   0   0  13   0   0   0   0   0   0   0   0
   0   0   0  40   0   0   0   0   0   0   0   0   0   0   0   0   0   0   0   0   0   0   0   0   0   0   0   0   0   0   0   0
   0   0   0  48   0   0  37   0   0   0   0   0   0   0   0   0   0   0   0   0   0   0   0   0  11  34   0   0   0   0   0
   0   0   0   0   0   0   0   0   0   0   0   0   0   0   0   0   0   4  17  39   0   0   0   0   0   0   0   0   0   0
   0   0   0  32  21   0   0   0   0   0   0   0   0   0   0   0   0   0   0   0   0   0   0  24   0   0   0   0   0
   0   0   0   0   0   0  47   0   0  18   0   0   0   0   0   0   0   0   0   0   0   0   0  46   0   0   0   4
   0   0   0   0   0   0   0   0   0   0   0   0   0   0   0   0   0   0   0   0   0   0   0   0   8   0   0
   0  44   0   0  17   0  43  31  50   0   0   0  27   0   0   0   0   0   0   0   0   0   0   0   0   0
   0   0  18   0   0   0   0   0   0   0   0   0   0  12   0   0   0  43   0   0   0   0  15   0   0
  23   0  48   0   0   0   0   0   0   0  47   0   0  21   0   0   0   0   0   0   0   0   0   0
   0   0   0   3   0   0   0  15   1   0   0   0   0   0   0   0   0   0   0   0   0   0   0
   0   0   0   0   0  10   0   0   0   0   0   0  27   0   0   0   0   0   0   0  48   0
   0   0  32   0   0   0   1  23  38   0   0   0   0   0   0   0  46   0   0   0  26
   0   0   0   0   0   0   0   0   0  14   0   0   0   0   0   0   0  21   0   0
  15   0   0   0  41   0   0   0   0   0   0   0   0   0   0   0  14   0   0
   0  31   0   0   0   0   0   0   0   0   0  38   0   0   0  22   0   0
   0   0  11   8   0   0   0   0   0   0   0   0   0   0   0   0  24
   0   0   0   0   0   0   0   0   0   0   0   0  40   0   0   0
   0   0   0   0   0   0   0   0   9   0   0   0   0   0   0
  10  32   0   0   0   8   0   0   0   0   0   0   0   0
  13   0   0  41  37  38   0  37   0   0   0   0   0
   0   0  21   8  16   0   0   6   0   0  45   0
   0   0   0   0   0   0   0   0   0   0   0
   0   3   0   0   0   0   0   0   0   0
  10   0   8   0   0   0   0   0   0
   0   0  20   0   0   0   0   4
   0   0  25   0   0   0   0
   0   0   0   0   0   0
   0   0   0   0   0
  17   0   0   0
  25   0   0
  45   0
   0

 302
  13  16   5   8  18  17  12   4   9   9  15  10  15   4  23  15  19  17  17   1  18  18  19   5  13   9  10  16   1  22  16   2  19   1  13  17   7  12   6   6

