  40 
   0   0   0   0   0   0   0   0  13   0   0   0   0   0   0   0   0   0   0  14   0   0   0   0   0   0   0   0   0   0   0   0  30  18   0   0   0  37   0   0
  48   0   0   0   0   0   0   0   0   0   0   0   0   0   0   0  46   0   0   0   0   0   0  18   0   0   0   0   5   0  27  41  21   0  43   0   0   0   0
   0   0   0  50   0   0   0  12   0   0   0   0   0   0   0  38  24   0   0   0   0   0   0   0   0   0   0  15   0  41   0   0   0   0   0  25   0   0
   0   0   0   0   0   0   0   0   0   0   0   0   0   0  24   0   0   0   0  45   0   0   0   0  46   0  43  12   0   0   0   0   0   0   0   0  12
   0   0   0   0   0   0   0   0   0   0  50   0   0   0   0  24   0   0   0   0   0   0  27   0   0   0   0   0   0   0   0   0   0   0   0  20
   0   0  23   0   0  47   0  10   0   0   0  39   0   0  35   0   0   0   0   0   0   0  31  31   0   0   0   0   0   0  33   0   0  38   0
   0   0   0   0  48   0   0   0   0   0   0   0   0   0   0   0   0   0   0  40   0   0   0   0   0  24   0   0   0   0   0   0   0   0
  33   0   0   0   0   0  22   0   0   5   0   0   0   0   0   0  25   0   0  14   0   0   0   0   0   0   0   0  41   0   0   0   0
   0   0   0   0   0   0   0   0   0   0   0   0   0   0   0   7   0   0   0   0   0   0   0   0   0   0   0   0   0   0   0   0
   0   0   0   0   0  27   0   0   0   0   0   0   0   0   0   0   0   0   0  40  27   0   0   0  26   0   0  45   0   0   0
   0   0   0   0   0   0   0   0   0   0   0  50  36   0  27   0  41   0   0   0   0   0   0  12  18   0   0  41   0   0
   0   0   0   9   4   0   0  36   0   0   0   0  24   0   0  24   0   0   0   0   0  12   0  28   0  20   0   0   0
   0   0  31   0   0   0   0   0   0  38   0   3   0   0   0  36  18   0   0   0   0   0  45   0   0   0   0   0
   0   0  36   0   0   0  13   0   0   0   0   0   0   0   0   0   0   0   0   0   0   0   0   0   0   0  30
  27   0   0   0   0   0   0   0   0   0   0   0  50   0   0   0   0   0   0   0   0   0   0   0   0   0
   0   0   0   0  45  21   0   0   0   0   0   0   0  43   0   0   0   0  26   0   0   0   0   0   0
   0  40   0   0   0   0   0   0   0   0   0   0   0   0  22   0   0   0   0   0   0   0   0  31
   0   0   0   0   0   0  47   0   0   0   0   0   0   0   0   0  33  27   0   0   0   0   0
   0   0  21   0   0   0  31   0   0   0   0  44   0   0   0   0   0   0   0   0  50   0
   0   0   0   0   0   0   0   0   0  16   0   0   0   0   0   0   0   0  12   0  37
   0  13   0   0  29   0  35  36   0   0   0  11   7   0   0   0   0   0  23   0
   0   0   0   0   0   0   0   0   0  23   0   0   0   0   0   0   0   0   0
   0   0   0   0   0   4   0   0   8   0   0   0   0  27   0   0  45   0
   0   0   0   0   0   0   0   0  41   0   0   0   0  49   0   0   0
   0   4   3   0   0   0   0  10   0   0  29   0   0  20   0   0
   0   0   0   0   0   8   0   0   0   0   3   0  14   0  32
   0   0   0   0   0   0   0   0   0   0   0   0   0   0
   0   0   0   0   0  30   0   0   0   0   0   0   0
   0  27   0   0   0  24   0   0  44   0  29  42
   0  43   0   0   0   0   0   0   0   0   0
   0   0   0  34   0   0   0   0   0  18
   0   0   0  30  23  26   0   0  49
  33   0   0   2   0   0   0   0
   0   0   0   0   0   0  50
   0   0  35   0   0   0
   0   0   0   0   5
   0   0   0   0
   0   0   0
   0   0
   0

 250
   5  11   9  10   6  12  22  19   6  24   2  22  14   8   5  19  16  10  18   2   3  11  10   1   3   2  25   7  25   4  22  23   2  24  12  18  14  19   4  20

