  40 
  21  32  50  18  35  23  10  39  49  43  32  50  42   2   9   4  39   4  23  33  48   9  33   3  40  23  31  30  48  33   7   2  39  38  35  12  17  24   7  47
  31  32  24  24  42  22  34  47   1  31  33  48  13  32  47  31  19  20  35   2  48  43   1  47   3  48  33  42  45   8   5  46   4  11  23  17  14   7  32
  16   1  33   1  39   4   2  23  27  22  39  35  40  24  27   6  40  29  41  32  23  43  36  50   3  41  31  20  11  23   9  28  34  32  11   4  13   7
  28  36  32  41   1   8  24  48  24   9  12  23  48  40  12  26   5   8   3  24   5  21  28  48  33   5  43  20  35  43  23  20  43   1   2  21  43
  45  16  20   6   6   5  10  43  12  23   8  24  34  13  26  47  11  15  17  36  18  11  42  46  44  28  44  29  41   4  50  14   1   8  39  33
  25  29  31   5  19   9  31  15  39   2  31  41  47  20  15  19   6  22  17  36  42   9  18  30  15  24  39  39   2  49  44  34  47  28  29
  15  23  48  16  36  10  19   7  16  23   9  36  48   9   6  12  32  30  27  33  44   6  23  11  31  44   5  44  42   5  13  29  13  34
  35  13  50  44   3  29  26  31  49  27  50  44  27   1  13   2  21  28   5  15  49   9  35  48   7   4  20  19  36  10  45  10  13
  23  29  12   5  24   3   8  47  45  20   5  44  40   1  37  49  40  23  10  42  29   5  33  14   4  49  17  40  30  20  41   8
  47  43  44  48  50  42  24   2  25  42  34  27  25  39  15  19  12  23  39  26  20  44   5  16  35  29   8  22  19   3  22
  30  44  27  39  11  33  12  48  10  20  21  25  13  35  22  26  12   6  37   8  45   5   8  30   3  10  13  39  46  10
  13  33  41   3  18   9   5  13  17  21  17  32  16  44   4  15  28  15  46  34  27  19  12  47  16  33  34  31  37
  39  14  12  23  31  28  26  16  34  40  38  20  17  18  37  10  46  30  33  47  32   4   7  32  48  34   1  40
  21  10  18  30  49  50  49  25  34  33   7  13  17  50  33  11  30  26  25  27   5  24  48   5  37   1  37
   5  21   8   1  17  17  32  37  25  19  49  13   3   9   6  11  43  49  46  28  49  17  45  26  37  47
  22   8   3   3  38   6  37  46  34  44  35  45  26  24   1  10  15  22  30  38  23  25  35  25  48
   2  32  12  34   3  11   3   8  26   3   9  45  19  46   8  44  15  14   8  46  22  44  38  12
  11  11  17   9  30  36  34   8  39  20   1   5  49  47   3  25  28   2  45  33  40  31  23
  39  36  23   3  14  38  48  43  10  15  40  26  23  40   5  12  47  39  41   9  25  26
  10  48  12   8  20   8  18  23  13   5  19  22  35  37  39   9   6  27  46   5  35
  25  38  20  28  26  16  43  12  33  28   5  43  12   3  45  29  42   1  37  14
  11  27  30  47  29  38  43  23  31  21  31  50  49  11  48  23  10  30  11
   7  30  37  37  35  33   8  15  19  37  15   4  12   3  22  35  44  28
   6   3   4   9  34  50   5  23  35  18  35  21  33  23  26  49  39
  42  17  11   9   9  30  15  26  34  29   5  40  18  12  46   8
  11  21  11  50   8  27  14   2   5  17   4  21  32   7  13
  38  35  35   4   2  39  40   4  20  36  47  33  14  22
  37  31   9   3  12   9  19  38   1  16  50  41  26
  36   9  47  18  41  40  36  37  35  44  20  13
   3  32  28  19  12   4   6   7  37  43  29
  30  39   6  24   9  40  46   6  26  11
   5  14  12   3   9  31  16  17  32
  16  24  12  25   5  29  10  49
  15  20  43  49   3  41  26
  47  24  40  44  17  47
  20  35  30  15  23
  49  34  37  28
   1  38  24
  28  30
  44

 235
   4   2  21   8  13  14   8  19   9  10  13   1   2   7  14   3   1  12  13   2  14  14  25  15  25   1   7  17   5   8  22   1  22  14   7  24  22  23   6  19
