  40 
   0   0   0   0   0  38  44   0   0   0  32   0   0  44  42   0   0  46   0   0  41   0   0  43   0   0   3  43   0   0   0  21   0   0   0   0   0   4   0   0
  45   0   0   0   0   0   0   6  16   0  15   0   0   0   0   9   0  44   0   0   0  19   0   0   0  41   0   0   0   0  16   0  20   0   0   0  17   0   0
   0   0   0   0   0   0   0   0   0   0   0  36   0   0   0  25   0   0   0  44   0   0   0  27   0   0  21   0   0   0   7  27   1   0  38   0   0   0
   0  31  32   0  11   3  42   0  23   0   0   0   0  50   0  14   0   0  18   0  36   0   0   0   0   0   0   0   0   0  24   0   0  39  32  13   0
   0   0  15  29  17   0  23   0   0  37   0   0   0   0   0   0   0   0   0   0   0   0  45   0  21  27  20   1   0   0   0  44   0   0   0   0
   0   0   0   0   0   0   0   0   0   0  28   0   0   0  27   0   0   0   0   0   0   0   0   0   0   0   0   0   0   0  37   0   0   0   0
   0  44   0   0   0  32  17   0   0   0   0   0  47  41   0   0   0   0  13   0   7  18   0   0   0   0   0   0   0  37   0  37   0   0
   0   0   0   0   0   0   0   0   0   0   0   0   0   0   0  31   0  39  14   0  15   0   0   0  18   0   0   0   0  18   2  39   0
   0  43  35   0   0   0   0  25   5   0   0   0   0   0   0   0   0   8  22  31   0   0  37  13   0   0   0  33  37   0   0  50
   0  30   0   0   6   0   0   1   0   0   0   0  32   3  30  41   0  42   0   0  42   2   7   0   0   0  30   0   9   0  11
   0   0   1   0   0   0  44   0   0   0   0  35  25   0   0   0   0  14   0   0   3   0   0   0  24   0  18   0   0  43
   0   0  36   0   0   0   0  44   0   0   0   0   0   0   0   0   0   0   0   0   0   0   0  17   0   0   0   0   0
   3   0  34   0   0   0   0   0   0  40   0   0   0   0   0   0   0  31   0  14   0   0  26   0   0   0   0  47
   0   0   0   0   0   0  24   0   0   0   0   0   0   0  29   0   0   0  50  50  11   0  15   0   0   0  24
   0   0   7   4   0   0   0   0   0   0  36   0  32  23   0   0   0   3   0   0   6   0   0  14   0   9
   0   0   8  24  15   0   0   0   0  21   0   0  42   0   0   0   0   0   0   0   0  21  45  28   0
  50  21   0  16   0  24   0   0  46  46   0   0  33   0   0   0   0   0   0  25   3   0   0  31
   0   0   0   8  31   0   0   9   0  37  11  29   0   0   0   0   0   0   0   0   0  15   0
   0   0   0  39   0   0   0   0   0   0   5   0  24   0   5   0   0   0   0   0  23   0
  32  38  24   0   0  38   7   0   0  28  20   0   0   0  34   0   0   0   0   0   0
   0   0  41   0   0  47  12  17   0   0   0   0   0  33   0   0  38  34  39  13
   0   0   0   0   0   0   0  21   0   0   0   0   4   0  15   0   0   0   0
   0   0   9   0   0   0   0   0   0   0   0   0   0   4  38   0   0   0
   0   0  35   0   0   0   0   0   0   0   0  30   0   0   0  19   0
   0   0   0   2   0  26   0   0   0   1   0  45  25   0   0   5
   0   0   0   0   0   0   0   7   0   0  14  47   0   0  44
   0  13  47   5   0   0  42   0   0  46  26   0   0   0
   0   0   0   0   8   0   0   0   0   0   0   0  20
   0   0   0   0   0   0   0   0   0   0   0   0
   0   6   1  20   0   0   0   0   0  33   0
   0   0  46  10   0  33   0   0   0   0
  39  28  12   0   0  40  11   0   0
  27   0   7  19  16  20   0   0
   0   0   0   0  17   0   0
   0   0   0   0   0   0
   0   0   0   0  46
  40   0   0  18
  16   0   0
   0   0
   0

 150
   2  17  19  12  14   1  20  12   8  19  19  11  17  13   6  17   8  20   9   8  22   7  15   3  15   3   2  20  20   4  19   9  22   2   8  10  11  22  25  19
