  40 
   0   0   0   0   0   0   0   0  37  50   0   0   0   0   0   0   0   0   0   0  37   0   0   0   0   0   0  38   0   0   0   0   0   0   0   0  39   5   0   7
   0   0  45   0   0   5   0   0   0   0   0  17   0  50   0  50   0   0  24  42   0   0   0   0   0   0   0  20   0   0   0   0   0   0   0  13   0   0   0
   0  48   0   0   0   0  35   0   0  29   0   0   0  44   0   0   4   0  46   0   0  40   0  14   0   0   0  11   0   0   0  39   0  45   0   0  10   0
   0  34   0  13   0   0   0   0   0   0   0   0  39   0  42   0   0  32   0   0   0   0   0   0  40  25   0  15   0   0   0   0   0   0   0  28   0
   0   0  16   0   0   0   0   0   0   0   0   0  17   0  15   0   0   0  12   0   0  12   0   8   0  29   7  28  38  27   0   0  49   0   0   0
   0  29  35   0  36   0   5   0   0   0   9   0   0   0  44   0   0   0   0   0   0  24   0   0   0   0  11   0   0   0  15   0   0  22   0
   0   0   0   0   0   0   0   0  18   0   0   0   0  49   0  29   0   0   0  27  13   1  35   0   0   0  50   7   0   3   0   0   0  14
   0  39   0   0   0   5   8   0   0   0   0   0   0   0  46   0   0   0   0   0   0   0   0   0   0   0   0   0   0   0   0   0   0
   0  38   0  45   0  15  32   0   0  13  22   0   0   0  49   0   0   0   0   0   0   0   0   0   0  30   0   0  24   0   2   0
   0   0   0  24  13   0   0   0  23   0   0   0   0   0  27   0   0   0   0   0   0   0   0   0   0   0   0   6  29   0   0
  40  36  26   0  48   8   0   0  35   0   0   4   4   5   0   0   0   0   0  39   0   0   0   0   7   0   4   0   0  41
   0   0   4   0   0   0   0   0   0   0   6   0   0   0   0   0  20   0   0   0   0  40   0  49  28  49   0   7   0
   0  12   0   0  37   0   0   0   0   0   0   0   0  14  30   0  32   0   0  42   0   0   1   0  20   0   0   0
  28   0   0   0   0   0   0   0   0  44   0   0   0   0   0   0  39   0   0   0  19   0   0   0   0   0   0
  31   0   0  39  19  47   0   0   0  45  24  21   0  40   0   0   0   3   0  15   0   7   0   0  16   0
   0  24   0   0   0   0  22   0   0   0   0   5   0  44   0   0   0   0   0   0   0  28  31   0   0
   0   0   0  36   4   0   0   0   0   0   0   9   0   0   0   0   0  36   0   0   0   0   0   0
  16  40   0  27   0   0   0   0   0   0   0   0   0   0  44   0   0  42   0   0   0   0  41
   0  13  13  47   0   0  16   0   0   0  39   0   0  33   0   0   0   0  29   0   0   4
  35   0  46   0   0   0   0   0   0  12  45   0   0   0  18   0   0   0   0   0   0
   0   0   0   0  39   0  47   0   0   0   0  49   0   0   0   0  40   0   0   0
   0   0  40   0  16  41  45   0  37   0   0   0   0   0   0   0   0   0   0
   0   0   0   0   0   0   0  28   0  38   0   6   0   0  12   0   0  13
   0  50   0   7   0   8   0   0   0   0  34  23  49   0  38   0   0
   0   0   0   0   0  50  50   0   0   0   0   0   0   0   7   8
   0  18   8  10   0   6   6   0  21   0  29   0  19  12   0
   0   0   0   0   5   0   0   1   0   0   0   0   0   0
   9   0   0   0   0   0   0   0   0   0  40  46   0
   0   0   0   0   0   0   0  22   0  30   8   0
   0   0   0   0   0   0  41   0   0   0   0
   0   0   0   0   0   0   0   0   0   0
  11   0   0   0   0   0   0   0   0
   0   0   0  11   0   0   7   0
   0   0   0   0   0   0   0
   0   0   0   5   0   0
   0   0  35   4  27
   0  37   0   0
  12  23   0
   0   0
   0

 370
  21  19  17  24   1  21  12   7  19  16  14   5   9   6   6   8  11  10  19   6  24  21   8  10  19  25  22  19  22  19  14  18   5  17  15   7  17  12  18  17
