  40 
  13   0   0   0  30  42   2   0   0  50   0   0   0   0   0   0   0   0   0   0   0  33  15   0   0  10   0   0   0   0  17   0   0   0   0   0   0   0   0   0
   0   0   0   0   0   0  38   0  36   0   0  31   0   0   0  46   0   0   0   0   0   0   0   0   0   0  43   0  18  28   0   0   0   0  40   0  27  18   0
   0   0   0   0   3   0   0   0   0   0   0   0   0   0   0   0   0   0   0   0   0   0   0   0   0   9   0   0   0  28   0   0  21   0   0   2   0   0
   0   1   0   1   0   0   0  33   0   0  13  27   0   0  47   0   0   0   0   0  25  45   0  48   0   0   0   0   0   0   0   0  23   0   3  20  36
   0   0   0  27  20   0  11   0   0   0   0   0   0   0   0   0   0   0   0   0  30   0   0  43   0   0   0   0  43   0  29   0   0   0   0   0
   0   0   0   0   0   0   0   0   0   0   0  24  26   0  11   0   0   1  43   0   0   0  23   0   0   0   4   0   2   0   0   0   0   0   0
   0  37   0   0   0   0   0   0   0   0  45   0  42   0  20  20   0   0  34   0   0   0   0   0   0   0   0   0   0  28   0   0   0  38
   0   0   0  32   3   0   0  16   0   0   0   0   9   0   0   0   0   0  30   0  16   0   6  10   0   0  42   0   8   0   0   0   1
   0   0   0   0   0   0   0  27   0   0  16   0   0  31  48  48   0   0   3   9  44   0  32   0  19   0   0   3   0  14  11   0
  30  26   0   0   0   0   0   0  14   0   0   0  32  23   0   0   0   0   0   0  11  45   0  12   0   0   0   0   0   0   0
   0   0   0   0   0   0   0  12   0   0  20   0   0  32   0   0  22   0   0   0  27   0   0   0   0   0   0   0  23   0
   0   0   0   2   0  41   0   0   0  23   0   0  31   0   6   0   0  24  21   0   0   0   7  47   0   0   0   0   0
   0  30  42   0   0   0  37   0   0   0   0   0   0   0   0   0  47   0   0   0   0   0  17   0  35   0   0   0
   0   0   0   0   0  28   0   0   0   0   0   0   0  26   0   0   0   0   3   0   0   0   0   0   0   0  23
  25   0   0  25   0  44   0   0   0   0   0   0   0  23   0   0   0   0   0   0  34   0   0   0   0   0
  40   0   0   0   0   0   0   0   0   0   0  26   0   0   0   0   0   0   0   9   0  35  45  46   0
   0   0  16   0   0   0   0  42   0   0   5   0  17   0  49  35  11   0   0   0   0   0   0   0
   0   0  32   0   3   0   0  13   8   0   0   0   1   0  50   0   0   0   0   0   0  22   0
   0   0   0   0   0   0   0   0  38   0   0  28   0   0  12   0   0   0  10   0   0   0
   0   0  43   0   0   0   0   0   0   0   0   0   0   0   0   0   0   0  47   0   0
  16   0   0  23   0  45   0   0   0   3  26   0   0   0   0   0   0   0   0   6
   0   0   0   0   0   0   0  30   0   0   4   0   0   0   0   4  11  44   0
   0   0   0   0   0   0   0   0  15   0   0   0   0   0  38   0   0   0
   0   0   0   0   0  43   0   0   0   0  37   0   0   0  16   0   0
  37   0  37   4   0   0   0   0   0  39   0   0  24   0  33   0
  20  29   0  31   0   0  11   0   8   0  14   0   0   0   0
   0   0   0  49   0   0  47   0   0   0   0  44   0   0
   0   0   0   0  41   0   0   0   0   0   3  28   0
  22   0   0   0   0   0  22   0   0   0   0   0
   0   0  48   0   0  32   0   0   0   0   0
   0   0   0   0  11   0   0   0  23   7
   0   0   0  37   0   0   0   0   0
  27   0   0   0  31   0   0  44
  38   0   0  30   0   3   0
   0  49   0   0   0   0
   0   0   0   0   0
   0  17   0   0
   0  28  48
   0  32
  40

 214
   3   6  14   6  19  20  20  18  22   7  23   2  19  15   2   2  25  17   1   4  15   1  10   8   3  12  16  20  12  10  11   7   9  11  16  14  12  25   4   7
