  40 
   0   0   0   0   0   6   0   0   0   0   0   0   0   0   0  41   0   0  18   0  48   0   0   0   0   0   0  16   0   0   0   0   0   0   0   0   0   5   2   0
   0   0   0   0   0  46   0   6   0   0   0   0   0   0   0   0   0   0  31   0   0   0  44   0   0  17   0   0   0   0   9   5   0   0   0  34   0   0   0
   0   0  39   0   0   5   0  21   0   0   0   0   0   0   0  43   0   0   0   0   0   0   0   0   0  21   0   0   0   0   0   0   0  36  32   0   0   0
   0   0   0   0   0   3   0   0   0   0   0   0   0   0   0   0   0   0   0   0   0   0   0  30   0   0  18   0   0   0   0   0  17   0   0   0   0
   0  27   0  50   0  27   0  50   1   0  13   0   0   0   0  45   0   0   0   0   0  48   0   0  19  46   0   0   0   0  25  26   0   0   0  24
   0   0   0   0   0   0   0  48  26   8   0   0   0  31   0  14   0   0   0  37   0   0   0   0   0   0  33   0  17   0   0  14   0  34   0
  14  48   0  40  40   0   0  40   0   0   0  21   0   0  46   0  49   0  10   0   0   0   0   0   0   0   0   0   0   0  24   0   0   0
   0   0   0   0   0   0   0   0  11   0   0   0   0   0   0   0  41  38   0   0   0  23  46   0   0  11   1   4  41   0   0   0   0
   0   0  23   0   0   0   0   0   0   0   0  14   0   0  12   0   0  33  17   0   0   0   0   0   0   0   0   0  16   0  46   0
   0   0   0  41   0   0   0   0  50   0  23   0   0   0   0   0   0   0   0   0  19   0   0   0   0   0   0   0   0  48  48
  14  27  50   0   0  16  28   0   0   0   0   0   0   0  34   0  42   0   0  16   0  45   2  16   0   0   0   0   0   0
   0  32   0   0  49   0   0   0   0   0   0   0   0   0   0   0   0   0  37   0  47   0   0   0   0   0   0   0   0
   0   0   0  32   0  24  21   0  24   0   0   0   0   0   0   0   0   0   9   0  31  22  31   0   0   0   0   0
   0   0   0   0  25   0   0   0   0  38   0  10   0   0   0   0   0   0   0   0   0   0   0   0   0   0   0
   0  44  35   0   0   0   6   0  39   0   0   0  13   0  47   0   0   0   0   0   0   0  27   0   0   0
   0   0   0   0   0   0  31  18  28   3  49   0  11  31  38   0   0   0   0  42   0   0   0   0   0
   0  29  49   0   0   0   0   0   0   0  33   0   0  20   0   0  38  43   0   0   0   8   0   0
  43  14   0   0   0   0   0   0   0   0   0   0   0   0   0   0   0   0   1  44   0   0   0
  44  21   0   0   0   0   0   0   0   0   0   0   0   0   0  22   0   0  13   0   0   0
   4  37   0   0   0  31   0   0   0   0   0   1   0   0   0  34   0   0  12   0   0
   0   0   0   0   0   0   0   0   0   0   0   0  49   0  22  22   0  18   0   0
   0   0   0   0   9   0   0  50  45   0  32   1  49   0   0   0  38  32   0
   0   0  39   0   0  13  24   0   0   0   0   0   0   0  16   0   0   0
   0  28  13   0  10   0   0  42  16  13   0   0   0   0   0  42   0
   0   8   0  23   0  13  42  18   4   0  46   0  40   0   0   0
  30  38   0   0   0   0   0  48   0  24   0   0   0   0   0
   0   0   0   0   0  15   0   0   0   0   0   0   0   0
  44  32   0   0   0   0   0   0   0   0   0   2   0
   0   0   0   0   0  31   0   0   0   0  44   0
   0   0  21   0   0  45   0   0  30   0   0
   0   0   0   0   0  40   0  50   0   0
   9   0   0   0  24   0   0   0   0
   0  50   0  43   0   0   0   0
   0   0  16   0  26  24  14
   0   0   0   0   0  22
   0   9  45   0   0
   0  26   0   9
  45   0   0
   0  34
   0

  90
   5   2  23   5  15  17  17   5  11  12   4  17  16  12   9   5   1  24  16  17  10  12   2   2   6  11   5  24  17  16  16  18  14  25  11   8  19  11   1  22

