  40 
  15  46   0   0  28   0  21   0   0   0   2  48   0   0   0   0   0  20   0   3   0  42   0   0   0  41  18   0   0   0   0   7   0   0   0  31  32   0   0  13
  17   0   0  44  17   0   0   0   0  20   0  47   0  24  19   0  28  16   0  45   0  33  18   0   0  49  16  39   0   7   0  46  41   0  32   0   0   0   0
   4  40   0  23  24   0  48  38   8   0   0   0   0   0   0  25   0   0   0  46  30   0  21   0  14  39   0  35   0  50  35   0  46   0  17  31  50   0
   0   0   0   0  47   0  23  30  41  20  39   8   0   0   4   0   0   0   0  29   0   0   2  15  49   0  37  43   0   0  39  40  40  38  16   7  31
   0   0   0  10   0   0   0   0   0  36  49  23  11  29  44   0   0   0  35   0   0  41   0   3   0  50  11   0   0   0  48  20  17   0   0   0
  49   8  14  27   0  32   0  25   0   0   6  10  48   0  17   0   8  21   0   0  49  11   7  27  22   0  13  36  24   0  27   0   0   0  25
  39  34  22   0  22   0   0   0  29   0  23   0   0  13   5   0   0  28   0   0   0   4  19   0   0  18   0   0   0   0  44  18   6  37
   0   1   0  25  15   0  11   0   0  22  37  37   0   0  20  45   0   0   0   0   0   0   0   0   0  37   0  13   0  25   0  20   0
  27   0   0   0   0   0   0   0  44  44  30   0  13  32   0   0   0  16  14   8   0  50  26   0  10   0   0  39  47   0  30   0
   6  49   0   0   0   0   0  39  17  10   0  24   0  22   0   0  31  27   0  13   8   0   0  37   0   0   0  16   0  49   0
  27   0  26  40   0   0   0  25  11  48  45   0  41   0   0   0   0   9   0   0   0   0   0   2   0  45   8   0   0   0
  18  47  33   6  10   8   0   0   0   3   3  44   0   0  42   0   0   0  27   0  40   0   0   0  17  44   0   0  43
  30  48   0   0   0  47  27  36   0  25   0   9   0   1   0   3   0   0   0  29  13  20   0   0  11   7   0   0
  28   0  35  20   0   0   0   0  21  10  16   5   0  16  40   0   0  50   0  39   0   0  25   0   0  22   0
  38   0  21   0   0   0  22  19   5   9   9   0  29  50   0   0  17   0   0   0   0   0   0   0   0  32
   0  12   0  49  27   0  16  15   0   0   0   0   0  14  46  12  19  11   5   0   0   0   0  34   0
   0  36   3   0   0  16   0   4   0   2   0  50   0  29  49  36  28   0  31   0  21  19  42   0
   0  32  48  14   4  42  35   0   0   0   2   0   0  12   0   0   0   0  43   0   0  17   4
  41   0   0   0   0  25   0   3  11  14   0   0   0  37   2   0   0  45   0  30   0  40
  19  10   0   0   0   0  46  29   8   0   0  33   0  42  27  27  34   0  48   0  36
   0   0   0  30   0   9   0   4   6  27  47  45  21  45   0  35  46   0   0  12
   0  40   0  31   0   0  17   0   0  10   0  10   0  25   0   2   0  16   0
  36  44  39  32   0   0  36  12   0   4   0   0  50  22   0   0  31  30
   0   0   0   0   0   7   0   0   3  11  29   0  29   1   0  46   0
   0   0  15   0   0  45  50   0   0   0   0   0   0   4   0   0
   0   0  38   0  37  34   0   0   0   0   0   0   0   3   0
   0  27   0   0   7   0   0   0   0   0  23   0   4  46
  30  47   0  17   0  28   0   0   0  20  46  12  38
   0   0   0   0   0  41   0   0  15  45   0  36
  42  46  33   0   6   0   0  39   0  19   0
  33  11   0  35   5  33  17  24  38   0
  14  34  45   0   0   0   0   8   0
   0   0   0   0   0   0   0   0
  47  31   0  45   0   0   0
  22   0  14   0   0   0
   0  40   0   0   0
   0   0  26  11
   0  38   0
   0   0
  21

 212
  22  18  12   5  22  24  24   4   3  20  23   9  21   6  23   7  23  17   6   8  22  19   2  15   3  23  20   2  11  21  24   8  22  11  14  12  13  16  13   2
