  40 
  18   0   0  42   0   0   0   0   0  24   0  42  48   0  50   0   0  22   0   0   0   0   5  40   0  12   0   0   0  32   0   0   0   0   0  38   0  10   0   0
   0   8  37  17   0   0   0   0  29   0  24   6   0   0  14   0   0  18  44  25   0  32   0   0  14  34   0   0   0  40   0  44   0   0   0   0   0  45   0
  13   0  17   3   0   0   0   0  22  30   0  19   0  13  25   0   0   0   0  37  28   0   0   0   9   7   0   0  39   0  25   0  43   0   0   0  29   0
  19  23   0   0  30   0  30  16  28  37  26  27   0   0   0  45  50   8   3   0   9   1  17   0   0  20  39  42  26  24   0   0   0   0  26  49   0
  42   0   0   0   0  28   2  50  30  39  44   0   8   0  38  47  24   0  12   7  30   6  13  25   0   1   0  13  30   9  26   0  22   0   0  29
  35   0   0  33   0  23   0   0  45  36  45   0   0   9   0  44   0   0  47   8   0   0  29  12  17   8   0  28   0   0  18   0   0   0   0
  36   5   0  18  37   4  25   0  24   1   0  27   6   0  20  16   0  33  39   0  24   0   0  31   0   0  24   6   0   0  23  32   0   0
   0  43  45   0   0   0   6  49   0  17  12  37   0   1   0  23  45   0   0   0   0   0  14   0   0  19   0  24   1  17  36  19  23
  47  29   0   0   0  31   0   0   0   0  45   0   0  47  50  13   0  29  48  49  26  40   0  30   0   0  24   0   0  11  23  11
  21  29  25  44   0  38   0   0   0  43  41  44  31   0   0   0  49   2   3   0  46   0  39   0  50  34   2   0   0   0   0
  29   0  17   0  22   4   0   0  38   0   0   0  40   0   0   0   0   6   0  18  41   0   6  40   0  34  10   0   0   0
  39  23   0   0  16   0   0  12   0   0  31   1   0   0  41  42   0  37   0   0  26   0   0  35  22   0  29   0   1
   0  20   0  33   0   0  11   0   0   0  24   0   0   0  22   0   0   0   0  13   0   4  42   0   0   0  39   3
   0  16  16  31   0  10  44   0   0   0   0   9  12  43   0   0   0   0  14  27  50   0   0  20   0   0  36
   0   0  40  24  16   0   5   0  21  19  35  15  26   0  50   0   0   9  10  50   0   0   0  40   0  35
   0   0   0  21   0  35   0   9   0  50   0  47   0  17   0  43  16   0   0  20   0   5  33   0  13
   0  28  40  48  50  41   0  34   0  27   0   0   0   0   0   0  14   2   0  17   0   0  33   0
   0  45  33   0  18  24   0  40   8  37   0   0   0   1   0   0  30   0  16   0   0   0   0
   0  37  43   0   0  23   0  30  40  29  30   0   0  15   0   0   0   0   0   0  11   0
   0  19   0   0   0   0   0  10  35   0   0  22   0  22   0  20   0   0   0  11  41
  19  22   0   7  49  39  20   0  38   0   0   0  11   0  27   7  44   5   0  31
  36  41   0   8   8   0  34   0   2   5  21  38  24   4   0  24  36   0   4
   3   0   0  22  45  10   0   9  20   0  20  20  47  42  24   6   0   0
  48   0  32   0   0  13   0   0  19  21   0  25   0   0   0  49   6
  48  40   0  20  13   8  26   0  14   0   0   6   0   0  18   0
   0   4   0   0   0  39   0  29  13   7   0   0   0   0   0
  31  11  25   0   0   0   0   0   0  23  10   0   0   0
   0   0  28   0   0   0  17   0  42   0  41  47  14
   0   0  32   0   2  14   1   0  45   0   0   0
   0   0  48  32   0   0  20   0   0   0   0
   0   0  31   7   0   0   0   0   1  46
  21   0   0  23  10   0  43   0  28
   0  16   0  44  35   0  10  13
   0   0  13   0  41  15   8
   0  17  18   0  31   0
   0  23  24   0  40
   0  29   0   0
  26   0   9
   0  40
  42

 552
  17   1  24  25  16  13  25  17  15  17   2   1   9  24  12   6  19  12   6  17  23  10  14  25  11  15   2  10   6  21  23  16  21   2   4  15   3  22  19  15
