  40 
   0   0   0   0   0   0   0   0   0   0   0   0   0   0   0   0   0   0   0   0   0   0   0   0   0   0   0   0   0   0  44   0   0   0  17   0   0   0   0   0
   0   0   0   0   0   0  26   0   0   0   0   0   0   0   0  34   0   0   0   0   0   0   0   0  24   0   0   0   0   0   0   0   0   0   0   0   0   0   0
   0   0   0   0   0   0   0   0   0   0   0   0   0   0   0   0   0   0   0   0   0   0   0   0   0   0   0   0   3   0   0   0   0   0   0   0   0   0
   0   0   0   0   0  22   0   0   0   0   0   0   0  10   0   0   0   0   0   0   0  33   0   0   0   0   0   0   0   0   0   0   0   0   0   0   0
   0   0   0   0   0   0   0   0   0   0   0   0   0   0   0  35   0   0   0   0   0   0   0   0   0   0   0   0   0   0   0   0   0   0   0   0
   0   0   0   0   0   3   0   0   0   0   0   0   0   0   0   0   0   0   0   0   0   0   0   0   0   0   0   0   0   0   0   0   0   0   0
   0   0   0   0   0   0   0   0   0   0   0   0   0   0  39   0   0   0   0   0   0   0   0   0   0   0   0   0   0   0   0  49   0   0
   0   0   0   0   0   0   0   0   0   0   0   0   0   0   0   0   0   0   0   0   0   0   0   0   0   0   0   0   0   0   0   0   0
   0   0   0   0   0   0   0  23   0   0   0   0   0   0   6  31   0   0   0   0   0   0   0   0   0   0   0   0   0   0   0   0
   0   0   0   0   0   0   0   0   0   0   0   0   0   0   0   0   0   0   0   0  22   0   0   0   0   0   0   0   0   0   0
  28   0   0   0   0   0  28   0   0  40   0   0   0   0   0   0   0   0   0   0   0   0   0   0   0   0   0   0   0   0
   0   0   0   0   0   0   0   0   0   0  49   0   0   0   0   0   0   0   0   0   0   0   0   0   0   0   0   0   0
   0   0   0   0   0   0  26   0   0   0   0   5   0   0   0   0   0   0   0   0   0   0   0   0   0   0   0   0
   0   0   0   0   0   0   0   0   0   0   0   0   0   0   0   0   0   0   0   0   0   0  43   0   0   0   0
   0   0   0   0   0   0   0   0   0   0   0   0   0   0   0   0   0   0   0   0   0   0   0   0   0   0
   0   0   0   0   0   0   0   0   0   0   0   0   0   0  26   0   0   0   0   0   0   0   0   0   0
   0   0   0   0   0   0   0   0   0   3  27   0   0   0   0   0   0   0   0   0   0   0   0   0
   0   0   0   0   0   0   0   0   0   0  20   0   0   0  24   0   0   0   0   0   0   0   0
  12   0   0   0   0   0   0   0   0   0   0   0   0   0   0   0   0   0   0   0   0   0
  47   0   0   0   0   0   0   0   0   0   0   0   0   0   0   0   0   0   0   0   0
  26   0   0   0   0   0   0   0   0   0   0   0   0   0   0   0   0   0   0   0
   0  27   0   0   0   0   0  26   0   0  42   0   0   0  18   0   0   0   9
   0   0   0   0   0   0   0   0   0   0   0   0   0  25   0  15   0   0
   0   0   0   0   0   0   0   0   0   0   0   0   0   0   0   0   0
  32   0   0   0   0   0   0   0   0   0   0   0   0   0   0   0
   0   0   0   0   0   0   0   0   0   0   0   0   0   0   0
   0   0   0   0   0   0   0   0   0   0   0   0   0   0
   0   0   0   0   0   0   0   0   0   0   0   0   0
   0  22   0   0   0   0   2   0   0   0  43   0
   0   0   0   0   0  48   0  38   0   0   0
   0   0   0   0   0  36   0   0   0   0
   0   0   0   0   0   0  28   0   0
   0   0   0   0   0   0   0   0
   0   0   0   0   0   0   0
   0   0   0   0   0   0
   0   0   0   0   0
   0   0   0   0
   0   0   0
   0   0
   0

 511
  16  15  17   9  16  17   6  21  20   4   1   6  16   1  20  24  25  17  18   7  16  13   1   4   1  21  15   4  17  21  19  24   3  23   4   1  13  22  20  20

