  40 
  20   0   0  10   0  15   0   0   0   0   0  25  10  18   0   0   0   6   0  30  31   7  47   0   0   0   0  37  22  32   0  30  21  20  33   0  24  19   0   0
  36  28  30  21   0   8  16  26   0  14  15   1   0  36   0   0   0   0  34   0   0  25  21  11   2  30   0  13   0   0   0   0   0   0   0  43   0   9  20
  50   0   0   0  16   0   0  23  17   0   1   0   0   0  17   0   0   2   0   0  37   4   0  33   0  20  14   0   0  18   0   0  48   0  38   0   0   0
   0   0  16   0  34  49   0   0  30  18   0  27   0   0   0  45   0  26   0  25  41  33   0   4   0   0  24   0   0   1   0   0  11   7   0   0  36
  19   0   0   6  10  24  20   0   0   0   0  34  14   0   0   0  21   5  37  50   0   7   0   0  23  27  27   0   0   0   0   0  49   3   5   0
  42  10  18  33   0   0  21  38  14  14  12   5  26  27   0   0   0   0   0  41   0   0   1  29   0   0   0   0   0   0  50   0  49  42  23
   0  31  33  44  38   0   0  18   0  24  47   0   0  15  40   0  48  26   0  13   0  28   0   0   3   0   0  14   0  31  30   0  16   0
   0   0   0   0  47  14  19   0  11  13  28   0   0  43   0   7  16   8   0  27  27   1   0  32   8  37   0  20   0   0  18  40  22
   0   0  41   0   0  24   0  40   0  45   0  39  34   0   9   0   0   0   0   0   0   0  23  33   0  15  12  12   1  33   0  12
  43  17  50  45  44   0   0   0  13   0  19   0   0   0  42   8  23  37   0  45   0   0   0   9   0  10  37  30  28   0  47
  38   0  18   0   8  36  23   0   2   0   0   0  43   0  21  41   0  44   0   0   3  36   0   4  22  13  25  17   0   0
   0  49   0   0   0   0  39  31   0   0   5  35  21   6  46   0  13  23  13  38   0   0   0  39   0  32  12  22   9
  30   0  25  37  47  46  17  24   0   0   0   0  28  24   6   0   0   0   0   0  16  47   0   0   7  22   4   0
   0  37  37   0  42   0   0  32   0  29   9  46   0   0   0   0   0   2   0  44  43  47  24   0  37   0   0
   0   0  50   0   0   9   0  34   0   0   0  23   0   0   1   0  18  22   0  33   0  13  25   0   0   0
  24  35   7  15   0   0   4  33   0   0  47   0  39  32   1  36  44   0  19   6  32  26  19   5   0
  10   0   0   0   0  36   0   0   0   0   1   0   0  26   0   8  15  32   0  11   0   0  33  42
   0   0  41  15   0   0   0   0   2  30   0   0  22   0  12  35  15   2   0   0   0   1   0
  14  25   0   0   2   4  17  11  32  32   0   0   0  22   0   9   0   0  48   0  27   8
  16   0   0   0   0   0  26   0   0  28   0  39   0  31   0  17   0  24  19   0   0
   0   8  49   0   0   0  36  16   2   4  46   0  35  37   0  17  18   0  27  29
   0   0   0   0  17   0   0   0  20   4  26   0   0   0  39   0  25   0  38
  28  44   5   6   0   0  33   0  16   0  18   0  10  46  17   0  30  27
  39   0  21   0   0   0  17   0   0   0  17  35  48  46   0   0  39
  43  46   0   0   0  29   5  33  27  47   0   0  48   0  49   0
   0   9   8   0   0  10  40   0  11   0   3  14   9   0   0
  17   0   0   0   3   0  22   0   0   0   0   0   8  45
  27   0  38   0   0   0   0  37  15   0   0   0  20
   0  31  34   0   0   0   3   0   0  19  24   0
  22   0   0   0  24  12   0  32   0  20   0
  27   0   0  40  31   0   0   0   1   0
   0   0  42   0  16   0   0   0   0
   0  21  45  31  50   0  16   6
  19  14   0  26  17   0   0
  44   0   0   0   0  41
  22  49   0   0   0
   4  28   1   0
   0  10  34
   0  23
  23

 410
  12   2  16  11  11  16  25   1  23   1  23  13  17  25  15  23  19  23  24   9  25  16   5  23  13   8  14   2  22   6  13  24  18  19  20  10  14  25  11   9
