  40 
  28  50  23  36  25   0   0  26  21  31  45   0   0  42   0  39   0  40  44   9  39  35   0   0  24   5   0  30   0  12   0  10   0   0   0  13   0  15   1   6
   0   4  26   0   0   5   0   0   0   0  18  17  26  10  15   0   0   0  30  28  24   0   0   0  11   0  16   1  10  29   0   0  32   0   0   0   0  47  38
   0   0  29   0   0   6  31  34   0   0   0   0   1   0  39   0   0   0  30   0   0   0  44  36   0  34   0   0   0   0   0   0   0  39   0   2  15   0
   0  34  46  33   8   0   4  23   0  12   0   0   0  19  43  45   0   0   8   0   0  19  37  25  30   0   0   0  32  37   0  44  25   0  15   0   0
   4   8   8   0   0  44   0   0   8   0  18  42   0  21  11  18  35   0   0  42   0  29  44   0   0  34   0  25  13   0  18   1   1   0   0   0
   0  24  21   3  29  33  35   0  43  18   0   0  42   0   0   0   0  34   0   0   4   0   9   0  23  50  25  20  47   0   0   0   0   0   0
   0  48   1  39  36  34   0  38   0  20  17  36  14   0  34   0  31   0   0   0   3   0   3   5   0   0   0  26   0   0   0   1  16   0
   0   0   2  15   0   0   0   0   0   0   0   0   0   0  22   0   0   0  16  40  41   0   0   0   0   0  12  30   1   0   9   0   0
  44   0   0   0   0  46   0  29  21   0   0   0  38   0  50   0   0   0  31   0  29   6  41   0  40   8  44   0  24  30   1   0
   0  50   0  38  38  14   0   0  27   0   0  21   0   0  40   0   0   0   6   0   0   0   0  38  42  38  36   7  36   6  45
   0   0   0   0   0  23  43  11  34  27   0  12   0   4   0   0   1   0   0   0   0   8  42   0   0   9   0   0   0   0
   0  18  50  37   0  45   0  22  31  40   0  25   0   0   0  49  47   0  35  12  23  13  35   0   0   0   0   0   0
  33  44   0   0   0   0   0   0  21   0   0   0  33   5   0  18  36  24  14   0   0   0  48   0  28   1   0  18
   0  27   0   0  33  21   0  22  13  13   0  31  40   0   0  33   0  50   0  41  43   0  30   0  10   0   0
   0  20   0   0   0   0   0   0   0   0   0   0  43   5  43  19   0  40   0  27   0  38   0  47   0   0
   0  33  46   0   0   0  36   0  41   0   1  16  41   0   0  44   8  42   0  30  23   5   0  16  25
  26   0   0  10  33  47   0   0   6  43   0   0   0   0   5   0   0   9  14   0   0   0  29  40
  25  45  29   5   0  29  19  42  34  19  47  49   0   0  22   0   0   0   1  43   0   0  47
  11   0  44   3   0   7   0  46   0  24  14  36  12   0  15   0   0  14   0   0   0   0
   0  23   0  22   0   8  16   0   2   0   0   0  27  14  44  29   0   0  39   0   0
  29   0   0   0  32   3  39   0  18   0  36   0   0   0  10  45  38  17  29  31
  37   6   0   0   0  16   6  10  29   0   0  45  35  46   7   0  18   0   0
   0   0   0   1   0   0  43  25   0   0  43   0  11  23   0  29  34  49
   0  14  40  13  40   0  23  13   0  50  27   0  11  45  33   0   0
   0   0   0  48  17   0  47   0   0  21  17   7  42  38  33  13
  46  24   0  19  31   0  37   0   0  15  19  23   0  42  29
   7  43   0   0  49   8   0   0  31   0   0  13   0  20
   0   8  27   0   0   0  48   0   0  38  33   7  38
   0   0  16   0  38   0   0  32  24   0   0   0
   0   0  13   0   0   0  10   0   0   0   0
  27  18   0   0   0  14   0  31  28   2
   6   0   0  33  41   0   0   0  26
   0  33   0  42   0   0   0  11
  46  20   0  48  19  36  24
   0   0   0  38   0  26
  43  30  42  47   0
  36   0  26  22
  20   0   0
  19   0
   0

 452
  25   1   2   3  11   8  19  21   3  14  18  18  16  23   9  12  22  13  14   8  18  18  23  10  13   7  11   6  17  24  24  24   7   2   5  13  16   6  20  10
