  40 
  12   3   0   0   0   0   0   0  45   0   0  29  11   0   0  11   0  25   0  39  19  22  32  39  20  33   0   8   9  39   0   2   6   0   0   0   0  36   0   0
  10   0   0   0  43   0  37  40   0  47   9   0  15   0   0   0   0   0  45   0   0   0   0  11   0   0   0   0  36   0  22  25   0  34   0  34   0   0  13
   6  46   3  47   0   0   6   0   0   0   0   0   0   0   0  13   0  43   0   0   0   0  28   0  25  33   0   5   0  28  13   0   0   0   0   0   0   0
   0   7   0   0   0   0   0   0   0   0   0   0   0   0  28   0   0   0  15   0  33   0   4  46   0  24   4   0   0   0   0  29   0   6  36  40   0
   0   0  24  12   0   0   0   0  25   0   2  20   0  17   0  17  11  25   0  29  49   0  19  39   0   0   0  40   0  22   0   0   0   2   0  26
  34  33   0  26  26  19  23  45   0   0   0  38  28  38  11   0   0  28   0  38  50  48  15   0  23  25   0   1  50   5   0  44  13  21  42
  14  50   0   0  49   0  26  35  19   0   0   0  31   0   0   0  21   9   0   5   0  49   0  34  45   0   0   0   4  14  45  46  44   0
  43  13  36  38  10   0  34  20  41   0  23   0   0  11   0   0   6   0   7  15   0  28   0   0   0  26  29   0  10   0  37  24   0
   0   0  15  48   0   0   0  43   0   0  34  46  19   0  27   0  10  20   0   0   0   0  12   0   0   1  50   3   0  18   0   0
   0  29  47   0  38   0  46   0   0  29   0   0   0  25   0   0   0  35   0   0   9  37   0   0  46   0   0  21   8  11  21
   0   9   0  32  48   0   0  47   0   0   0   0  13  31  47   6  32  11   3   0  15  14  13   0   0   0   0   0   2  45
  30  30   0  10   0   0   0   0   0  30   0  37   0   0  11  25  42   0   0  14   9  42  39   7  33   0   0   0  29
  46   0   0  44   0  22  36  38  29  27   0   0   9  17   0   0  25  31  44   0  23   0   0  27  36  11  23   0
   0  34  13   0   0   1   0   0   0  26  36   0   5  29   0   0   0  38   0  17  25  34   0   0  16   0  37
   8   0   0   0  46   0   0   0  44  35  49  24   0  23   0  17  38  10  35   0  11   9  49  11  28   0
  33  21  11   0   0   0  37  12   0  15  22  31  20  20   0  16   0   4  47   0   0   0   0  23  47
   0  46   9   0  29   0   0   0  13   8  46   0   0   0  29   0  27  43   0  35   4   0   0   0
   0   0  36  22   0   0  12   0   0  20   0   0  44  13   0  15   0   0   5   0  24  16   0
   0   3  33   0   0  50   0  10  39  13  40  50   0   0  40  22   0   0  13   0  11  18
   0  45  45   0   0  16   0   0   0   1   0   0  44  18   0   7   0   8  11  35  44
  36   0   0   0  38  48   0  25   0  29  50   0   0  44   0  37  36  23  14  50
  17  45  37   6   5   0  24   0  34   9  11   0   0  22   0   8   0  16   2
  43   0  22   3  44   0  35  39   0   0   1   6  16  29   0  25   0   0
   0   0   0   0  46  23   0   1   0   0  32   0   9   0   0   0   0
  14   0   0   6   8  47   0   0  11   0  13  29   0  16   0   0
   8   4  28   0   7  44  40  20  21   0   0  16  19   0  14
   0  24  45   0   0  42   6  32  10  23   9   0   0   0
   0  50   0  36   0   5  11   4   0   0   0   0   0
  35   0   0  44   0  18   0  44   0   0   4   6
   0  33   7  18  25  27  27   0  27   9  11
  29   0   0  48  25   0   0   0   0   0
   0  14  16  33  23  25  33   1   0
  28  46   0  16  30   5   0   0
  14  46   9  17   0   6   3
  13  47   0   0   0  33
   0  46   0   0  46
   0   0  44   0
  14  37  39
  14  46
   0

 187
  24   9   3  11  24  16   6  10  14  14   5   2  16   5   4   5  21   7   9   8  14   1  18   1   1   6  15  20   8   9   2  11  16  10  15   6  16  16  23  22
