  40 
  19  14   4  32  49  25  23  14  48  37  49   0  18   9  20  13   0   4  27   6   0  47  16  17   1  37   0  33   4  15   0   0   0  21  25   0  34  18  23  21
  49  14  32   2  32  29   8   1   0   9   4  33   9   0   0   0  44  24  32  40  40   5   0   0  32  20   2  30   0   0  16  36  41   3  10  11   4  36   3
  26  29  19   0  42   0   0  38   0   3   0  42   6  18  20  21   9  49  45  10  31  39  37   1   5  28   3  32   3  25  25   0  13  36  24  39   0   0
  10  50  46  19  41  35  17  47   2   2   0  19   0  24   0   0  43  41   0  46   0   3   0   9  29  37  27  36   3   0   8  48   0  43   8   0  34
  17  10  37  50   0  11   2   0   0  28   0  37  39   9  27  27  43   0  38  18  13   0  11   0   6   0   0  35  14   0  42  11   1  41  21  30
   0  12  34  35  33  27   6  49   0  29  40   0  20  36  40  17  26  40   0  43  36   4  20  33  21   8  19   8  31   0  17  25  18  19  43
  15  16  26   2  45  15  24  13  43  33   7   0  33  22  37  20  16  48  21  42   0  32   0   2   0  10   0   0  46  48  17   2   2  34
  44  48   0  32  50   0  37  19   0  50  13  18  38   0  28  35  43  15  20   8  44   0   3   0   0   3  14   0  17  23  50  28  11
  15  20  30  10  22  46  27   0  44  13   6  36  43   0   9  18   9   0  27   7   0  20   3   0  10   0  28   5  40  21  43  16
  33   0  33   1   0  14   1  45  15   0   0   0  14   0   0   0  16   0  21  19  23  14  44   0  23   0  25  41  26  41  20
  35  11   0  37  15   0   0  11   0  50  35  41  34  13  32   7  18  20  21   0  13  40  36   9   0   0  48  39   7  11
  48  43   5   0  30  28  10   0   0   0  18  46  40   6  45  26   0  24  27   6  32   9  39   0  13  22  18   0   4
  17  34   0   0   0   0  14  24   5  26   0  20  35  29  37  25   4  11  12  37  13  44  33  30   0  13   0  37
   9  42   0   0  44  15  43   0   0  30  17  35  10  49   0   3   0   5  33  20  17  49   0  22  39  48  45
  31   0  42  23  46  14  18  25  29  13  31   0   1   5  21   0   0   0   0  12  15   3   0  39  16  15
   2   7  39   0  22   0  32  11  36  33   9   0   0  18  47  22   2   6   0  42  24  46  30  46  10
   0  42   7   0  40   5  42   0  20  45  35   0  27  26  20   0   0  31   0  36  22   3  12  23
   0   0   1  30   0  30   0  39  18  11  45  47  21   3  28  27   0  26  44   0  38  41   0
  47  35   0  16  43  18  43  42   1   0  15  35   0   1   0   0  42  22  21  22  50   0
  13  36   0  17  22  46  35  46  25   0  22  29   0  42  26   0   1  22  25  16  46
  28   0  33  16  36   0  46  10  13  23  40   0   0   4   0  27   5   0  49  24
   0   5   0   2  20  15   0   9  17  42  29  49  26   0   0  41   1   0  18
  35   0  40  33  26  37  36  25  31  21   0  35  42   0  20  30   2  45
   0   1  44  19  42   0  37  28  35  22  49  44  10  24  11   0  19
  41   0  29   0   0   0  33  34  41  17  23   0  15   6  11   0
  41  49  22   5  13  35  36  43  17  48  36  32   3   0  41
  14  41  27   0   8  28   0  27  15  28  36  27  39   0
   0  40  41  26   0   0  43  33   9  21  34  39  45
  30  48  41   0   0  13  32   8   0   0   0   0
  40   0   7  23   0   0   0  10  45   0  13
   2   5  16  47  47  36  24  24  25  35
   0  28  41  24  44   0  39  13   0
  31  20   0   7  18  21  37  35
  26  47  39  32  36  18  28
  34   0   4  37   0  37
  50   0   0  13   0
  29  15  30  14
  43  21  13
  13  20
  17

 156
  13   9  20   1   5  21  20  19  19  15   8  15  19  13   9   6  14   7  12  15   6  24   9   6  10  13   3  14  17  19  17  18   1   2  20  19  15   5   8   4
