  40 
  19   6   0  44   4  47  28  34  40   8  49  34   8   3   0  10  37  45  26   0  42  26   0   9  38   0  19  46  16   0   0   0  46  22   0   7   0   0  23   0
   5  23   3  45  19  45   4   0  17  43   0  24  22   0  14  46   1  22  19   4   2  38  33  34   0  28   1  19  36  33  17  26   0   5  34   0  41  24  41
  32   8  49  24  18   0  20  47   6  44  41  32   0  48  12  42  25  29  34   5  48   8  11  42  36  15   0   1  50  49  43   0  23  12  25  26  29   1
  36  26   7  10   0  44  16  18  23   3   1  48   4  13  24  40   0   0   0  18  50  34   0   1  35  15   0   0   0  31   0  19   1   0  32  11  23
  28  47   3   0  11  11  43  45  14  23  45   0  18  31  49  20  35   0  24  36  13   5  24   7   0   3   8  43   8  14   0  47   0  29  29   0
   0   0  46  31  30  23   0   3   0   0  11  21  34  35  35  25  18  40  39  16  24  22  44   0  27  37  22  26   9   0  38   4  28   4   9
  39  15  25   0  22  36  13  30  30   0  49  42  46  24   0   0   0  17  22  32   9  28   4  30   0   0   6  25   0  48  47   1  12  14
   0  45   0  18  14  27   8  22   0   0  31  42   3  22  21  31  35  33   0   0  16   0   1   4  49  50  37  17  11   0  11   0   0
  14   0  33  12  20  25  18  23   0   0   7   0  43   0  17  20   0  35  14  40  36   7   8  19  16  20   0  26  30  45   0  38
  46  28   3   4  24   0  40  47  23   0   8   0  23  49  40  49   0  40  19  30  35   3  37   0  33  44   7  41  43  25  50
   5  48  13   0  23  33  10   2   3   9   3  39   0   0  41   0  15   0  46   0   0   0  10  17  24   0   2  45   0   1
   0  48  30  27   0  49   7   0  10   0  48  19   0  22   0  21  47  22   6  11   0  16   0  14   7   0   5  30  13
  35   5   0   0   0  31   8  33  28  28   7  42   0  43  18   0  23  14  20   3  29   5  45   0   0  35  18   7
  37  20  48  40  34  36   0   3  24   0   0  42   0  46  44  43   0   0   7  21  50   0  26   8   8  29  15
   4  23   4   3  47  29   0  42  16  50  13  11  32  15   0   2  11  33  40  49   0  50  30  36   0   3
   0  50  40   6  19  26  36   0   0  39   1   0  13  33   0  37  29  49  50  47  38  45  21  42   1
   0  42   9  29   0   0  48  39  21   5   9   0   3   0  41   4  18   0   0  18   0   0  24  11
  27   0   6  46   2  16  48  13  33   3  18  33   0  13   0   0   4   2  39  32  25   0  40
  30  39   0   0  28  35  44  30  22  28  32   7  28   0  37  23  16   8   0  23  13   0
   0  43  45   0   0  16  14  13  42  13   0   0  50   0  45   7  15   0   0   0   0
  44  36  14  34  25   0   2  38   0  37  17  37  21  31  44   0  20  33  23  43
   0  44   0  31   7  33  24   0   2   0   0   8   9   2  20   6  40  26  29
  10   0  29  14  50  11   2  44  32  31  22   9   0  41  25   3   5  23
   0   7  45  20   5   3  28  42  50   0   4   4  41  16  23   3   0
  31  10  18  35  23  15  28  24  50  31  28  49  45   0   0  26
  14  50   3   0  30  48  25  28  33  40   0  49  49  35  27
  49  33   4  36  46   2  22  41  48  45  13   7  11  27
  48   0  43   0   2   0  30  10  26  37  38  32  39
  43   3  33  32  50  32   9   0  29   0  25   0
   0  48  24  26   9  30  19  44  34  24   1
  20  38  20  10   0  48  17  48  47   0
   1  26   0  22   0  12  24   0   0
  11  31  50   0  38  37   0   0
   0  21  19  47  14   8  47
   0   3  32  47  11   0
   0  48  38   0  47
   0  46   1   8
  16   0  50
  34  10
  15

 446
  10  17  19  14  25  20  15  16  14  19   1  12  22  23  18  22  10   3  14   7   1  22  16  11   9  12  14   5  22  12   9  21   4   5   2  11   4   6  16  25
