  40 
  27  23  46   6   5   4   0  12  35   0  12  12  36   9   4  19   2   0  21  40  21   0  13   0  17   4   7   0   0   2   0  44   0  13   0  35  28   0  18  29
   0   0  16  24   3  35  37   0  24  27   0  11  18  33   0   0  31  26   0   3   0  44   0  21  39  37  15   0  36  35  22   0   0  32  39  33  14   0   0
  46  38  40  19  35  44  31  50   0  22   0  23   0   8   0   0   0  43  33  10   0  34   0  19   0   0  28   0  40  39   6  41  33   7  20  41   0  31
   3  43  49   0  17  20   4  12  20   6  25  21  24  31  46   0  47   0   0  38  25   7  41  29  25  49   7   9   0   0  11   0  18   0   0  26  36
   0  42  29   3   0  45  41  34  21  19   0   9  46   0  46   0   0   0  27  15  12   0   0  49   0  41   0  43  42  28  33  27  10  29  11   0
   4   9  32  18   0  21  37   9   0   0  22   0  26   8   9   0  22  33   0   0  22  48  15   8   0  46  28  35  43   0   0  39  31  49   0
  14  30  21   8  25   6  44   0   0  26  39   0   0   5  11  11  21   0   0   0  23  32   3  30  25   0  29   0  27  36  18  46  50  11
  36   0  35  29   2  28  46  22   4  26   1   0  14   0  20   0   1   6  10   0  28  38   0   0  26  13   5   0   8  37   8  33   0
  18   0   7   0  43  13   8   0   0   0  24  31   0  17   9   0   0   7  36  29   5   0  31  40  40   4   3  39  48  32  17   0
   0  28   0   0   1   0  10   3   6   0  44   0   0  41  47  12  13  47   8   0   1   5   0   0   0   0  30   8  16  46  12
   0  22   3   0   0  32  43  43  10   2   0  28   0   0  49  25  48  35   0  28   9  19   0   9  47   0  46  31  13   1
   0  18  32   0  41  19  29   0   9  33  40  42   0  44  15  12  33  10  31  48  35  43   0  42   0  35  50  36  43
   0  39  41   0  50  20  17   0  33  47  27   0   0  32  37  45   5  23  34   0   2   0  32  38  37   0   0  39
  47  38   0   0  13  48   0  33  44  41  25  20  30  28  14   0  49  29  45  11  30   9  22  14  27  15  12
   1  38   0  40  14  11   0   0  45  35   0  23  46  22  40  48  26  37   0  15  38  47  47  31  42   3
  42   0   0   0   0  13  14   8  21   3   0  41  32  24   0  12   0  41  49  38   0  37  44   0  38
  34  20   0  42  33  31   0  38   0   0  37   0  42   0  41  47  11  48   0  31  25  12  38  35
   3  47   8   3  42  34   9  46   0   0  11  35   0  42  23  16  32  38   2  27   0  36   0
  14  28   0  45   0   0  35  13  42   0   7  12  49  39  19  39   8  19  47   0   3  38
  37   0  48  28  48  48   0   0   0  34  41   0   0   0  35  32   5  32  16   0  48
   5  40  17  21  36   8   0   0   0  34   0   0  46  18   6   0  19  43  23  17
  30   0   0  50  44  12  13   0  13  33   0  14   0  16  23  22  35  50   0
  19  39  50   0   0  43   0  45  26  11  22  33  31  47   0   0   0   1
  18  41   3   0   0  43   0  15   5  43   0  29  14  48  19   0  47
  45  33  16  21   1  28  40  45  16  14  49   6   4  48  44  30
  43  16   1  49  33  22  34  49  24  31   0  30  33  45  29
  41  24   0  11  23  38   0  42   0   0   2   5  39  45
  22  28   0  17   8  25  29  30   0   0  37   0  37
  19  44   0  16  35  20  50   0  36  16   8  32
  34  29  26  48   9   7   0   7   1  44  25
   0  47  39  33  45   8  30   0   6  41
  29   4  50  20  36   9  23  26  19
  25  50  32  29  45  33  49   0
  36  50   7   0  18   0  22
  41   0   0  37  13  24
  17   0  36  50   6
  33   0  49   0
  34  40   7
  44   0
  29

 226
   1  13  10   8   1  17  23   3  11  22  23  11  17   4  24   1   5   2  15  15  13  23   7   4  23   1   5  14  10  16   8   6  12  23  17   2   8   4   8   1
