  40 
  16  19  40  47  25   0  10  49  38  32  15   0  49  22   0  13   7  46  27   2   0   0   7  41   7  50  32   0  14  45  26  20   0  44  17   0   0   0   0   3
  42   8  17   3  36   0   9   0   9  48   0  19  48  27  29  45   0  27  26  36  45   7   5  16   0  22   0   0  12  18   9   0  11  22  16  16   0  47  37
  21  10  26  41  14  11   0  11   0   0   0  28   0  19   0  21  21   0   0  32   4   0   1  18   0  47   2  20   0  33  37  45  44  43   0  18  35  44
  12   0   0   0   0   6  23  21  45   4   3   0  35  11  16  12  25   0  26   9   0  32  47  20   0  18  22   0   0  46  28   0   2  48   3  13  41
  25  21  30  50  43   0   1  29  19   0   4   1  17   0   8   5  47  43  43  42  47   0  39   0  16  30  21  37  15   0  11   0  37  37  50  39
  18  46  49  45   9   6   0  46  18  23  47   3  47  49  30  47   4   0  25   4  41   0  21  24  29   0  43   7  27  26  37  42  22  33   0
  48   0   0  22   0  28  50  42  38   0   0   0  13   0   0   0  50   0  23  35  10  46  24   0   0  26   6   1  47  26   0   0  44  21
  24   0  45  27   6  41   0  43  19  10  13  11  40  10   0  45   3  21  38  29  24  41   7  13  38  44  26  18  25  18  40   9   0
  26  36   0  40  44   6  41   4  31  18  17  43   0  15  31   9  24  21  20  25   3  14  21  30  28   0   0   0  47  37   0  34
  29  23  12   0   8  14  21  44  45  40  35   5  47   0  36  37   1   1   0   0  16   0   0  31  36  20   3   0   0  26   0
  20  14  32  43  47  48   9  43  34  32   0   0   5  14  15   0   0  18  50  18  15  12  46   0  21  43  12  33   0  12
  31   0   0   0  49  41  40  41  17  16  19  39   4  23  25   0  14  45  10  13  13  26   0  12  44  11  36  36   5
  21  31   0  10   0   0   0  24  47   0  44  15   0   0  11  24  13  12   0   8  37  29  26   0  39   0  25  18
   0  49   9  13  22  36  19   5  48   0  37   0   0   0   0  23  36   0   0   0  13  12  36  42   8   0   4
   0  28  30  35  25  46   2   0  30  38  25  46  18  39  10  27  50   2  21  18  46  46   2  22  36   0
   5   6  46  24  43   2  44  36  33  46   0   0   0  37  11  26   6  37   1  41  42  42   0   0   8
   0   0  37   0  19  46  39   7   0  30  26  21  43   0   0   0  31  13   0  31   0   0   8  12
  19   0  36  39  35   0  45  39  36   0  11  13  30   0  24   9   0  12  15  15   0  43   0
  22   8  31   0   4   0  18  28   0  10   0  17  31   0  41  22   0   0  43   0  39   0
  12  33  45  17   0   0   0  27  18  25  19  26   0   6  44  11  32  23   0  37   0
   0  28  43  31  19  26  39  25  14  24   0   8  21  11  19  24   3   6  16  23
  31   0   6  33  27  10  31  44  49   0   2  41  29  42  43   4  40   1  33
  18   9   0   0  38  32  50   0   0   7  22  38   0  35  43  15  47   8
   6  35  22   0  10  12  44  21  30   0   0  20  23  13  11   0   0
  33  43  31  41  46  26   7   0  17   0   8  35  40  48   6  43
   0  44   3  47  31   0   0  13  37   1   0  40   0  40  32
   1  48   0  33  18  24   0   3   0  43   2   0  17  37
  37  20   3  29   0   0  10  35  15  30   0   0   0
  13  48  23   0   0  30  12  15  34  23  23  44
  20   0  42  27  16  10  41  19  17  38  46
  47   0  11   0   0  18  10   0   0  33
  37  17  27  24   0   0  40  47  11
  15   2  16  46  22  13  23   0
   0  26   0  38  32  27  38
   1  16   0  20   0  11
   5  30  28  39  37
  18  34  15   5
   0  19  20
   0  44
  16

 304
  15   2  10  14  22   2  24  15  18   6   9  22   1   2  20   9   5   6  24  24   3  14  20   8   8   3   4   6  12  10  20  11   2  24   7  14   1  18  25   7
