  50 
  34  43  35  19  42  20  39  40   4  48  13   3  27   1  12   5  50  33  10  32  13  26  38  20   1  20   4  27  25  50  36  49   6   9  14   5  28  31  44  18   6  13  23  33  14  48  25  27  15  42
  20  29   7   9  25  27  41  28   6  22  26  43   4  23  50  30  14  31   4  39  43  10  16  26  50  49  34  47   4  31  42  27   9  32  46  44  23  42  15  27  43  35  33   9  20  43  22  13  15
  45  14  44  46  28  45  13  10  20  35   6  18  37  43  34  19  41  28  44  19  36  48  41   3  26  46   8  29  16  20  28  45  43  35  34  49   8  48  33   5  40  41  29  17  17  47   7  29
  21  19  11  50   8  23   7  11   1  20  37  24  21  15   9   1  44  43  12  11   8  32  27  13  18  48   2  37  24  34  44  11  42  18  25  42  30  24   6  16  47  37   2  26  18  20  13
  42  27  21  15  15  24  35  30  49   4   5  17   3  26  49  26  34  40  44  17  11   6  25   9  23  39  39  10   2  35  41  13  12  33   2  26  41  16  19   8  11  13  19  26  49  33
  14  18  36  48  36  50  14  38   6  13  14  32  38  15  30  26   7  37  10  37  39  48  21  33   8  37   8  28  19   8  41   5  22  39  16  26  19  20  29  49   3   8  14  45  26
  10  16  29  21  25  23   6   2   7  16  18  39  45   6  27  19  45  23  24  32  27   3  24  48  14  31  14  41   7  14  30  18  48  23  48   8  16  41   4   1  16  25  23  44
  14  50   9  13  10  18  27   6  24  26  49  49  22  16  10  37  50  11  12  44  16  16  42  31  36  43  41  22   7  41  12  27   2  41  25  13   5  18  17  41  26  26  37
  18  26  31  18  31  12  33  16   4  25  22  15  41  22  40  44  35  42  17  23   8  44  40  23  45  42  46  37  13  35  20  49  24  19   2  14  13  21  25  36  44  49
   4  44  31  47  31  31   5  29  26   5  33  28  20  24  14   2  37  26  20  45   5   9  28   5   6   4  47   9  28  28   9  37  45   6   3  46  45  31  21  10  50
  11  49  42  28  40  42  11  13  43   7  44  44  50   2   7  41  49  43  30  49  28   8   9  43  36  29  22  34   9  25   7  13  26  35  28  36  22   2  37  46
  30  14  16  44  37  12  20  26  32  32  30  19  25   5  47  38  41   4  19  17  48  22   9  48  31  48  45  32  34  19  36  35  13  47  18  27   9  50  12
  46  45   5  40  18  39  35  41  25  41  43  17  24  43  12  43   9  21  40  40   3   3  38   3  13   3   8  29  20  46  19  37  36  14   3  31  36  17
  38  27   3  19  14  13   8  46  21   4  42  32  40  29  44  10  43   7   4  46  48  15   5  22  34  12  22   9  11  47  19  46  39  47  16   1   1
  12   6  23  48  30  48  15  40  18   6  46   6  18  22  31   2  22   8  37  31  26  44  40  41  34  42  12  35   8  43  23  13  41  36  11  42
   9  47  16  22   7   9  12  33  11  21  28  20  45  29  44  31  14  19   7  27   4  12  38  48  47   8  45  48  26  45  24  50  41  10  10
  37   1  43   3   8  46   8  11  37  18  24  46   4   9  25   9  20  21  49  31  11  45   1  41  14  35  48  49   5  22  39   4   8  27
   6  18   6  26  15  21  41  15  40  29  48  34  40  36  20  16  49  35  10  28  13  10   6  37  37  15  26  32  39  47  22  34  44
  28  11  18   2  21  25  35   8  13  10  37  43  14  43  44   1  48   8   2  18  32  19   2  45  42  37  14  15  25   6  21  38
  33   9  49   9  47  35  27  34  44  40   2  31  38  14  22  48  21  48  23  28  14  10  45  42  13  36  29  13  48  50   2
  28  47  37  11  37   1  24   7  10  11   8  48  29  22   6  20  49   4  24  13  14  37  45  39  15  11  32  13  41  41
  40  10   5   8  16  11   2  16  20   8  12  11  22   2  13   4  25  39  50  43  10   4  10  18  43  27  46  15  37
  48  49  20  12  30   4  17   2  22  38  32  13  41  46  19   4  35   9   9  19  20  37   2  20  41  13  33  26
   1  24  47  50  29  19  12  34  20   3   4  30  38  20  21  12  12  13  28  43  23   2  31  41   2   1  16
  47  48  10  24  16  29  16  35  43  18  36  15  49  47  35  15  46  19  17  44  45  18   5   4  46  17
  50  40  30  27  31  38  21  17  46  26   7  14  31  30   8  15  43   6   1  29  25  10  26  25  22
  39  30  40  39  45  20  21  39   1  49  30  32  25   9   6  12  50  20  46  11   3  35  49   5
  44  30   6  38  31  12  46  45  50  49   9  30   9  20   2  42  13  15  43  35  21  17  11
  41  26  20   1  22  47   9  38   6   9  49   8  50  33  29  36  25  30   8  21  30   2
  32  15   7  36  23  25  43  48  50  18  16   4  10  49  43  24  38  40  35   2  17
  41   4  41  25  12  19  13  39  39  36  23  38   8  48  13  30  17  21  27  11
  48   1  25  20   6  30  37  16   5  44  22  22  39   5  15  17   3  33  17
  33   5  47   4  32  28  29  28  22  22  32  12  25  50  44  22  24  34
   8   7   4  14   2  24  47  31  15  40  24  50  13   4   8   2  28
  42  47  31   5  16  32   2  25  41   9  32   4  30   9  22  32
  35  38  43  34   6  42  25  44   1  23  40  13  43  17   5
  26  49  44  43   2  26  12  24  46  14  48   3  50  28
  24   7   7  23  44  32  37   6  30  45  43  22  48
  47   3  22  29  45  45  32  22  24  41  40  27
  17  18  44  36  40  49  38  39  21  28  33
  41  23   4   2  11  46  15  18  10  37
  10  13   6  44  17   3  42  28  37
  31  26  47  27  34  42  41  26
   1  29  39  26   6   3  37
  14   9  35  26  37  25
  25  13  41  31  12
  29   5  25   2
  34   9   7
  13  39
   5

 545
  10  22  15   4  25   1  10  11   1  11  11   2  12   8  25  17  12  25  14   7   3  11   1   4   6   1  21  17  22  20  12   4  13  20   8  15   9   4  25  22   4  22  12   5  21   3   5  25   6  21

