  50 
  42  17  41   1  46   2  25  24  24  18  35  21  33  17  30  39  40  17  50  32  21   4  24  46  41  34  34  23  41  28  22  13   2   9  50  33  20  33   2  16   4  23  17  25   2   8  11  43  43   4
  46   9  13  47  49  31  11  14  26  14  22  39  16  15  20  46  28  21  16  31  23  20  42  46  14   1  34  33  12  13  34  15  45  28  42  12  47  32  21   3  17  27  25   9  22  27  44  11  19
  15  38  18  44  38  39  21  50  32   9  20  22   1   7  38  27   9  28  14  27  44  36  45  39  44  14  12   3  34  18  24   7  49  21  50  29  38  42  33  37  28  29   9   1  11  23   7  47
  17  23  15  22  14  17  47  21   3  10  19   8   5  31   9  35   4   1   2   3  44   6   9   7  40  10  42  49  32  44  26  39  40  28   7  22  40  38  50  42  47  39  12  44  42  22  13
  26  19  23  21   5   2  17  38   5  42   3  45  31  18  49  46  14  42  12  23   7  20  13  15  27  49  35  50  26  39  19  45  18  17  44  20   7  36  29  34  25   3  37  18  21  31
   6  28  38   8  14  26   2   2  18  37  20  42  48  11   8  46   9  31  22   3  19  40  41   3  22  11  36   6  13  32  23   1  24  47   8   2  11  30  15   1  17  50  44   7  24
  22  44  17   7  37  31  12  48  49  12  24  25  25  22  23  23   5  33  36  48  15  19  42   6   4  37  36   5  17   4  40  26  38  15  40  22  10  45  20  27  48  27  15   2
  16  42  31  25  16  28  45  40  26  42  15   3   4   8  42  29   2  15  16  12  46  38  12  35   6   1   5  40  21  29  38   5  10   7   5   3  15  42  47   7   4  40  47
  30   8   9  42  35   4  33  46   8  11  16  29  25  20  26  10  13  38  39  11  28  20  28  43   7  20  50   3  19  11   6   9   6  47  34  40  45  41  43  38  28  47
  24  28   5  49   1   9   9  15  28  31  33  12  34  30  28  42  37  10   6  41  27   1  26  29  34  36  41  35  16  44   1  21  25   2  31  44  29  43  15  12   8
  15  35  20  18  44  46   9   7  47  47  42  40  40  48  47  33   5  35  10  11  16  10  25  37  44  41  12  30  35  35  49   5  38  25  42  42   4  28   7  16
  26   4  50  20  49  46  12  34   8   8   6  27  47  31  25   4  49  12  33   5  14  40  23  14   7  40  37  32  32  23   6  17  29   7  40  13  11  18  38
  18  15  19  16  44  47  25  23  35   9  47  15  12  29  30  49  35  47  12  36  35  37  42  35   5  15  46   5  24  12   1  25   6  40  41  41  48  35
  16  39  41  29   8  21  48  42  13   2  14  10  38  15  20  10  35   9   8  26  28  25  25  34  48   2  46  41  35  23  41  20  41  49  18  21  23
  36  28  33  30  22  20   5  26  30  46  46  34  28  46  31  12  42  30  29  49  28  12  38  33  32  22  34  29  14   3  17   3  15  28  37  32
   1  41  42  36   3  45  30  25  47   5  24   2   7  17  38  27  28  33  25   3   6   2  24  12  45  24  45  24  44   1  10  24  17  26  48
  11  11  45  15  46  20  28  13  45  12   2  12  28  35  19  19  22  25  11   7   5  13  25  11  20  35  24  11  29  26  45  46  24  43
  20   6  30   4   5  45  27  21   6  35  46   4  50  28  14  44  11   7   4  26  31  14  30  15  31  19  20  44   9  23  18  42  12
  20  11  14  18   9  49   9  20  13  22  17  23  42  13  18  11  16   4  26  40   2  33  36  37  26  19  14  45   3   6  47   4
  49  17  41  27  49  19  49   8  32  14  40  39  38  48  26  26  31  30  23  42  16  12  41  20   1  10  33  25  50  38  42
  12  37  31  15  45  39  26  19  44  15  10  34  43  16  14  48   3  22  48  15  12  43  45  11  19  23  14   9  17  13
  26  16   7  30  24  41  42  30  14  34  18  17   6  28  23  24  17  31   8  25  42  18  20   4   7   7  42  33   7
   8  29  26  30  10  18   5  44  42  22  12   3   9  42  49  50  13  31  45  23  32  43  18  42  11   5  17  28
  47  40  27  44   9  49  50   8  26  27  34   2  42   2   1  22  26  17  24   1  39  20  11  45  22  19  32
  33  16   8  50  20  29  50   7  17  28   8  31   3  23   9  35  26  23  23  50   5   8  35   4  50   7
  24  20  44  43  13  48  27  45   8  16   9  42  33  46  22  21  35  12  49  13  43  50  38   9   6
   5  10  26  29  39   8   7  31  39   9   2  50  33  19  24  12  42  16   8  13  17  29  31  39
  14  28  36  12  43  30  32  15  34  21  47  38  15  18  28  30  21   9  21  47   1   9   9
  45   6   4   7  42  35  41   6   2  19  19  38  38  33   5  16  37  36  50  33  22  14
  18  21  43  14  15  23   1  42  40   2   8  42   8  41   7  48   8  24   9  20  19
  17  14  13  41  16  19  39  27  15  36   1   6  16  20  13  50   3   5  39  39
  42  41   1  48  38  14  19  30   5  32  36  10  17  23  37  27  21  17  13
  47  41  21  24  50  26  43  12  24  20  44   8   5  26  12  14  38  48
  36  31  44  42  18  30  45  35  39   4  44  14  25   6   4  44  16
   4  45   7  31  14   6   2  35  11  43   8  44  24  43  50  22
  45  22  17  48  28  28  35  48  49  17  40  17  11  17  13
  12  43  18   3  48  32   4  20  42  28  44   3  24  16
  38  19  11   1  50  48  29  26  18  15  41  12  32
  25   1  50  47  15  43  14  14  48  37  38   1
  15  22  10  48  22  11  24  25  15  40  29
  21  29  24  30  17  38  25  20  24  49
  32  11  10  16  41   5  14   6  31
  23  50  47  25  26  12   9  14
   3   9   9  32  40  49  47
  30   3  35  12   1  25
  19  31   1  49  48
  15  11   7   4
  50  33   7
   1  13
  43

 563
  23   4  11   2  10   9  21  16   4  11  20  18   2  17  22  18   4   8   7   2  20  23   3   5  19  17  13  19  16  12  20  24  25   8  24  11  10  17   3  15  14  15  13  23   4  24  23   2  20   2

