  50 
  37  30  12  36  45  37  32   7  39  33  24  36   4  34  45  22  19  26   5  33  16  15   5   9  22   1  43  26  32  39  29  32  29  34   7  18  49  32  23  43   5  18  20   4   7  27  42  34   4  47
  33  44  34   2  36  30  26  21  41  17  23  40  35  20  35  13  47  50   9  36   8  15   5  35  31  50  33  14   7  22  37  22  26   5  19   3  10  37  42  14   4   6  28  34  47  10  33  36  42
   4   1  31  45   9  42  18   5   1  22  13  45  18  50  35  22  24  29  29  48  39  17  44  22  35  31  35  16   1  19   1  50  46   4  41  14  23  45  32  22  33  36  20   8  14  36  32  14
  18  46  38  35  11  44   2  16  28  39  28  41  12  22   8  42  23  22  31   8  27  19  44  36  29  29  23  44   3  13  35  26  41  23  16  31  11   7  27  29  22  12  33  35   5  45  38
   9  48  22  18  36  13  26   9  26  49   4  32  42  47  24  35  23  17   3  46   8  37  20  12  50  44  38   5  39  12   4  28  15  26  23  23  48  27  48  21  42   8  28  47  34  32
  11  49  37  29  25  13   9  45  11  50  43  13  17  14  19  11   8   8  41  20   4  45   6  18  41  24  47  41  40  45   8  28  47  44  11  15  16   1  48  26  36   5   5   2   1
  41  29  22  38   6  28  35   1   2  13  21   6  10  39  50  20  50   4   5  15  20  36   7  27   9   8  49  22  12  35  35  47  43  20  43  41  13  18  13  14   7  50  18  23
  41  47  46  18  13  49  10  47   1   9  32  50  39  37  27  32  27  38  13   3   7   1  27   8  47  22  48   7  14  34  49  16  31  48  40  34  10   5   8  24  41  33  16
  49  41  20   5  32  33   8   7   5  42  43  22   8  47   7  27  48  15   2  16  17   7   9   8  26   7  23  20  42  22  13  28  15   8  17  27  28   6  10  37  11  48
  39  11  44  48  40  46  32  22  27  44  32  45   1   1  45  47  12  43  13  18  16  30   1  16  45  45  44  22  47  35   4  30  10  29  42  45  36  12  44  37   5
  38  16  31  23  17  43  10  34  20   2  19  17  45  25   2  12  26  40  45  30  21   9  42  16  15  34  41  31  46  30  28  34   7   6  11  39  39  39  22  31
   3   9   9   7  44  29  41  29  19  21  19  48  12  44  10  47  44  33  26  12   5   7  42  31  20  19  16  33  33  20  21  50  20  26   5  20  36   9  49
  31   6  36  27  31  44   6  32   6  24  46  16  43  36  21  22  48  34  27  39  44  20  15  44  34  10  27  42  47   3  36   6  45   3  48  12  17   2
  27  34  48  48  35  16  27  19  16  29   3  21  13  22  33   9  14  32  31  37  13  44  40  29  15  33  33  50  48  34  30  33  40  22  17  36  12
  49  17  28  15   1   9  10   7  49   1  45  19  23   9   6  31  33  45  34  14   1   3  39  12  33   7  49   6  11  48  46  34  28  31  24  11
   6  44   3  29  30  26  21  30   4  12  27  11  50  48  41   4  45   2  16  40  29   7   7   5  46  17  46  11  35  24  17  13   4  17  29
  50   6  18   8  27   7  43  12  40  39  13  29  17  48  48  14  21  24  30  44   8  30  38   2  17  36  35   6  16  49  18   1  15  10
  39  37  19  15  10  34   8  18  23  32  47  45  19  31  43  31   6  46  33  27  22  37  17  26  10  18  47  37  24  36  19  37   3
  23  36  15  35  40  38  46  15  12  41   2  34  29  28   5  30  31  31  39   3  17  50  19  16   9  28  15   4  14  31   8  45
  42  12  46  44  24  28  12  21  39   3  45  36  39   5  49  13  26  39  48  35  39  37  44   7   6  23  32  44  49  19  47
  45  18  10  38  42  44   1  38   3  38   9  15  36  43   9  35  50  39  37  14  13  14  20  50  18  42  23  10   4   2
  33  39  32  43  45   2  23  49  17  21  39  14  15  15  18  13  46  10  29  34  27  37  41  11  50  42  45  24  22
  29  40  49  21  45  11  36  47   7   5  23  32  50  45  34  27  50  20  28  20  25  40  35  31  26  10  50   3
  48  33  12  47  44  10  31  21  49  16  45  15  39  37  36  17  19  16  27  22  32  35  22  42  37  36  25
  16   7   9  11  17  30  33  22  30  47  47  22  26  10  46  50  11  22  20  23  26  13  44   5  23  12
  11  31  37  34  22  43  24   6  27  47   8  27  32  37  41  18  14  35  26  22   8   5  31  16  39
  22  45   7  34  42  15  14  36  44   4  41  15  30  40  15  37  45  19   1  38  10  32  40  48
  29  29  21  49  38  47  39  30  17  10  28   9  38  19  41  11  42  12  32  42  36  12  10
  44  17  11  28  31  16  50  23  29  14   8  23  19   8  42  27  30   9  29  28  27   7
  25  44  50  25  44  50  22  45  19   9  11  23   9  20  50  37  23  33  22  37  42
  28   9   2   8  13  44  50  34  26  11  12  23  13   9  14  15  36  38  32  26
  45  46  12   9  21  47  28  47  30  39   5  41   2  40  26  22  36  24  40
  40  48   8  15  41  27  36  21  47  21  39  35  14  13   3  43  31  17
  21  20  25   3  35   1  22   8   2  47  35   7  20   5  31  23  23
  23  22  44  44  15  45  27   4  26  26  45  25  27  26  11   3
  40   5  30  41  17  35  30  21  24  44  15  14   2  42  34
  19  22  31  48  49   3  33  47  19  21  47  28  37  47
  31  14  34  12  47  41   8  41  49  30  42  41  15
  36  26  35  12  30  18  23  19  35  14  15  40
  40  45   3  17   7  30   7  32  44  35   6
   6  50  39  17  38  43  46  45  41  18
  21  12   7  29   4  30   3  17   8
  26  13  46  26  29  27  24  21
  28  44  24   3  49  26  42
  47   6  34  19  44  24
  46  22  46  40  29
  48  32  16  27
  17  46  32
  32  26
  24

 153
   3  14  13   4   6   5   3   2  15  12   4  10   7  25  12   5   8   3  24  17  25  17   2  17   1  10  16  19  20  17  15  14  19  15  16  14  22  22  14   5  10   6  25  14  24  25  13   1  13  24

