  50 
  29   6   6   2  39   5  46  23  19  13   2  18  48  18  27  38  29  40  13  33   8  37  19  31  30  37  13  28  16  11  43  16  35  36  21  40   7  28  15  45   9   8  26  12  19  19   6  18  26  35
   7  12  28  14  14  26   6  33  21  25  27  44  23  26  15  47  33  10  47  44  28   3  27  15  17  48  33  28   1  40  47  34  40   7  21  35  36  47  38  38  30  12  36  36  45  26  11  38  38
  34  27   7  49  49  48  10  13  39  46   1  39   4  36  31  14   8  29  11  40  31  29  40  36  19  11  33  42  31  21   5  38  40  18  27  34  43   1  32  38  45  48  40  24  20  10  32  44
  24  40  34  13   5   2  14   6  26  49  44   7  30   6  10   8  15  14  43  16  41  45  10  42   5  17  33  32  43   3   3  48  43  13  34   1   1  43  35   3  22  10  21  19  33  43  38
  27   6  20  12  46  33  44   1  20  11   6   2  14   5  26  17  43  15  35  40  12  25  30   4  46  36  40  17  15   8  28  46   9  42  31  29  32   5  38  47  30  18  10   5  12  34
  17  39  35  17  47  37  19  29   1  26  37   1   7  16  41  41   8  16  29   2  24   3  36  48  27  48  17  15  46  21  26  32  47  36  21  39  22  41  10  22  22  11  23  40   1
  27   1  36   2  46  18  27   3  10  19  15  22  28  25   4  16  42  42  41  49  32  22  41  19  21   2  27   8   2  45  25  37   3  28   3  27  19  16  47  38  25  50  26  15
  39   5  22   6   7  39  44  15  49  43  16  48   7  43  45  42  23  32   9  35  27  31   5   2  27  14  34  39  50  48  23  38  21  32  10  44  50  33  26   8  13  19   6
  35  11  40  31  28  43   8  27   1   6  49   8  24  49  23  13  20  19  32  30  49  31  21  36  16  29  21   6  36  46  27  18  33  30  35  49  48  36  40  35  29  50
  19  27  18  48  20  18  28  38  27  18  34  11  39  45  31   9  12   9  27  22  44  38   3  42  15  13  50  46   7  19  14  44  30  33  14  49   2  50  48  35  45
  34  30   3  31  13  39  10  42  14  10  19  21   5  29  12  20  20  48  17  18  33   7  24  22   9  22   3  35  22  20  36  42  47  16  47  33   7  13   2  11
   9  21  25  29  30  45  49  21  43  45  43  40  38  18  32  31  36  25  12  22  41  37  26  15  42  27  24  33  35  16   1  20   4  16  33  34  34  43  23
  11  34  24   1   5  36  16  50  46   8  42  18   5   2   5  16  22   8   5  43  12  36  11  14  40  48  39  16  43  37   4  18  27  27   8   2   7  32
  49  22   8  40  43   8  39  23  24  31  31  41  15  36   7  11  22  30  27   7  35  34  20  17   1  41  11  20  24   8   8   9  38  22  15  16  40
  27  43  18  33   9  39  20  23  37  11  47  41  13  35   6  21  13  21  40  46   1  35  41  18  35  27  27  12   5  38  50  44   4  41  48  21
  14   2  29  17  34  40   5  38  18  28  31  29  38  10  45   6  31  36  48  14  27  17  21  39  48  49  44  35  17  18  33  39  26   1  41
  26  44  16  46  39  35  23  10  34  47  37  13  43  22   2   4  19  18  20  20  14  12  14  32  11  36  11  44  42  45  12   7   1  46
  25  49  43  37  20  10  22  14   5  26  49  25   9  39  47   3  42  24  39  31   6  35  45  48  16  14   5  27   4   8  23  31  35
  31  36  19  19   2  14  22   3  12  29  22   4   1  10  31  22  15  35  15  31  47  38  33  24  25  46  15  24  36  31  32  31
  26   6   4  26  22  42  40  47   1  29   7  28  37  21  45  35  16   7  48  19  37  35  48  27  18  49  26  32  49  31   7
  11  28  14  32  34   6  47  26  17  34   7  29  24  49   3   7  46  19  11  14  13  10  22  28  14  30  41  14  28  30
  47  33  30  21  37  20  33  35  23  45  35   6  31  39   8  43   2  20  21   2  45  23  31  27  36  10  49   6   2
  19  10  43   5  15  47  48   5  39  21  43  42  32  49   4  31  22  48  40  18  15  36  19   9   4  16  16   1
   2  17  32   3  14  30  43  47  41  42  15  43  35   5   6   7   3  12  29  14  16  19  42  40  17  18   9
  28  37   9  35  13  30  49  48   6  39  27   6  22  36  22  28  31  16  14  17  16  25  16   5  19  24
  37   1  23  18  40  35  20  28  15   7   6  49  32  23  27  12  22  29  28  38  42  15  19  32   5
   4  15  21  44  46  27  28  44   6  46  19  49  22  30  47  37   3  23  39  36  46  38   6  14
   7  29  39  27  24  27   5  10  35  38  38   1  32  19  15  21  34  20   6  30   8  22  10
  40  37  29  24  11  28  18   5  31   4  38  43  29  10  16  47  20   3  37  14  35  47
  39  38  14  47   2   2  14   1  29  25  19  35  13  28  36  13   5  49  48  19  42
   4  49  28  40  11  42  24  44   2  11  34   5   5  35  14  45  50   4  22  48
  49   4  38  31  41  13  48  33  32  49  41   3  24  22   4  12  18  40  44
  28  12  36  45  23  29  24  35  45  23  25  39  36  37  35   1  17   1
  43  44  33  25  19  45  24   4  28  33  15  43   8   3  35  31  33
   9  22  16  18  17  21  27  44   4  42  21  35  31  40  33  11
  30  21   4  27  45   1  20  17  28  50  17  10  34  42  28
  33  28   9  38   3  47  41   1  23   7   1  30  13   9
  17  50  30  36  41  23  16  23  13  10  46   3  31
   6  28   7  44   8  22  41  25  11  18  15  16
  42  39  37   5  23  18  21  48  50  21  10
  26  44  21  39  32  49  36  43  27   6
  47  12   5   7  32  28  33  39  16
  34  39  46  28  39   7   8  33
  26  14   4  47  13  30  34
  31  12  34  33  30  24
   4   4  36  22  43
  12  28  36  25
   1  22  32
  44   4
  36

 220
  17   7  17   6  21  22  17  22  12  10  20  19  17  16  13   4  16  20   6  22   8   3   2  16  13  19  24  17  24  25   7  19   7   2  25  18  23  11  11  12  25  15  24  21  16   4  22   1  22  18

