  50 
   0   0  11   0   4   0   0  11   0   0   0   0  47   0   0   0   0   0   0   0   0   0   0   0   0   0   0   0  34   0   0   0   3   0   0   2   0   0   0   0   0   0  50   3  19   0   0   0   0  43
   0   0   0   0  35   0   0   0   0   0   0  33   4   0   5   0  15   0   0   0  39  12   0   0   0   0  41   0  49   0   0   0  18  21   0   0   0   0   0  18   0   0   0   0   0   0   0  33   0
   0   0   7   0   0   0   2  48   0   0   0   0  18   0   0   0  29   0   0  21   0  32  45   0   0   0   0  13   0  37   0   0   0   0   0  42  46  21  10   0   0   0   0   0   0  45   0   0
  34  12   0   0  49   0   0   0   0   9   0   0   0   0   0   0   0   3   0  22   0   0   0  33   0   0  36   0   0   0   0   0   0   0   0   0  15   0   0   0   0   0   0   0   0   0   0
   0   0   0   0   0   0   0   0   0  50   0   2   0   0   0   0   0  34   0   0   0  10   0   0   0   0   0   0   0  27   0   0   0   0   0   0   0   0   4   0  36   0   0   0   0   0
  13   0   0  31   0   0   0  38  25   0   0   0   8   0  38  46   0   0   0   0   0   6   0   0  21   0  26   0   0   0   0   0   0   0   0   0   0   0  25   0  11   0   0   0  30
   0   0   0  41  36   0   0   0   0   0   0   0  48   0   0   0   0  26   0   0   0  49   0  30   0   0   0   0   0   0   0   0   0   0   0   0   0  34   0   0   0   0   0   0
   0   0   0   0   0   0  22   0  18   0   0  39   0  44   0   0   0  43  40  29   0   0   0   0   0  22   0   0   0   0   0   0   0  21   0  39   2   0  19   0   0  33   0
   0  48   0   0   0   0   0   0   0   0   0   0   0   0  21   0   0   0   0   0   0   0   0   0   0   0   0   0   3   0   0   0   0   0   0  11   0   0   0   0   0   0
   0   0   0   0   0   0  28   0   0  32   0  49  34  25   0   0   0   0   0   0   1   0  25   0   0   0   0   0   0  17   0   0   0   0  29   0   0   0   0  46  25
   0   0   0   0   2   0   0   0   0   0   0   0   7   0   0   0   0   0   0   0   0   0   0   0   0   0   0  31  26  27   0  37   0   0  45   0   0   0   0   0
   0   0   0   5   0   0   0   0  11   0   0   0  45   0   0   0   0  27  47   0   0   0   6  39   0   0   0   0  38   0  18  36   0   0   0   0  12  46   0
   0   6   0   0  45   0   0  35  20  21   0   0  48   0  24   0  37   0  35   0   0   0   0  29   0  27   0   0  45   0   0   0   0   0  15  27  39   0
   0   0   0  33  13   0   0  41  14   0   0  26   0   0   0   0  36   0  48   0   0   0   0   0   0  18   0   0   0   0   0  28   0  43   8   0   0
  44  49   0   8   0  15   0   0   0   0   0   0   0   0   0   0   0   0  50   0   4   0   0   0   0   0  49   0  37   0   0   7   0   0   0   0
   0   0   0  38   6   0   0   0   3   0   0  30  43   0   0   0   0  28  34   0   0   0  50   0   0   0  29   0   7   0   0  20   0   0   0
   0   0   0   0   0   0   0  27   0   0   0   0   0   0   0  39   0  29   9   0   0   0  40   0   0   0  12   8  33   0   0   0   0   0
   0   0   0   0   0   0   0   0   0   0  13   0   0   0   0  25   0   0   0   0   0  32   0  19   0   7  47   0   0  11   0   0   0
   0   0   9   0  50  24   0   0   0  49   0   0   8   0   0   0  31   0   0   0  33   0   0   0   0   0   0   4   0   0   0  17
   0   0  30   0   0   0   0   0   0   0   0   0   0   0   0   0  32   0   0   0   0   0   0   0   0   0  37   0   0  38   0
   0   0   0   0   0   0   0   0   0   0  48   0   0  10   0  14   0  16  35   0   0   0   0   0   0  10  40   0   0   0
   0   0   0   0   0   0   0   0   0   0   8  22   0   0   0   0  21   0  29  27   0   0   0   0   0  37   0   0   0
  33   3   0   0   0   0   0  46   0   0   0   0  47   0   0   0   0   0   0   0   0   0   0   0   0   0   0   0
  27  18   0   0  26   0   0  35  41   0  43   0   0   0   0   0  32   0   0   0   0  49   3   0   0   0   0
   0   0  25   0   0   0   0   0   0   1   0   0   0   0   0   0   0   0  47   0   0   0   0   0   0   0
   0  39  44   0   0   0   0   0  42   0   0   0   0   0   0  26   0  24   0   0   0   0   0   0   0
   0   0   0   0   0   0   7   0  12   0   0   0   0   0   0   0   0   0  21   0  50  26  11   0
  19   0   0   0   0   0  35   0   0   0  36   0   0   6   2   0  35   0   6   0   0   0   0
   0  46  21   0   0   0   0   0   0   0   0   0  18   0   0   0   0   0   0   8  13   0
  16  44   0   0   0   0   0   0   0   0   0   0  28  38   0   0   0   0   0   0   0
   0  36   0   0   0   0   0   0   0   0  30  49   3  27  26  10   0   0   0   0
   0   0   0   0  29   0   0   0  14  23   0  45  30   0   0  20  44   1   0
   0   0   2   0   0   0   0   0   0   0   0   0  45   0  29  23  15   0
   0   0   0   0   0  14   0   0  39  44   0   0  26   0   0   0  45
   0   0  16  23   0   0   0   0   0  12   0   0   0   0  37   3
   0   0   0   0   0   5   0   0   0   0  34   0  21   0   0
   0   0   0   0  15   0   0   0   0  21   0   0   0   0
   6   0  13   0   0   0   0   0   0   6   0  36   5
   0   0  35   0  26  50  34   0   0   0   0   0
   0   0   0   0  18   0   0   0   0   0   0
   0   0   0   0   0   9   0  20   0  26
   0  43  32   0   0   0   0   0   0
   0  15  25   0   0   0  33   0
   0  34   0   2  46   0  12
   0  25  48  36  33  37
  14   0   0   0  18
   0   0   0   0
   0   0   1
   0   0
   0

 281
  10  15  24  16  24  18  13  14  16  25  18  22   5  19  21  19   8  13  10  16  13  14  12  17  11  23  22   5   8   6  12  10  17   7  18   5  16  18  21  18  24   6  17  11  17  22  20   2   5  14

