  50 
   0   0   0   0   0  23   0  33  10   0   0   0   0   0  10   0   0   0   0   0   0   0   0   0   0   0   0   0   0   0   0   0   0   0   0   0   0   0   0   3   0   0   0   0   0   0   0   4  16  22
  16   0  34   0  47   0  19   0   5   0   0   0   0   0   0   0   0   0  39   0   0   0   0   0   0  23   0   0   0   0   0  22   0   0   0   0  30   0   0   0   0   0   0   0   0   0   0   0   0
   0   5   7   0   0   0   0   0   0   0   0   0   0   0   0   0   0  38   0   0   0   0   0   0   0  21   0  23   0   0   0   0   0   0   0   8   0   0   0   0   0   0   0   0   0  18   0   0
  43   0   0   0   0  30   0   0   0  41   0  12   0   0   0   0   0   0   0   0  44   0   0   8   0   0  30   0   0   0   0   3   0   0   8   0   0   0  44   0   0   0   0   0   0  24   0
   0  36   0   0  23   0   0   0   0   0  46   0   0   0   0   0  44   0   0   0   0   0   0   0   0   0  46   0   0   0   0   0   0  32  45   0   0   0   0   0   0   0   0  12   0   4
   0   0   0   0   0  23   0  23   0   0   0   0   0  38   0   0   0   0   2   0   0   0  49  50   0   0   5   0   0   0   0   0   0   0   0  24  14  14   0   0   0   0   0   0  47
  17   0   0   0  14   0   0   0   0   0   0   0  38   0   0   0   0   0  42  32   0  11   0   0   0   0   0  24  11  31   0   0   0   0   0   0   0   0   0   0   0   0   0   0
   0   0   0   8  32   0   0   0   0  42   0  17   0  13   0   0  46  47  41   0   0  12   0   0  11   0   0   0  33   0   0   0   0   0   0  35  26   0   0  18   1  48   0
   0  48   0   0   0   1   0  39   0   0   0   0   0   0   0   0   0   0   0   0   0   0   0  41   0  28   0  50   0   0   0   0   0   0  33   7   0  26   0   0   0   0
   0  50   0   0   0   0  19  43   0   0   0   0   0  32  18   0   0   0   0   0   0   0   0   2  16   0   0   0   0  25   0   0  42   0   0   0   0   0   3   0   0
   0   0  13   0   0   0   0   0   0   0   4   0   0  32   0  41   0   0  19   0   0  36  38   0   0   0   5   0   0   0   0   0   0  27   0   0   0   0   0   0
  37   0   0   0   0   0   0   0   7  44   0   0   0  20   0   0   0   0   0  27   0   0   0  39   0   0   0   0  14   0   0  48   0   0  15  35   0   0  15
  45  12   0   0   0  14   0   0   0  17   0   0   0  18   4  23  10   0   0   3  13  46   0   0   0   0   0   0   0   0   0   0   0   0   0  19   5   0
   0   0  47   0  36   0   0   0   0   0   0   0   0   0   0   0   0   0  24   0   0   0   0   0   0   0   0  36   0  28   0   0   0  45   0  50  38
   0   0   0   0   5  39   0   0  22   0   0   0   0   0  12  10  28   0  37   0   0  18   0   0  41   0   0  35   0   0   0   0  31   0   0   0
   0   0  27   0   0   0   0   0   1   0   0  40   0   0   0   0   0   0   0   0   0   0   0   0  14  17  47  23   0   0   1   0  37   0   0
   0   0   4   0   0   0   0  48   0  17   0   0   0   0  24  50   0   0   1  35   0   0   0  48   0   0   0  33   0   0   0   0   0   0
   0   0  38   0   0   0   0   0   0   0   0  44   0   0  17   0  19   0   0  36  24   0   0   0   0  19   0   0   0  19   0   0   0
   0   0   0   0   0  26   0   0   0   0   0   0  38   0  25   0   0   0   0   0  26   0   0   0   0   0  22   0   0  35   0  44
   0   0   0   0   0   0   0   0   0   0   0   0  31   0   0   0   0   0   0   0  50   0   0   0   0   0   0   0   0   0   0
   0   0  35   0   0   0   0   0   0   0  39   0   0   0   0   0   0  18   0   0   0   0   0  17   0  25   0   0   0   0
   0   0   0   0   0   0   0   0   0   0   0   0   0   0   0   7   0   0   0  17   0   0   0   0   0   7   0  45  33
   0  41   0  42   0   0   0   0   5   0   0   0   0   0  32   0   7  41  50   0  37  22   0   6   0   0   0   0
  42   0  10   0   0   0   0   0  41   0  23   0   0   0   0   0   0   0   0   0   0   0   0   0   0   0   0
   0   0   0   0   0   0   0   0   0   0   0   0   9   0   0   0   0   0   0   0   0   0   0   0   0   0
   0   0  31   0   0   0   0   0   0   0  20   0   0   0   0   5   0   0   0   0   0   0   0   0   0
   0  30  29   0   0   0   0   0   0  11   0   1   0   5  21   0   0   0   0   0   0   0  44   0
   0  30   0   0   0   0   0   0   0   0  21   0   0   0   0  40   0   0   3   0   0  45   0
   0  22   1   0   0  11   0   0  14   0   0  45   0   0  22  19  30   0   0   0   0   0
  23   0   0   0   0  39  26  18   0   0  47   0   0   0   0   0   0   0  44   0   0
  44   0  19  32   0   0   8   0   0   0   0   0  12   0   0  20   0   8  30  35
   0  13   0   0  12   0  36   0   0   8   0   0   0   0   0   0   0   0   0
   0   0   0   0   0  45  22   0   0   0   0   0   0   0   0   0   5   0
   0   0  44   0   0  38   0   0   8   0  27   0  19   0   0  41   0
   0   0  42   0   0   0   0   0   0   0   3   8   0   0   0   0
   0   0   0   0   0  17  18   0  44   0   0   0  23   0   0
   0  49   0   0   0   9  39   3   1   0   0   0   0  33
   0   0   0  26   0   0   0   0   0  22   0  33  30
   0   0   0   0   0   0   0   0   0   0   0   0
   0   0  46   0   0   0   0   0  18   0   0
   0   0  28   0   0   0  25   0  36  22
   0   0   0   0   0   0   0   0   0
   0  23   0   0  41  48   0   0
   0   0  24   0  33   0  12
   0   0   0   0   9   0
   0   0  10   0   9
   0   0   0   0
  21   9   0
   0   0
  50

 273
  18  11  13  18  15  12  11  17  13  24  12  16   5  24   9  20   9  18   6  12  12  11  18  20  22  18  17  21   2   8  16  20  16  17  13  21   5  15  18  24  21   9   7  11  15  24  20  12  21  13

