  50 
   0   0   0   0  25  50   0   0   0   0   0   0   0   0  31   0   0   0   0   6   7   0   0   0   7  28  42   0   0  25   0   0   0   0   0   0   0   0   0   0   0  28   0   0   0  38   0   0   0   3
   0   0  39  18  20   0   0   0   0   0   0  47   0   0   0   0   0   0   0   0   0  16  31   0   0   0   0   0   0   0   0  44   0   0  32   0   0   0   0   0   0   0   0   0   0   0   0  11  33
  16   0   0   0  48   0   0   0   0   0   0   8   0   0   0   0   0   0   0   0   0   0   0   0   0   0   0  25   0   0   0   0   0   0   0  28   8   0  20   0   0   0   0   0   0   0   0   0
  29   0   0   0  26   0   0  33   0  10   0  17   0  42   0   0  38   0   0   4   0  38   0   0   0   0   0   0   6   1   0   0   0   0   0   0   0  18   0   0   0  49   0  24  23   7   0
   0   0   0   0   0   0   8   0   0   0  26   0  43  32   0  23   0   0   0   0   0   0   0  47   0  48   0  26   0   0   0  35  16   0  34   0   0   0   0   0   0   0   0   0   0  43
  10   0  40   0  46   0   0   0   0   0   0   0   0   0  12  45   0   0   0   0   0   0   0  19   0   0   3  25   0  45  50   0   0   0   0   0   0   0   0   0   0  16  17   0   0
   0   0  39   0   0   0   0   0  48   0   0   0   0   0   0  24   0   0   0  15   7   0   0   0   0   0  31   0   0   0   0   2   0   0  28  24   0   0  35   0   0  16  17   0
   0   0   0  31   0   0   0  33   0  46   0   0   0   0   0  36   0  38   0   0  35   0   0   0  43  29  21  44   0   0  37   0   0   0   0   0   0  34   0   0   0   6  39
  21   0   0  18  38   0   0   0   0   0  16  35  46   0  40   0   0   0   5   8  15   0   0   0  18   0   0   0  24   0  14   0   0  13  30   0   0   0   0  27   0   0
   0  49  39   0   0   0   0  34  38   0  38   0   0   0   0   0   0   0  48  21   0  26  43   0  42   0   0   0   0  19   0   0   0   0   0   0   0   0  42  38   0
   0   0   0  37   0   0   0   0   0   0   0   0   0   0   0   0   0   0   0   0   0   0   7   0   0  44   0   0   0   0   0   0  29   0   0   0   0   0   0   0
  34   0   0   0   0   0   0   0   0   0   0  50   0   0   0  41   0   0   0   0   0   0  48   0   0   9   3   0   0   5   0   0  48   0   0   0   0   0   0
   0   0   0   0  26   0   0   0   3   0  31   0  48   0   0   0  45  40   1   0  38  41   0   0   0   0  31  30  47  15   0  45   0   0   0   0   0  20
   0   0   4  45   0   0   0   0   3   0   0   0   0   0   0  42   0  26  18   0   0   0   0   0   0   0   0   0   0   0   0   0   0   0   0   0  38
  38   0   0   0   0   0   0   0   0   0   0   0   0  27   0   0  11   0   0  35   0   0   0   0  24  28   0   0   0   6  36   0   0   0   0  46
   0   0   0   0   0   0   7   0   0   0  13   0   0   0   0   0   0   0  38   0   0   0   0   0   0   0   0   0   0   0   0   1   0   0   0
   0   0   0   0   0  20   0   0   0   0   0   0   0   5  37   0   0   0   0   0   0   0   0   0   0   0   0   0   0   0   0   0   0   0
   0   0  38   0  27   0   0  15   0  45   0   0   0   0   0   0   0   0  27   0   0   0   0   0   4   0   0   0   0  30   0   0   0
  21   0   0   0   0   0   0   0   0  16   0   0   0   0   0   0   0   0   0   0   0   0   0   0   0   0   0   0   0   0   0   0
   0   0  12   0   0   0   0   0   0   0   0   0   0   0   0   0   0  23   0   0  46  44   0  40   0  29  45   0  24   0  17
   0   0   0   0   0   0   0   0   0   0   0   0   0   0   0   0   0   1   0  46  10  17   0   0  34   0   0  21   0  44
  17  35   0  29   0   0  35   2   0   0   0  26   0   0   0   0   0   0   0  15   0  39   0   4   0   0   0   0   0
  41   0  27   0   0   0   3   0   0   0   0   0   0   0   0   0   0  16   0   0  11   0  36   0   0   0  17   0
   0  35   0   0   0   0   0   0   0   0   0   0   0   0   0   0  33  32   0   0   0   0   0  26   0  30   0
  25  31  35   0   0   0  30  38  21  46   0   0   0   0   0   0  29   0   0   0   0   1   0   0   0   0
  26   0  15   0   0   0   5  44   0   0   0   0   0   0   0   0   0   0   0   0   0  15   0   0   0
   0  14   0   0   0   0  48   0   0   0  42   0   0   0   0  15   0  22  42   0   4  10   0   0
   0   0   0   1   0   0   0   0   0   0  27  11   0   0   0   0  46   0   0   0  27  21  35
   0   0   0   0  28   0   0   0   0   0   0   0  46   0   0   0   0   0   3   2   0  50
   0  24   0  23   0   0  14   0   0   0   0   0  14   0   0   0   0   0  30   0  29
   0   0   0   0   0   0   0   0   0   0   0  40   0   0  46  38  34   0  25   2
   0   0   0  10   0   0   0   0  48   0   0   0   0   0   0  49   0   0   0
   0   0   0   0  16   0   3   0   0  20   0   0   4   0   0   0   0   0
  20   0   0  30  17   0  44   0   0   0  10  11  25  10   0  44  20
   0   0   0   0   0   0  10   0   0   0   0   0  33   0   0  22
  43   0   0   8   0  11   0   0   0   0   0   0   0   5  28
   0  22  32   0   0   0   0   0   0   0  26   0   0   0
   0   0   0   0   0   0   0   0   0   0  25   0   0
   0   1   0   0   0   0   0   0  23   0   0  39
   0   0   0   5  40   0   0   0   0   2   0
   0  31   0   0   0  10   5   0  15   0
   0  26  41  39   0   0  32   0   0
  30   0   0  39   0   0   0   0
   0   0   0   0   0   0  35
  34   0   0   0   0   0
   0   0   0   0   0
   0   0  42  33
   0   0   0
   0   0
   0

 212
  21   4  21   1  13   2  11   7   9   1  20  11  16   8   2  13  17   2   8  22   5  13  23   9   2   5  12  18   4  15  11  15   5  10   1  18   6  19   6  13   1  25  13  21  18  11  12  21   6   2

