  50 
  32  30   0   0   0   0   0   0   0   0   0   0   4   0   0   0   0   0  30   0  26   0  38   0   0   0   0   0   0   0   0   0   0   0   0  33   0   0   0  35   0   0   0   0  27   0  33   0  35   0
   0   4   0   0   0   0   0   0   0   0   0   5  36   0   0   0   0   0   0   7   0   0   0   0   0   0  29   0  18  21   0   0  29   0  24   0   0   0   0   0   0   0   7   0  38   0  45   0   0
   0  48  27   0   0   0   0   0  17  45   0   0  47   0   0   0   0   0   0   0   0  43   0   0  44   0  32   0   0  17  17   0   0  48   0   0   0   0   0   0   0   0   0  13   0   0   0   0
   3   0   0   0   0   0  39   0   0  22   0   8   0   0   0  15  25   0   0   0  44   8   4   0   0   0   0  25   0   0  34   0  36   0   0   0   0   8   0   2   0   0  39   0   0   0   8
  26   0   0   0  18   0   0  36   0   0  27   0   0   0   0  31   0  16   0   0   0   0   0   0   0   0  31  12   0  43  21  33   0   0   0   0  18   0  23   0   0   0   0   0   0   0
   0  30   0   0   0   0   0  49   0   6   0   0   0   0   0   0   0   0   0   0   0   0   0   0  26   0   0   0  11   0   0   0   0   0   0   0  35   0   0  13   0   0   0   0   0
   0   0   0   0   0   0  34   0  34   0   0   0   0  33   0   0   0   0   0   0   0  22   0   0   0   0   0   0  42   0   0   0  47   0   0  39   0   0   0  32   0   0   0   1
   0  32   0   0  20   0   0   0  11   0   0   0   0  19   0  42   0  39   0   0   0  49   0   0   0   0   0   0   0   0   0   0   0  23  28  14   0   0   0   0   0   0   0
   0   0   0   0   0   0   0   0   7  22   0  25  49  27   0   0   0   2   0   0   0   0   0  11   0   0   0   0   0   2   0   0   0   0   0   0   0   0   0   0   0   0
   0   0  47   0   0   0   0   0   0  25   0   0   0   0   0  16   0   0   0   0   0   2   0   0  34   0   0  46   0   0   0   0   0   0   0   2   0  25   0   0  12
   0   0  39   0   0  39   0  21   4   0   0   0   0   0   0  42   0  28   0   0   0   0   0   0   0   0  45   0   0  17   0   0   0   0   0   0   0   0   0   0
   0   0   0   0   0  47  33   0  12   0   0   2   0   0  43   0   0   0   2   0  41   0   0   0  15   0   0  23  50   0   0  40   0   0   0   0   0   0   0
  22   0   0  41   0   0   0   0   0   0   0   0   0  14   0   0   0   0   0   0   0  44  27  12  34  34   0   0   0   0   0   0   0  49   0  11   0  14
   0   0   0   0   0  16   0   0  17   0   0   0  19   0   0   0   0  14   0   0   0   0   0   0   0   0   0   0   0   5   0   0   0   0   0   0   0
   0   0   0   0   0   0   0   0  50  42   0   0   0  49  15   0   0   0   0   0   0   3   0   0   0  20   0   0   0   0   0  33   0   0  31   0
  27   0  26   0  12   0  38   0   0   0   0   0  32   0  26   0  42   6   0   0   0   0   0   0   0   0  22   0  31   0   9   6  37  16   0
   0  50   2   0   0   0   0   0   0   0   0   0  12  13   0   2   0   0  44   0   0  18   0   0  19   0  15   0  42   0   0  46   0   0
   0   7   6   0   0   0   0  29   0   0   0  37   0   0   0  32   0   0   0   0   0   0   0   0   0  30  46   0   0   0   0   0  15
   0   2  38   0   0   0   0   0   0   0   0   0  18   0  17   2   1   0   2   0   0   0  15  17   0   0  41   0   0   0   0  29
   0   0   0  15   0   0   0   0   0   0   0   0  43  45   0  46  14  19   0   0   0   0   0   0   0   0   0  24   0   0  10
   0   0   0   0  10   0   0   0   0  26   0  23   0   0   0  16   0   0   0   0   0   0   0   0  36   0  32   2   0   0
   0   0  26   0   0   0   9   0   0   0   0   0   0   0   0   0   0   0   0   0   6   0   0   0   0  19   0  12   0
   0   2   0  17   0   0   0  17   0   0   0   0   0  20   0   0  25   0  36   4   0  48   0  27   0   0   0  25
   0   0   0   0  38   0   0  10   0  32   0   0   0   0  44   0   0   0  29   0   6   0  35   0   0   0   9
   0  13  34   0  43   0   0   0   0   0  47   0  28   0  25  37   0   0   0  31   0   0   0  16   0   1
   0   0   0   0   0   0   0   0  41   0   0   2  50   0   0   0   0  39   0   0   0   0   0   0   0
   0   0   0  22  32  19   0   0   0   0   0   0  27   0   0   0   0   0   0   0   0  21   0   0
  31   0   1   0   0  11   0  42   0   0   0   0   0   0   0  28   0   0  37   0  28  46   0
   0   0   0   0   0  15   0   0   0  42   8   0  14   0   0   0  14   0   0   0   9   0
   0   0   0   0  25   0  22   0  23   0  37   0   0   0   0   0   0   0   0   0   0
   0   0   0   0   0   0   0  15  33   0   0  28   0   0   0   0   0   0   0   0
   0   0  16   0   0   0  18  37   0   0   0  15   9   0   0   0   0   0   0
   0   0   0  35   0   0   0   0   0   0  42   0   0  21   0  35   0   0
   0   0   0   0   9   0   0  21   0  25   0   0   0   0   0   0   0
   0   0   0   0   0   0  35   0  44   0   0  41   0  41   0   0
   0   0   0   0   0   0   0   0  43  16   0  24  44   0   0
   0   0  25   0   0  10   0   0   0   0   0   0   0   0
  43  13   0   0   0   2  25   0   0  16   0  26   0
   0   0  39   0   0  44   0   0   0   0   0   0
   0   0  31   0  19  25  19  45   0   0   0
  16   0   0  32   0   0   0   0   0  16
  33   0   0  43   0   0   0  43   0
   0   5  29   0   0  37   0   0
   0   0   0   0   0  28   0
  45   0   0   0   0   1
   0   0   0   0   5
  42   0   0   0
  50   0  11
   0   0
   0

 304
  24   7   5  13  12  16  16  21  16  16   7   5  23  23   3  25   4  11   7   1  14   2  12   5  20   7  14  10   8  15   1  12  19  20  17  18  20  11  18  14   5   3  11   2   5   3   6   1  17  11

