  50 
   0   0   0   0  29   0  31  34   0  19   0   0   0  26   0  45   0  47  29  27   0  42   0  32  18  38  15   0   0   0  25  19  49  36   0  36   0   0   0  35   3  27   0   5  11   0  37   0  45   0
  15   0   0   0   0   6   0  19   9  47   0   5   0   0  46  15   0  24  32  25   0  22   9   0   0  37   0   0  26   0   0  31  16  24   0  50  41  49  41   0  14  32   0  14   0   0   0   7   0
   0   0   0   0   0   0   0   0   0   0  11   9  28   0  27   0   0   0  45  28   0   0  50   5   0  21   3   0  33   0   0  12   0   0  14   0  41   8   3  33  27   1   0   0  32  31   0   0
   0   0  34  33   0  32  21  28   0   0  13   0  22  37   0  38   0   4   0  27   1   0  47  22   1   0   0  31   6  22   0   0   0   9   0  36   0   0   0  10   0   0   0  43   0   0   0
  39   0   2   0   0   0  13   0  28  33  33   0  49  39   0   0   0   0   0   0   9   0   0  11  34  42  11   0   0   0  43   0  48  47  27  31   0  24   8  26  12  24  30   0  47   0
  21   0  48  34   0   0  16   0  22   0   0   0   0  47  47  19   9  11  45   0  38   0   0   0   0   0   0  41   0  50  46   0  22   8  44   0   0   0   0   0  16  32  49   0   0
  46  40  45  26   0   0   0   3   8  39  34   0   0   0   0   0  35   0   0   0  46  14  10   1  40  16  13  40   0  45  12   3  44   0   0   0   0  39  25   6  37  49  25   0
  14  42  46   0   0   7  36   0   7   0   0  48  46  37  26   3  31   0  26  41   2  26   0   0  28  22   0   0   0  45   0   0   5   0  10   0   0  24   0  10   0   0   0
   0  44   0   0   0   0   0  38   0   5  19   8   0   0  47  30   1   0   0  21  35   0  13   0   0   0   8   0   7   0   0   0   3  42  49   0  31  36  17  30   0  18
   0   0   0  29  43   0   0  50   0   0  48   0  19   0   1   0   0  15  34   5   5  17  28  49  21   0   0   0   1  49  19   0  28   8  36   0  45   0   6  39   0
   0   0   0   0   0  41  10  37   0  18  50   0   8   0   3  31  24  33   0   0  46   2  25   0   0  41   0   0   0  43   0   0   8   0  13   0   0  20   0  30
   0  22  34   0   0  18   0  20  43   0  44   0  18  49   0   0   0   6   0   6  39  19   0  46   4  44  21   0   0   0  24   0   2  16  34   0   0   0  12
   0  32   7  48   0   0  25   6   7   0  36   6  42  33  13   0  49   6   0   6   0  12   0   0  48   0   0  29   4   0   0   3   0  12   0   0   0  39
   0   0  46   0  12  30   0   0   0   0   0  46   7   0   0   0   0  12  18  43  40   3  12  32  26  39   0  44  40   0  34  39   0  12   0   0   0
   0  14  19   2  34   0   0   0  50   0   0   7  33   0   1   0   0   0   0   0  44   0  36  36   0   0   0   0  40  39   1   0  33   0   0   0
   0  41   0   0   0  36   0   2   0   0  47   3  17  30   0  26  40  47  15  18   0  10   0  30   0   0   0  10   0   0   0   0   0   0   0
   0  26   8   1  15   0   0  18   0   0   0   0  49   0   0   0  10  37  11  43  13   0   0   0   0   9   0  35  12  36   0  34  25  15
   0  10  22   0   0  36   0   0  11  39  19   0   0  15  44   4  46   0   0   0   0  31   0  44   0  14   3   0  13   0   0   0  26
   0  34  12  10   0  15  30  14  21  33  48   0  32   0  26  38   0   0  10   0   0   8   0   5  13   1  42  38   0   0  25  30
   0   0  30   0   9  23  29  13   0  18   3   0   7   4   0  19  16  36  13  49   0  29  15   0   0   0   0  27   0   4   0
   0   0   1   5   0   0   0  16   0  44   0   0  19   0   0   0  28  45   3  30   7  37  18  29  13   0  31  21  21  40
   0   0   0   0   0  22   6  11   0  23   0  34  32   0  49   0  13  44   0   0   0   0   0   3   0   1   0   0   0
   0  41  28   0   0  48   0  25   0   1  20   0   0   0   0  41  48   0   0   0  10   0  28   1  30   0   0  16
   0   0   0   0  46  47   0   0   0   0   0  46  39  12   8   0   0   0   5  47   0   0  12   0   5   0   0
   0  22   0   0  27   0   0   0  18   0  49  23   0   0  18   0   0  21   0   0   0  25   0   0   0  31
   0   4   6   0  39   0  42  16  11   3  11   0   0  27   0  25   0  46  13  36   4   0  17   9   6
   0  40   0   8  10  42   0  46   0  41  10   0  42   8  35  30  14  48  25   0   0   0   0   0
  27   6   0   0  19   0   0  30   0  28   0   0  30   0   0  37   0   0  30   0   0   0   0
   0   0  48   8   0   0  10   0   0  48  23  40  28   0  43   0   0  24   0  24   0   0
  17   0  12  20   0   0   0   0   0  42   0  11  11   0  33   0   0  16   0   0   0
   7   6   0  40   0   0   9   2  21  33  20  23   8   0  14  40   0  22  10   0
   0  37   0  17  18   0   0  18  26  46  11  45  37  14  25   0   0   0  16
  20   0   1   9  11   7   0   0   0   0  47   0   0   0  49  29   2   7
   0  45  25  19   0   0  37   0  47   0  15   0  27  44  48  45   6
   8   4  45  13   0  41   0   0   0   0   0   7  18   0  37   0
  42   0   0   0   0  17   0   0  27  42   9   0  22  17  25
  21   0   0   0   9  39   4  36  41   1  50  43   0  27
   0   8  35   0   0  20   0  37   7   0  43   0   0
   0   0  42  48   0  28  37   0   0  14   4  41
   0  26   0   0  11  40   0   0   0   6  34
  23   0   0   0   0   0  32   0   0   0
  30   0  22  29   0  26   0  44   0
   0  31   0  25   0  30   4  36
  33   0  11   0   0   0   0
   9   0  43  37   2  47
  30   0   0   0   2
   0  15   7   0
  29   0   0
  36   0
  28

 585
  19  13  14  20  22  12  24  21   9  25  11   3  18  11   3  12  25   6  14  17  10  13  15  15  13  13  11   2   8   5  16   7   2   6  16   5   9  12  17  17  22  19  23  10  13  24  19   2   7   9

