  50 
  33   0  48   2  33   4  33  21   8  32  32   0  37  50   8   1   3  37  45  21  24  41   0  29   0   2   0   0   3  15   5   3  35   3  15   0  23  19  47  48  27  23   0   0  30  11   0  50  23  27
   1  35  20  22  23  17  10  14   6   0   0  16   0   6  49   9  47   1  43   0   0   0  26   0   0  49  37   0  21  15  15   0  19  26  43   0  48  27  10   9   0   0  34  12  31  30  27   0  28
  44   7  30   0   0  30  31  20   0  14  25   0   0  16   0  42  16   0  23  38  26   0  15  11  23  41   0   6   4  19  43   0   0   1  42  44  11  22   8  19   5  45   0   3  18  21  41  45
   0  17  15  50   0  48   0  41  21  33   0   0  32  30   0  20  21   0  30  15  34  15   0   0  14   4  20   0  31   0  31   0  36  14  11   6   2   0   9  50  40  48   4  15  41   0  44
  10  38  39   0   9  28  27   0  18   2  48   4   1  35   1  41  25  31  19  36  43  10  25  14  21  34  24   9   0   4  38  37   0  23   0  13  21  11  32   0  22   0  46  45  27  37
  46  31  36  12  36   4  28  14   0   6  17  49  27  45  39  31   0  43   0  31   0  18  10   0   5  32  50  50   6   1  40   0   5  38  26  24  33  20   0  46   0  36   0  40   0
  14  25  44  19  13  22  39   6  20  10  45   0  10  17   0  40  14   0   0   0  20   0   6   6  37  47  13   0   0  19   1  31  21  31   0   0  50  44  19   0  40  16  30   0
  26   8   0  19   5  10  23   0   0  49   0  24  18  11   0  49   0   0   0  29   1  15   3   0  34   8   1   0   8   0  20   0  39  11  11  35  25  48  23   0  40   0   0
  47  11   2  50  32   0  31  43   0  21  36   0  13   0   2  23  11  19  17  20  27   0  14   1  10  47  28  11  29   7   0  49  42  28  40  34  41  41  34  42  21  34
  29  46  14  14  31  25  38   3  28  19  30   0  20  12   2  47   6   7  48   0   0   0  19  46  29   0   0  47  49  18  20   7   2  26   0  27   0  44   0   0  38
  23   0   0   0  10  37  20  20   0  31   0   1  27  40  42  46  22  24   3  36  48  27   0  41  27  31  50  21  45   1  26   1  11   1   0   0   0   6  19   0
   0   9  29  29   0  32  37  33   0  37  17   0  31  19  46  38   0  22  32  39  21   7   0  26  40  41  30  14   0  40  22  18  28  48  24   0   0   0  30
  24   9  20   4  42   3   0  16  16   0   0  17  41  18  32   0   3   7  21   6   5   0   7   6  48  34  16   0  30   0  40  45  44   0  37  50   0  17
  13   0  41  49   0   0  27  28   0   2  20  17  12  26  37  35  35  16  50   0  47  28   4   8  24  25   0   0   0  15  37  40  13  44   0  45   5
   0  17  25  26  23  17  41   0  39   0  48   0  36   0  25  18   0   0  34   0   0   0  38  14  19  37  33   0  12  10  50  31  32  29  11  20
   0  30  38  20   0  26  24   0   0  23   0  40   6  36  11  39  31   0  10   0  41  38  47  40   4  49  31   1  15  18   7  10  37  39   6
  46   6  49   6   0  30  38  43   0  24  33  22   6   0   1  13   5  37   0   0   0  13   0  49   1   0   0  13   0   2  48  48   0   0
   0  24   5   4  31   5  22  28  28   9  41   1  22   0   4  28  16  23  48   0  48   0  39  37  20   0  49  28  21  32  47  32  24
   0  41   5   0   0  33   3   0  29   0  29  31   1  45   7  37   0  44  25  46  12   0  24   0   0   8  16   5  28   2  38  28
  46   9   0  44  14   0   7  10   5  32  24   3  21  10  35  49   5   0   0   0  28  36  33  48   0   3   0   0  23  12   1
   8   0   1   0   0  10  36  34  37  20   0  12   0  24  18  50   0   1  39   3  28  12   0  49  10   0  47   7  38  23
  32  48  48  46  49   0  41  37   0   0   0  24  44   6   0  36  23  30  26   6   0  39   0   5  41  28  24   3  13
   0   9  30   0  31   0   0   0   0  34  32  46   0  22  42  35   0  33   8   0  41  27   0   0   0  33   0   0
   0  28   6  18   3  12   8   0  27   0  39  42  50  40   2  38  49  15   0  13   0  22  39   6  47  45  30
  46   0  12  22  17   0   0   6   0   0  22   7   0  49  25  29  36  11   0  25  39   9  42  20  44  21
  40  43   0   0  25  34  15  37   0   0   0   0   4  31  20  32  23  23  45   9   0  44   0   3  24
  38  21   0  43   3   0   0   0  24   0   5  36  35  23  39  47   0   5  16   0   0   9   4  22
  30  20   0  30  49  35  27   8   0  24   5  47  46  11   0   0  20  31  41  48  21  38   0
   0  33  12  14  43  44   0   3  47  18   0   4   0  50   0   0   5   9  24   5  23  19
  42   0  30  29   0  30  29   0  18   8  40  21   8  25  15  11   0  21   0  20  45
  12  17  32   0   0  50  49  40   0  36  14   0  44  48   0   8   0   4  42  31
  14  43  13  13  42   0  46  11   0  15  15  32   0  38   0  42  26  43  39
   0   9  31  17  46  32  26  18   0  41   0  33   4   0  47  44  17  42
  15   6   0   3   0  50  24  11  43  38  37  28   0  36  34   0   3
   0  42  26  33   0  11  18  30   4  31  12  38   0  22  25  34
  12  10   0   0  11  13   0   0  26   4   0  20   0  18   0
   3   0  17  38  19   9   4  31  24   1   0  15   0   0
  44  23  27   0  21  32   5   4  45   0   0  11   0
  30  43  32  22   0  44  25  28  49  25   0   0
  30  32   0  41  27  18  43   7   3  20   0
   2  31  25  36  16   0  35   1   0  28
  49   0   0   0  12   0   5  38  46
  31  42  37   3  32   7  37  23
  25  24   0   0  24  26   6
  43   0   0  30  47   0
  47  19  22  50  26
  16  24  29  12
  38   0   0
   1  38
  50

  61
  14  12  18   3   8  11  18   5  23  18   1  12  13  20  20  24  24  16  13  21   5   3  25  11  18   5   1  23  18   3  13  15  10   8  19  14  12  24  22  12  18  12   3   6   5  22  11   1   5  17

