  50 
  38  49  45  17   0   3   1   0  28  18   0   0   0   0  33  50  46  21  28  42   0  50  18  28  36  31  40   0  12   0  16   0  31  42   3   0   0  23   4  31   0  45   0   4   8  33   0  17   0   0
  14  43  21  23   2  32  23   0  37  44  13  12  44  22  16  34  11  37   0  48  24  14  10   0  28  32  29  39   0   1  23   0   0  24   1   0  19  24  34  34  44   2  48  23  40  24  40   0  32
  27  16   4  39  34  44  36   9  20  39   0  50  28  15   0   1  45   0   0  20   0   0   6  10  34  33  11   0  17   0  48  18  34  50  34  33  16  34   0  15  11  24   0   0  19   9  29  36
  49   0   0  18  48   0  27  28   0   0  19  17  19  20  43   8  26   9  31  43  21  17  36  45   0   6  49  20   0  15  18  47   0  17  14  19   0  10   3  44   5   0  39  44  38  47  42
  12  11  38  31   4   0  34   8  27  14  32   0   0   0  19  21   0  29  25   0  25  11  28  25  38  46  38   0   0  47   0  24   0  45   0  35  50  27  31  35  23  16   0  21  31  36
  17  39  45  17  21   5  23  14  50  33   0   0   8   0   0  22   4  11  47  16   9   0  39   0  41  44  12  47  46  26  31   0  38  19  32  50  43  22  41   9  44   0   0   6   0
  19  41  15   0   0   0  39  34  47   8   3   0  21   0  18   0  33  27  44  45   6  50   0  41  21  36   0  30   9  48   0  21  45  23  21   3  41   0   0   0   9  29  34   0
  39   0  12  40  35   0  49  27   0   0  35  19  50   4  45   0  50  33   1   6  40  16  11   4  17  28   5  42   4  19  47  18   0   4  41  28  15  50  18  22  22   8  11
   0  23  19  41  33   0  36   0  46   0   0  18  10   7  17   6  40  32  15   6  33  46  50  31  49   0   0   6  38   9   0  23  31  25   9   0   0  11   0   2  25  39
  50  36  41  12   0   0   0  20  16  41  28  25  35   0  28  33   0  41   8  23  22   5  31   0  37  50  22   0   0  47   2   0  24  27  46   2   0  20   5  23  30
   0   0  45  47  16   8  40  30  49  40   0  35   1  25  43  15   0  34  20  25  12   0  15   0   0  43   0   2   0  11  34  38  32   0  39  20  47  19  16  16
   0   9  39  21  39   0   0  38   0   8  26  49  34   1   0  28  42  46   0  31  18  24  18  44  25   5   9  40  40  29  11  16  47  43   7  35   1  44  28
   3   0  20   0   0   8  22   0   0  49  13   5  17   0  15   0   0   0   0   0  42  13  30   6  44   9  23   0  49  22  38  33   0  22   0  14  13  40
  14   3  31   6   9  21   4  18  42   0  29   0  39  23   0   5   8  50  38  43   0   6   9   4  18  10  47   2   0  11  16   9   8  48  20  23  13
  11   9  11  12  34  35  24   0  38   0  46  29  44  15  38  34  39  22  40  44  11  49   0  46   6  30   7   0  16  18   0  41  25   0  45   8
  28   0  37   8   7   0  19   3   0   0  49  38  20   4   0  37   7  39  10   0   5  11  13   9  22   3  23   9  12  39  33  45   0  45  17
  11  12  22   5  31  37  30   0  22  19   0   8  21  35   3  28  46   0  29   7   4  12  11   2  36  37   0   1  30  20  12  45   7  13
  26  12  40  37  23   0   0  12  21  36  23   2   0   0  23  22  15   5  22   0  49   0  21   6   0  46  43  40  38  38  12  38  41
   5  32   9  45  41   0  29   4  29  30  34  18   4  22  21   0   5  26  16  34  23  28   7  24  15   5   0   8  22  50   7  39
  22   0   0  22  31  44  46   7  48  12   0  38  33   0   0   8  39  47   8  21  18  43   4  23   0  36  21   0   0  32  26
   0   0  36   0   0  41  26  34  14  39  35  12   2   2  15  21  12  28   0  30  39  10  31  28   0   1  15  49  23  11
  17   0  27   0  35  18   0  35  20  41  50  39   6  16   0  26  37   0   0  34  35  38  13   0   0   4  43   0  21
   0  43   0   6   0  41  12  36  42   0  46   0   0  41   8  42  37  33   7  19  42  44  11  49   3   6  27   1
  43  36  10  29  28  23  33  21   1   0  50   0  21  48   0  31  19  44  44  39  34   5  30  10  49  45  47
   1  13  24   1   0   0  24   0  42  29   0  30  46  37  36  31  42  28  19   0  43  30  19  32  44  47
   0   3  43  28  16  34  41  21  28  48  41  14   3  25  29  30   2  31  36   0  48  36  46  45   0
  34  44  32  43   0   3   0   0  16   6   5   0  37   0  27  41   0  48   4  33   6  22  40   5
   0   0  49   4  18   0   0  49  11  18  12   0  25   0   5  12  47   0  34   1   2   0   5
  35  32   4   4  49   0   0   0   0  48   0  43   0  24  45   0  13  33  23   6  38  36
   0  14   0  31  44   0  44   6   0  43  16  41   1  12  44  42   0   0  43  41  38
  37   6   4   7  30   2   0  38  32  50  34  18  23   0  13  17  44  37  20   6
   0   0  15  46   0   0  30   0   0   4  28  39  42  41  18   0   0  48  33
  24   3  14  39  37  35   1   2  12   0  30   9   0  44   0   9  32   0
   0  23  10   0   0   0  45  48   9   0  24   0  21  30  20  10  21
  14  24   0   0  27   0  47  17   9   1   0  25   0  42   0   4
  25  23  34  23   0   3  46  47   0  43  13  34  42   5  10
  41   0  25  46  45   0  50  35  18   4  42  23  48   0
  30  43  33  50   3  23  18  33  15  32  25  41   0
   0   0  16  37  30  47  11  31  37  12  24  30
  33  34  43  10  46  48   0  29  41   0  34
  32  25   0   0   0  10   0  45  23  23
   4   0   0   0   0   0  18  47   9
  19  33  38  20  48   0  15   0
  45   9  48  13  25  44   5
   0   0  29   8   5   0
  50   0   1  36  21
   0  38  49  30
  25   9  46
  43  49
   0

 242
   7  11  12  20  14   8   7  25   4  17  11  13  21  10   3  10  16   9  16   1  20  13  25  17  10   3   9   3  15   5  25   8  12  22   3   2   8   1  13  17  22  18  17  16  25   3  10  10  25   5

