  50 
  43  28  44  50  23  13  13   0   0   0  30   9   0  44   7   8   4  40  19   0  50   0  16   0  10  32  38   0  33   4   3   0  40  45  18  20  15  11   0  28   0  19  40  42  38   0  47  47  11   0
  33  17  47  23   0  37  28   0  32   0  39  24  27   0  32  41   0  33  40  39   0  21   0  49  49   0  46  41  14   0   9   0  25  10   0  27   0   0  22  38  30  29  11  11  10  13  24  41  43
   0   6  21   0  19  12  42  24  16  25  50  15  33   0  38   5  12  49  20  14  47   0  18   8   1   2  23  11  19  43  46  46   0  18  37  27   0   0  49  17   0  34  22  16  31  25  50  48
  14  48  30  30   0   0  18  49  32   2  12   8  38  50   0  12  11  17  48  38   0  29  39  16  35  29  10  19  19  41   0   7   0  22   0  30   0  14   0  33  22  26   0  22  23  45  20
   0  35  40  45  42   0  19   8  32  12  37   0  13  45  17  42   0  38  16   0  44   0  30   0  50  23  13  42  11  32  49  18   0   0   4   0  18  36   0   0  45  14  19  26  10  22
   6   0   0  49  13   0  22  26  10  34   0  16   9  17  48  34   0  12   0   0  31   3  46   2   0   6   0   0   0   0  20   0   0  11  13   6  21  14  47  41   0  30   1  37  26
  11   4   0  14   0  39   1  20  36  44  46  50   0  33  40   5  23  23  18  47  46  43  41   4  15  16   0   9  12  35  30   0   0   0  49  44  42   0   0  26  28  44   0  14
  29  35  43  31  14  11   0   0  45  43   0  16  11  32  29  18   0  25  26  38  36  37  44  19   3  40  23   8  41   0  10   5   0  17  28  10  41  44  20  18  20  33   0
   0  40  45   3  46  38  22  46   0  36   3  50   0   0  12  32  22  20  31  17  45   0  46  20  26  24  49  50  50   0  14  39  48  13  14  38  15  47   8  32   4   5
   5   0  50  21  49   0  41  13  34  22  40   0   0  42  42  28  22   0   0  20   9   0  33  14   0  49   0  33   0  37   0  22  38  23  21   0  12  41   0  36   0
   4  16   0  46   1   0  47   4   5   0  24  26  17   0  26  26  24  46   6   0   9  17   3  37   0  19  41   0  43   0   0   2   0  40  49  28  32  44  14   5
  50   0  28  32   0   0   0  31  34  28  35  27  17  18   0  46  32  44   0   6  39  20   2   4   4  15  41   0  33   6  50   1  39  47  30  11  22   0  47
  13   9  47   0  12   0   6   0  16   3   0  35  31  45  29  14   0   7   3  47   8  23  36  48   8  26  17  31   0   8   0   0   0  40  26  20  16   0
   6   0  10   0  35  46   0  35   0   2  27  49  11   1   0   4   5   3  33  15  46  17   0  38   5   7   5   0  48  50   0  50  41  33  48  35  49
   0   0   4  17   0  35  17   0  23   2  24   0  44  30   2  34  40  11  49   0   0  11   5  43   0   0  22   0   3   0  27   0   1  48   0   0
  17  15   0  43  26  36  34   0  16  32  23   0  47  18  28   0   0  22  42  47  21   1  23  18  49  38  41  19  22  39  25  49  25  27  40
  43  47  11  32   2  20   8   7   5   0  12  13  29   0  23  34  21  28   0  20  18   0   0  18  35   4  28  27  10   0  23  24   2   0
   7  19  29  31  18   0  48  18  29   4  20  41  29  23  25  22   0   0   2  20  29  19  38   0   4  33  16   0  41  14   4   0   0
  34  17   7  10   0   8  28   0  37  40  37  34  29   8  50   6   0  24   0  25   6  27  37   3  25   0   0  34  39   3   0  18
   7   0  26   9   0  19   0  37   0   8  44   0   7  36  33  48  24  48  25   0  20   8  34  49   0  33  39  23  20  41  15
   8  11  25  41  36   2  20   0   0  49  20   0  43   0   0  41   0  46  28  40   7  39  29   4  33   0  27   0   5  34
   0  15  40  19  14  23  16   3   0  34  27  12  15  33  22   0  44  32   0   0  20  44   8  32  32  18  22  45  32
  15  45  32   0   0   0   0  47  25   0  46  23  46   0  49  35  24  29  45  28   6  11   9   0  33  43   0  20
  20  32  23   9  41   0  43   8  28  44   1  38  32   0   6  34  37  10   0  39  31   0  37  14   9  10  15
  42   4   0  12  11  17  46  43  17  20  49   0   0  38  20  43   0  43   0  30  31  16  38  26  37   1
  11  14  16   0  32   8  25   0   3   0  10  19  20   0  49   0  29   9  18  48   6  28  49  18  49
  14   0  42  10  17  26  34   0   0  35   1  17   0  43  25   0  47  43  28  17  41   3  27  28
  19   7  26   5  15   0  17   7  37  46   4  41  36  16   9  38  33   0   0  45  42  33   2
   0  47  34   2  24   0   8   0   0  23   2  46  48   0   7  41  43   1  46  46   0  23
  41   7   2   0  36  36  21  43   7   0  23   0  39  40  22   0  12   1   0   0   8
   0  49  11   2   0   0  19   3  28   5  26  11  50  22   9  48  32   0   8  36
   0  37   0  15   4  27   0   0   0  23   2   7  28  42  33   4  50  25   0
   3  48   4  49  46   0  30  26   0  10   0  26  17   1  18  22  50  26
  33   0   0   3  42  34   2  17  12  42  43  29  14  46  37  35  41
   4  10   8  28  46   0  40  26  50  40  37  16  44  17  18  28
   0   0   4  20  17  34  21  21  33   0  34   6   0  38  12
  46  32   0  41  21   0  33  30   0  35  46  17   5  50
  38  42  11   0  28   0  34  23  44   0  15  48   1
  13   0  32  24   0  28  19  38  10   0  36  26
  43  22  44   0  21   0  39   0  17  30  21
   0  16  20  46   0  29  37  46  32  24
   0   0   0   0  45  21  30   1   8
  23  42   0   0  30   5   0  10
  41  46   1  23  48  11  27
   5   0  49  16   0   0
  30   0   9  13  29
   1  19   0  28
   0  36   5
  48   0
   2

 580
  22   9  14  16   7   3   6  17  23  15  19   5  12   3  21  20   3  16  23   7  16  24  14   1   3  11  17  19   2  20   9  14   1  15  11  22   8   6  25  20  19   9  15  16   4   5  19  14  15  25

