  50 
  27  30  25  48   7  28  47   2  11  42  19   0   9  20  47  50   0  32  16  29  18  43   0  49   8  33   4  27  43   4   0  12  12   0   6  27   0   6  38  34   0  46  40   0  46   6   0   0   0  10
  31   5   2   0  29   0   0  36   0  22  15  32   6  43  12  42   2   1   5  44  25   7   0  44   0   0   1  19  40  49  20  45   3   7   0   0  18   5  46  33  41  35  28   9   8  39   2  44  45
   2  21  39  36   0  13   0  10  31   0  43   1   0   0   4  22  11   0   0  50  50  23  28  15  38  33   9   0  41  24   0   0   6  41   0  41  38   1  34  44   0   0  27  26  40  47  37  24
   5   0  41  26  17  44  43  30  36   3  16   0  50  30   0  20   0  22  10  24  13  29   0  25  38   0   0  49  25  41  33   3  32  27   6  24  46  23  48   0   0   0   0  15  15   0  46
  18  50  47   0   0   3  48  48  36   7  49   0  47   0   0  16   0   8  50  40   0  17   8  34  16  26   0  27  16  40   1  30   5  13  41  39   0   7  14  36  38  14  39   0  38  26
   0  23  19   0  32   0  29  29   0  14  22  12  14   4  31  35  17   2   0   2   0   0  39  24   5  41  39  29  39   0  16  14   0  12   2   9  20   0  36  43  18  35  30   0  42
  39  40   0   0  15  46   0  12  43  18   3  22   2  18  23  46   0   8  20  27   0  29   0  40   2   4   0   4  18  46  41   4  38  47  39   2  31  47  41  33   4  11  12  29
  41   3  41  28  45   1   0   6  39  15  22  35  46  27  47  44  10   0  19  35  11   0  27  34  24   0  32   0  48  12  45   0  46  46   0  30   2  16  12  12  49  29   4
  29  14   0   6  37  32  38   0   0   0   9  16  49  14  24  42   6   8   0  29   5  29  37  11   0   0  39   0   0  43   0  49  50  11   0  10   0  26  39  22   8  34
  32   6   0   6  23  12  28  50   9   0  17  39  29   0  10   9   0   0  25  32  35  43   7  42  27  15  40  36  26  48  11  44   0  18  28  37   0   9  41  25  28
   0   9  35   2   0  49  21  27  42   0  21  42   0  30  27   0  26   4  12   9  35   3  28  24  35  47   9  31  43  37  44  32  36   0  13   0   0  32  50   6
   0  15  16  14   2  31  17   1  18   0   0  37   1  22   0  33   0  28   0  10  49   0  16  27   0  11  38  31   0   0  31  48   0  45   0  37  32  43  24
   5   3  23  45  28  17   0   0  25   0   1  13  24  37  48  38   9  21  13  19  20  15   0  42  17   0  15  23  44   0  49  36   0  24  40  16  14  49
  18   7   0  12   0   0   0   0  17   1  35  41  18  11  11  34   0  41   9  47  45  27  25  24  41   8   0   0   2   8   0  44  30  21   0  49   0
  19  49  46  41   0  34   0   0  41   8  10   0   0   0   4   8  44   0  30  48   0  40  36   0  19  42   2  46  21  24   0  23  25   0  22   5
  45   0  44   0  33  38  26  46  16   0  37  21   0  14   4  49  27  14  27  46  35  13   0   0  23   0   0  33   0   0  31   0   0  10   7
   3  45   2  42   0   0  24  33   0  41  15  30   0  44   0  35   0  16  50   1   0   7   0   0  24  31  41  15  34  41  29  50   0  36
  14  16  29   6  36  35   0   0  33  26  47  16  28   0  38  30   9   4  37  34   7  26  35  12  19  10   0  16   7   6   0   6   1
  23   1   0  20  25  34  25  17  36  17  13  10  36  19  48   0   3  40   0  45   0   0  22  25   0  26  28  12  16  47   1  14
  38  41  15   9  41  46  41  20  48  13  17  40  36   9   0  10  34   0   0  41  30  10  38   8  37  25  36   8  41   9   0
  26  12  31  44  30  19   7   6   0  10   0   0  25  42  41  16   0  26  24  41  15  45  45   3   3   0   2  21  41   9
   5  32   0   0  28  43  38  24  37  10   9  36   2  32  38   2  32  14   0   2  19  20   0   0  11   0  23   0  44
   0  23  26   0   0  34  26   0   0   0  11   0  50   7  41  45  16   0   4  21   0  18  10  14   0   0  13  35
   4   0  39   4   0  32  19   0   0   0  23   0  12   6  18  36   0  49  47   7  48   0  24   0  22  33  12
   0  12  49   1  41   2  36  36  45   0  33  29   0  37   0  17  36  35  42   0  13   1   0  33   9   0
   0   6  42   3   0   2   0  42  40   0  18  29  49  44  39  42   0  17  47  35   4  31   4   0   0
  33  40  26   0   0   4   0   0   0   0  17   0   7   0  21  16   4  34  50  15  46   6  29   0
  43   0  30  22   5  28  23  14   0   0  11  23  43  26   2  48   0   4   0  20  44  19   1
  35  27   7  38  18  10  35   0   0   0  22  47  39  14   0  12  24   0   0  42   4  11
  34   9  30  32   5  33  47   2  40  16   3   0   0  46  48  12   0  35   8   5  31
  18   0  42   1  11  45  11   0  22  20  50  50  44  30  47  21   0  34  50  20
  38   0   0  10  39   0  35  34  32  32   0  48  22   6  19  17  49   0  21
  26   0  32  44  15   3  40  18  13   4  27  23   0  30  44  50  43  28
   0  18   0  11   0   0  39  32  12   9  42  26   0  22  48  34   0
   0  25  12   1   2  41   6  44   0  17  26  27  43  30   0  38
  32  29   0  10  31  40   6   0  44  26  42  26   0   3  30
   0   0  24   0   0  48   8  42   2  33  45  28  17  33
   0  36  37  41  14  19   0  18  23  48  26   6   0
  36  48   0  26   0   0   0   0   0   0   0  35
  12  33  24   0  43  31   0  50  40  40  38
  23  31  14  38   0  46  40   0  16   2
  25   5   0  37   7   0  25  19  10
   0  36  36  21  44  14   0  11
  45   5  17  18   4   0  28
  49   0  26  43  50   3
  30   6  12  32   2
  25  26  34   0
  41  11  39
  30   0
   0

 356
  23  22   4  10  14  16  13  18   2   1   4   5   3  12  15  18   3  11   9   6  24  19   8  16   5  10   7  25  21  20  16  16  18   5   1  25   9  14  24   4  19   8  17   2   7   6  25  19  10  13

