  20 
  19  14   4  32  49   5   8   1   7   5  30  24  46  38  29  16   7  10  43  31
  49  14  32   2  32  42  42  35  11  27  15  22  37  28  13  21  23  40   1
  26  29  19  19  19  48  46  33  45  50   1   5  42  32  47   2  22  33
  10  50   8  37  15   8   2  32  10  27  34  31  20  26  22  38  43
  17  28  12  14  28   3  30  33  10   9  20  24  34  15  36   9
  25  15  17  25  23  19  11   7   9  34  39  13  25  46  27
  23  25  32   8  12  48  19  29  18   9  13  40  28   5
  19  19  40   8  15   9   6   1  43  15  42  24  11
  29   9   4  33  42  19  10  41  11  14  43  46
   1   3  18  46   6   4  48  10  15  14  40
   2  42  35  49  37  43  22  46  22  30
  49  13   7  17  28  19   9   5  35
  37  18  26  37   3  26   2  38
  23  30  42  16  47  38  27
  47   7  32  27  19  15
  32   4  29  15  14
  34   2  40  48
  19  45  39
  41  38
  48

 204
  13   9  20   1   5   4   8  17  17   2   6  12  24  15   2  19   9   2  14  10

