  20 
   0   0   0   0   0   0   0   0  16   0   0   0   0   0   0   0  49   0   0   0
   0   0   0   1   0   0   0   0   0   0   0   0   0   0   0   0   0   0   0
   0   0   0   0  40   0  32   0   0   0   0   0   0   0   0   0   0   0
   0   0   0   0   0   0   0   0   0   0   0   0   0   0   0   0   0
   0   0  17   0  33   0   0   0   0   0  48   0   0   0   0   0
   0   0   0   0   0  35   0   0   0   0   0   0   0   0   0
   0   0   0   0   0   0   0   0  31   0   0   0   0   0
   0   0   0   0   0   0   8   0   0   0   0   0   0
   0   0   0   0  10   0   0   0   0   0   0   0
   0   0   0   0   0   0   0   0   0  25   0
   0   0   0   0   0   3   0   0   0   0
   0   0   0   0   0   0   0   0   0
   0   0   0   0   0   0   0  32
   0   0  20   0   0   0  23
   9   0   0   0   0  12
   0   0   0  26  11
   0   0   0   0
   0   0   0
   0   0
  43

 149
   9  11  17  10   9  21  22   4  16  13   9  17  17   8   4   7  24  16  13  20

