  20 
  33  12  18  50   9  17  30  19  47  45  24  10   8  20  17  34  37  30  23  31
   1  26  44  30  28  50  32   9   1  13   5  14   9  14   1   3   1  20  25
  16  27  17  15  39  36  12  17  19  50  27  13  20   8   5  16   6  31
   2  10  16  31  25  44  30   2  14   9  50  49  34  10  20   6  11
  33  10  14  26   8  11  46  49  24  35  16  30  42   1  34  49
  11  33  21  47  29  23  37  37  31  32   1  35  45  38  31
  49  31   8  32  32  16  33  23   4  49  27  10  40  35
  25   3  34  32  25  29  40  17  45  47  24  30  23
   5  21  14  33   2  49  10  49  21  36  31  24
  43  21  18  46  48   8   4  28  19  16  38
  10  14  41  31  43   5  20  32  32  12
  39  39  25  19   4  37  45  23  37
  31  10  50  39   3  40  30   4
  29   4  20  34  33   6   5
  41   5   4  41   5   9
  14  40  29  41   8
  32  26  46  24
  45  21  41
  27  38
  30

 337
  14  21  14  22  23  22   5  23  23   4  22  19   4   8  23  21  16  18  25  25

