  20 
   0   0   0   0   0   0   0   0   0   0   0   0   0   0   0   0   0   0   0   0
   0   0   0   0   0   0   0   0   0   8   0   0   0   0   0   0  13   0   0
   0   0   8   0   0   0   0   0   0  32   0   0   0   0   0  47   0   0
   0   0   0   0   0   0   0   0   0   0   0   0   0   0  48   0  48
   0   0   0   0   0   0   0   0   0   0   0   0   0   0   0   0
   0   0   0  11   0   0   0   0   0   0   0   0   0   0  11
   0  16   0   0   0   0   0   0   0   0   0   0   0   6
   0   0   0   0   0  17  31   0   0   0   0   0   0
   0   0   0   0   0   0   0   0   0   0   0   0
   0   0   0   0   0   0   0   0  10   0   0
   0   0   0   0   0   0   0   0   0   0
   0   0   0   0   0   0   0   0  15
   0   0   0   0   0   0  25   0
   0   0   0   0   0   0   0
   0   0   0   0  27   0
   5   0   0   0   0
   0  11   0   0
   0   0   0
   0   0
   0

 175
   9   5  11  20   8   2   2  23  23   3   6  11   2  13   1  10  10   7  14   4

