  20 
  32  17   4  15  32   9  33  11  31  26  17  18  43  29   1   1   3  34  27   6
  44  20  29  31  47  25  40  12  35  14   6  15  42  16  33  36  34  35  23
  11   8  22  40   1  37  36  18  28  31  23  24  30  29   5  16  14  33
   4  45  27  12  22   8   7  24  26  22   3  40  40  29  19   9  47
  24  50  14  25  23  40  50  35  35  36  41  23  21  40  21  45
  36  42  44  33  11  41  17   8   4  37  11  45  31  15  13
  35  49  37  48  17  37  43  48   5  50  25   2  32  19
  10   5  17   3  25  38  47  20  31   5  32  29  40
  41  15  20  15  50  14  21   4  21   1  20  46
  48  13  14  46  17   2  15   8  43  22  37
  22   6  21  35   5   3  20  22  43  15
  27  16   5  12  26   5   9  21  18
  37   5  33  20  46  40  20  34
  35  50  23  20  23   4  45
  49  23   1  33  44  29
  41  42  10  38  22
  25  23   8  19
   4  13  34
  28  26
  25

 113
  16  14   2   8   8   7   8   5   3   4   3   3   7  24   7  16   7  18   8   8

