  20 
   0   0   0   0   7   0   0   0   0   0   0   0   0   0   0   0   2   0   0   0
  38   0   0   0   0   0   0   0   0   0   0   0   0   0   0   0   0   0   0
   0   0   0  16  23   0  40   0   0   0   0   0   0   0   0   0   0   0
   0   0   0   0   0   0   0   0   0   0   0   0  42   0   0   0   0
   0   0   0   0   0   0   0   0   0   0  32   0   0   0   0   0
   0   0   0  37   0   0   0   0   0   0   0   0   0   0   0
   0   0   0   0   0  12  25   0   0   4   0  30   0   0
   0   0   0   0  33   0   0   0   0   0   0   0   0
   0   0   0   0   0  20   0  13   0  38   0   0
   0   0   0   0   0   0  33   0   0   0   7
   0   0   0   0   0   0   0   0   0   0
   0   0   0   0   0   0   0   0   0
  42   0  35   0   0   0   0  20
   0  11   0   0   0  11   0
   0   0   0   0   0   0
   0   0   0   0   0
   0   0   0   0
  29   0   0
   0   0
   0

 105
  12  25   6  17   5  21  24   9   7  16   2  18  22  12  20  16   1  15   7   1

