  20 
  19   6  19  14  25  12   4  10  26  23  36  17   8  28  48  50  42   5  42   5
   5  23  46  48  12  18  35  31  30  23  13  20   1  27  30  37  39  26   4
  32  47  13  43  10  46  25  31  35  20   4  43  33  10  48   3  13  34
  11  14  46   3  15  45  22  11  49  13  30  39  15   6  22  34   8
  25  39  13  16  14  21  25  48  48   5  44  30   4  25  48  14
  47   3  41  40  44   2  34  35  37  28  28   4  40  20  46
  40   8   4  43  26  24   8   3  16   7  16  49  35  22
  33  18   6  34  16  47  48  47   6   6  35  24  43
  46  18   1   2  43   3  46  35  14  46   3  25
  43  12  25  47  36  11  36  31  42   9  38
  41   1   6  46  26  44  23   7  10  28
  10  35  30  23   7   2  46   8   3
  30  22  40   5   7  29  11   9
  18  33  38  31   8  41  38
  40  40  34  36  29  46
   4   3  47  19   1
  40   6  29   2
   9   6  45
  39   1
   2

 126
  10  17   8  12  21  20   6  11  11   3   3   2  22  23  21   2  19   5   7   1

