  20 
   0   0  48   0   0   0   0   0   0  23   0   0   0   0   0   0   0  42   0   0
   0   0   0   0   0   0   0   0  23  24  19   0   0   0   0   0   0   0   0
   0   0   0   0   0   0   0   0   0   0   0   0   0   0   0   0   0  43
   0   0  10   0   0  13   0   0  29   4   0  32   0   0   0   0   0
   0   0   0   0   0   0   0   0   0   0   0   0   0   0   7  41
   0   0   0   0   0   0   0   0   0   0   0  44   0  12   0
   0   0   0   0   0   0   0   8   0   0   0   0   0   0
   0   0   0   0   0  47   0   0   0   0   0   0   0
   0  23   0   0  40   0   0   0   0   0   0   0
   0   0   0   0   0   0   0   0   0   0   0
   0   0   0   0   0   0   0   0   0   0
   0   0   5   0   0   0   0   0   0
   0   0   0   0  38   0   0  46
  31   0   0   0   0   0   0
   0   0   0   0   0   0
   0   0   0   5   7
   0   0   0   0
   0   0   0
   0   0
   0

 103
  20  19  11  15   1   5  14  20  12  22  20   6  13  17  15  17   5  25  20  13

