  20 
   0   0   0   0   0   0   0  40   0   0   0  28   0   0   0   0   0   0   0   0
  38   0   0   0  16   0   0   0   0   0   0   0   0   0   0   0   0   0   0
   0   0   0   0   0   0  37   0   0   9  25   0   0   0   0   0   0   0
  47   0   0   0   0   0   0   0   0   0   0   0   0   0   0  48   0
   7  38   0   0   0   0   0  33   0  20   0   4   0  30   0   0
   0   0   0   0   0   0   0   0   0   0   0   0   0   0   0
  24  34   0   0   0   0   0   0   0  13   0  38   0   7
   0   0   0   0   0   0   0   0  33   0   0   0   0
   0   0   0   0  42   0   0   0   0   0   0   0
   0   0   0   0   0  35   0   0   0   0  20
   0   0   0   0  11   0   0   0  11   0
   0   0   0   0   0   0   0   0   0
   0   0   0   0   0   0   0   0
   0   0   0   0   0   0   0
   0   0   0   0   0   0
   0   2  29   0  37
   0   0   0   0
   0   0  28
   0   0
   0

  81
  12  25   6  22  16   4  19  17   7   4   2  25  13   5   6  21   4  12   6   3

