  20 
   0   0   0   0  44   0   0   0   0   0   0   0   0   0   0   0   3   0   0  17
   0   0   0   8   0  39   0   0   0   0   0   0   0   0   0   0   0   0   0
   0   0   0   0   0   0  11   0   0   0  17  31   0   0   0   0   0   0
  42   0   0   0  16   0   0   0   0   0   0   0   0   0   0  27   0
   0   0   0   0   0  12   0   0   0   0   0   0   0  15   0   0
   0   0   0   0  32   0   0   0   0   0   0   0   0   0   0
   0   0   0   0   0   0   0  27   0   0   0  11   0   0
   0   0   8   0   0   0   0   0   5   0  50   0   0
   0   0   0   0   0   0   0   0   0  15   0   0
   0  32   0   0   0   0  44   0   0   0   0
   0   0   0  36  34   0  13   0   0   4
   0   0   0   0   0  47   0   0   0
   0   0   0   0  48   0  48   0
   0   0   0   0   0   0   0
   0   0   0   0  11   0
   0   0   0   6   0
   0   0   0   0
   0   0   0
   0   0
   0

 239
   9   5  11  19  24  17  25  13   1  20  23  22  24   3   3  17  10   9   9  11

