  20 
   0   0   0   0   0   0   0   0   0   0   0   0   0   0   0   0   0   0   0   0
   0   0   0   0   0   0   0   0   0   0   0  39   0   0   0   0   0  50   0
   0   0   0   0  11   0   0   0   0   0   0   0   0   0   0   0   2   0
   0   0   0   0   0  36   0   0   0   0   0   0   0   0  41   0   0
   0   0   0   0   0   0   0   0   0   0   0   0   0   0   0   0
   0  34   0   0   0   0   0   0   0   0  41   0   0   0   0
   0  19   0   0   0   0   0   0   0   0   0   0  13   0
   0   0  20   0   0   0   8   0   0   0   0   0   0
   0   0   0   0   0   0   0   0   0  26   0   0
   0   0   0   0   0   0   0   0   0   0   0
   0   0   0   0   0   0   0   0   0   0
   0   0   0   0  27   0   0   0   0
   0   0   0   0   0   0   0   0
  41   0   0   0   0   0   0
   0   1   0   0   0   0
  37   0   0   0   0
   0   0   0   0
   0   0   0
   0   0
   0

 258
  21  16  22  10  20  23  21  25   5  16  20   2  12   1  16   7   8   7  23  21

