  20 
  27  38  10  16   3  35  44  35  27  25   2  42   2   4  49  50  47  44  33  31
  25  46  38  40   4  46  12  23  31  19   9  18  47  20  31  37  37  30  13
  46   3  43  17  29  42   4  25   7  26  13   9   6  46   1  10  38  33
   6   6  12   9  19  50  40  42  12  17  18  15   2  44  20  22   3
   1  20  14  20  18  31  12  41  18  47  18   2  14   7  34  29
  17  23  19  35   1  47  49  23  21   8  45  23  35  42   5
  37   3  20  46  22   6  25  27  10   3  19  26   8  21
  21  11  12  20  21  19  22  35  43  31   8  28  43
  43  41  34   9  46   9  10  19  17  50  37  10
  21  37  44  46  26  32  50  44  17  40  38
   6  28  13  41  41  49  20  40  26  22
  43   1  41  43  42   3   3  13  11
   9  38  38  13  27  34  40  20
   1  42  30  26  41  46  17
  19  31  42   9  11  37
  22  46   5  29  12
   8  14  42  12
  31  33  15
  33  38
  14

  52
   1  16  16  24  15  14  19  20  20   4  15   3  14  24   1  20   1  10   7   5

