  20 
  35   4  31  32  35  26  26  28  16  11  28   3  22  12  34  18  22  27  22   5
   7  35   6  26   8  26  25   5  20  11   3  14  23  13  18  19  15   6  28
  20  47   9  39  30  34  41  13   9  18  30   1  11  36   6  19  47  32
   1  24   4  47  25  29   2  29   3  43  44   7  31  38  18   2  26
  41  21  15  28  42  29  41  14  14  31  40  38  10  11  44   4
  33  23  45  14  50   6  10  17   9  24  40  26  10  12  50
  16  14  30  17  48  42  22  47   2  47  28  19  49   2
  37   2   2  10  28  19  32  13   8  38  15  30   5
  22  30   9   2   3  35  46  43  24  20  43   3
  35  30  25  47  26  15  42   1  44   9  38
  49  23  10  30  32   6  19  43  20  10
  50  11  46  27  33  22  30  24   5
  24  14  16   9   9  43  41  25
  26   7  18   1  44   9  16
  36  36   6  48  15  40
  36  39  47  43  45
  38  28  35  26
  35  32  47
  25   1
  34

  95
  11   4  25   8  12  11   1  19  17   5  19  11  25  18  17   4   3  21  16  18

