  20 
   0   0   0   0   0   0  21   0   0   0   0   0  23   0   0   0   0   0   0   0
   0   0   0   0   0  23   0  31   0   0   0   0  29   0   0   4   0   0  28
  21   0   0   0  12   0   0   0   0   0   0   0   1   0  25   0   0   0
   0   0   0   0   0  28   0   0   0   0   0   0   0   0   0   0   0
   0   0   0   0   0   0   0  47   0   0   0   0   0   0   0   0
  15   0  19   0   0   0   0  42  19   0  31   0   0   0   0
   0   0   0   0   0   0  24   0   0   0   0   0   0   0
   0   0   0   0   0   0   0   0   0   0   0   0  23
   0   0  25   0   0   0   0   0   0   0   0   9
   0   0   0   0   0   0   0   0   0   0   0
   0   0   0   0   0   0   0   0   0   0
   0   0   0   0  45   0   0   0   0
   0   0   0   0   0   0   0  13
   5   0   0   0   0  32   0
   0   0   0   0   0   0
   0   0   0  26   0
   0   0  25  17
  30   0   0
  34   0
   0

 239
  23   7   1  13  25  25  22  14  22  25  17  13   1  16   9  14  11  24   2  25

