  20 
   0   0   0   0   0   0   0   0   0   0   0   0   0   0   0   0   0   2  15   0
   0  41   0   0   0   0   0   0   0   0   0   0   0   0   0   0  13   0   0
   0   0   0   0   0   0   0   0  40   0   0   0   0  31  39   0   0   0
   0   0   0   0   0   0   0   0   0   0   0   0   0  20   0   0   0
   0   0   0   0   0   0   0   0   0  23   0   0   0   0   0   0
   0   0   0   0   0   0   0  47   0   0   0  41   0   0   0
   0   0   0   0   0   0   0   0   0   0   0   0   0   0
   0   0   0   0   1   0   0   0   0   0   0   0  15
  24   0   0   0   0   0   0   0   0   0   0   0
   0   0   0   0  49   0   0   0   0  19   0
   0   5   0   0   0   0   0   0  19   0
   0   0   0   0   0   0   0   0   0
   0   0   0   0   0   0   0   0
   0   0  46   0   3   0   0
   0   0   0   0   0   0
   0   0   0   0   0
   0   0   0   0
   0   0   0
   0   0
   0

 192
  14  24  13   5   6   6  24  21  17   2  19  15   7  10   2  18  15  25  22  25

