  20 
   0   0   0   0   0  11   0   0   0   0   0   0   7  35  47   0  47  19   0   0
   0  41   0   0   0   0   0   0   0   0   0  47   0   0  44   0   0   0   0
   0   0   0   0  37   0   0   0   0   0   0   0   0   0   0   3  15   0
   0   0   0   0   0   0   0   0   1   0   0   0   0   0   0   0   0
  17   0   0   0   0   0   0   0   0   0   0  46   0   0   0   0
   0   0   0  24   0   0   0   0  49   0   0   0   0  21   0
   0   0   0   0   0   5   0   0   0   0   0   0  15   3
   0   0  27   0   0   0   0   0  43   0   2   0   0
   0   0   0   0   0   0   0   2   0   0   0   0
  40   0   0   0   0   0   0  13   0   0  12
   0   0   0   0   9  20   0   0   0   0
   0   0   0  31   0   0   0   0   0
   0   0   0  41   0   0   0   0
  45   0   0   0   0   1   0
   0   0   0   0   0  41
   0   0   0   0   0
   0   0   0   0
  19   0   0
   0   0
   0

 212
  14  24  13   5   9   8  23  23  24  11  14  24  23  12  15  23   4   1  14   3

