  20 
  31   0   0   0   0   0   0   0   0  40   0  50  16   0   0   0   0   0  37   0
   0   0   4   0   0   7   0   0  21   0   0   0   0   0  50   0   0   0   0
  35   0   0   0  23  41  47   0  15  20   0   0   0   0   0   0   0  24
   0  44   0  31   0   0   0   0   0   0   0  10   0   0   0   0   0
   0   0  18   0   0  27   0   0   0   0   0   0   0   0   0   0
   8   0  33   0   0   0   0   0  31   0   0  15   3   0   0
   0   0   0  28   0   0   0   0   0   0   0   0  40   0
   0   0   0  43   0   0   0   0   0   0   0   0   0
  22   0  38   0   0   0   0   0   0   0   0   0
   0   0   0   0   0   0   0   0   0   0  48
   0   0   0   0   0   0   0   0  24   0
   0   0   0   0   0  49   0  34   0
   0   0   0   0   0  38   0   0
   0   0   5   0   0   0   0
   0   0   0  23  11  30
   0   0   0  48   0
   0   0   0   0
   0   0   0
   0   0
   0

 147
   6  24   5   1  22  10  16  15  12  13  10  22  20  14   1   9  23  17   2   7

