  20 
   0   0   0   0   0   0  45  44  37   0  49   0   0  35   0   0   0  16  41   0
   0   0   0   0   0   0   0   0   0   0   8   0   0  23   0   5   0   0   0
   0   0   0   0  41   0   0  18   9   0   0   0   0   0   0  30   0   0
   0   0  49   0   0  43   0  48   0   0  18   0  22   0  10   0   0
   0   3   0   0   0  33  21   0   0  41  48   0   0   0   0   0
  10   0   0  37   0   0   0   0   0   0   0   0  26   0  12
  48  50  19   0   0   0   0   0   8  47   0  13  24   7
   0   0   0   0   0  14   0   0   0  42   0   0   0
   0   2   0   0   0   0  14   5   0   0   0   0
   0   0   0   0   0   4   0   7   0   0  18
   0   0   0   0   7   0  34   0  42   0
  32   0  49   0   0   0   1   0   0
   0   0   0   0   0   0   0   0
   0  18  26  38   0   0   0
   0   0   0   0   0   0
   0   0  17   0  35
  20   0   0   0
   0   0   0
   0   0
   0

  68
   3  20  22  11  15   6  25  12  22   6   6   6  11  23   8   9   2   3  10  10

