  20 
   0  22   3   0  43   0   1   0  21   0   0  37  29  11   0  42   0   5  14   0
   0   0   9  46   0  46   0  36  15  18   0   0   0   0   0   0   0   0   0
   0   0   0   0   7  38  34   0   0   0  28  46   0   0   5   0   0   0
   0   0   0   0   0   0   0   0   0   0   0   0   0   0   0  39   0
   0  41   0  25   0   8   0  43   0  43   0   0   0   0   0   0
   0   0   0   0   0   0   0   0   0   0  46   0   0  38   0
   0   0   0  14   0   0   0   0   0   0   0   0  15   0
  46   0   0   0   0   0   7   0  24   0   0   0   0
   0   0   0   0   0   0   0   0  40   0  45   0
   0   0   0   0   0   0   0  38   0   0   0
   9  38   0   0   0  25  37   0   0   0
   5   0   0   0  44   6   0   2  25
   0   0  21  12   0   0  50   0
   0   0  34   0   0   0   0
   0   0   0   0  20  24
   0   2   0  17   0
   0  40   0   0
  33  26  11
   0  11
   0

 112
  17   3  19   9  13   9  15  20   3  18   8  21  22   3  13   2  17  14  21  22

