  20 
  25  33   0   0   0   0   0   0  27   0   0   0   0   0  31   0   0   0   0  36
   0   0   0   0   0   0   0  37  18  18   0  47   0   0   0   0   0   0   0
   0   0   0  29   0   0   0   0   0   0   0   0   0   0   0  10   0   0
   0   0  37   0   0  43   7  25  42  22   0   0   0  38   0  22   0
   0  48   0   0   0   0   0   0  20   0   0   0   0  46   0  47
   0   0   0   0  49   0   0   0   0   0   0  44   8  46   0
  45  35   0   0   0   0   0   0   0   0   0   0   0   0
   0   0   0  32   0  45  39   0   0  32   0   2   0
  18   0   0   0  14  10   0   0   0   0   0   5
   0   0   0   0   0   0   0  45   0   0   0
   0   0   0   0   0   8   0   0   0  40
   0  19   0   0   0  26   0   0   0
   0  27   0   0   0   0   0   0
  49   0   0   0   0   0   0
  14   2   0  44   4   0
   0   0   0  17   0
   0   0   0   0
   0   0   0
  48   0
  45

 117
  13   2  10  13  11  11  11  24  20  10  22  12  24   4   6   9  13   8   8   8

