  20 
   0  50   0   0   0  22  28  42   0  29  43   0  48  45   5   1  29  48  44  50
  39   0  26   0  21   0   0   0  14   0   0   0   9   1  32  12   3  43  21
  48   2   0  35   8   0   0  42  38   0   0   0   0   0   0   0  41  20
   0  11  31  24  30   1   0   0   0   0  44   0   0  33  47   0  37
  18   8  33  29  18  50  22  17  12  17  41   0   3   0  46   0
  23   7  49   0  27  39  42  46   0   3  30   0  29   3   0
   8   0  15   9  42   0  32   0   0  15  43   0  35  10
   0   0   0   0  48  10  10  45   0   0  24   0   0
   0   0  16  49   0  30   4   0  17   0   0  20
   0   0   0   0   0   0   0   0   0  13   0
   0  17   4   0   0  35  32  24  47  39
  41  33  25   0   0   0   0   0  27
   0   0  29   6  24  21  29  49
   0  12   5  17   0   0   0
   0  28   3  48   0  48
   0   0   0   0   0
  29  48  36  15
   0   0  27
  42   0
   1

 108
  15   6  23  12   2   1  21  13   7   5  12   5   8  17  13  19   2  20  10   7

