  20 
   0   0   0   0  18   0   0   0   0   0   0   0   0  30   0   0   0   0   0   0
   0   0   0   0   0   0   0   0   0   0   0   0   0   0   0   0   0   0   0
   0   0   0   0   0   0   0   0   0   0   0   0   0   0   0   0   0   0
   0   0   0   0   0   0   0   0   0   0   0   0   0   0   0   0   0
   0   0   0   0   0   0   0   0   0   0   0   0   0   0   0   0
   0   0   0   0   0   0   0   0   0   0   0   0   0   0   0
  23   0   0   0   0   0   0   0   0   0   0   7   0   0
   0   0   0   0   0   0   0   0   0   0   0   0   0
   0   0   0   0   0   0   0  30   0   0   0   0
   0   0   0   0   0   0   0   0   0   0   0
   0   0   0   0   0   0   0   0   0   0
   0   0   0   0   0   0   0   0   0
   0   0   0   0   0  33   0   0
   0   0   0   0   0   0   0
   0   0  41   0   0   0
   0   0   0   0   0
   0   0   0   0
   0   0   0
   0   0
   0

  62
  12   8  16  15  23  24  16   5  14  25  15  23  20   4  13  13  19  15  12   1

