  20 
  32  30   0   0   0   0   0   0  45   0  49   0  47   0   7  33  16   0   0  44
   0   4   0  14   0   0   0  32   0   0   5   0   2   0   0   0   0  12  38
   0  48   0  29  30   0   0  31   0  22   0   0   0  47   0   2   0  46
   3   0   4   2  21   0  30  45  38   0   6  11   0  26   7   6  26
  26   0   0   0   0  17  11  49   0  34  50  31  50   0   2  18
  50  30   0   0   0  17  34   0   0  39   0   0  30   0   0
   0   2  19   0   0  28  19   0  10   6   0  35   0   0
   0   0  36  20   0   4   0  49  33  42   0  12  16
   0   0   0  39   0  45   8   0   0  25   0   0
  50  47   0  18  38  42   0  15  31   0   0
   0  22   0   0   0   0   0   0  30   0
   4   0   0  28  38  49  33   0  27
  11  43   0   0   0   0   8   0
   0  16  22   0  25   1   0
   7   0  25   0  45   0
  21   4   0   0  12
  11  12   0   0
   0  17   7
  31   0
  47

  80
  24   7   5  13  12   1  24   8  10   7   5  20  13  14  14  22  24   4  18   4

