  20 
   0   0   0  12   0   0   0   0   0   0   0   0   0   0   0   0   0   0   0   0
   0   0   0   0   0  38   0   0   0   0   0   0   0   0   0  20   0   0   0
   0   0   0   0   0   0   0   0   0   0   0   0   0   0   0   0   0   0
   0   0   0   0   0   0   0   0   0   0   0  10   0   0   0   0   0
   0   0   0   0  23   0   0   0   0   0   0   0   0   0   0   0
   0   0   0   0   0   1   0   0   0   0   0   0   0   0   0
   0   0   0   0   0   0   0   0   0   0   0   0   0   0
   0   0   0   0   0   0   0   0   0   0   0   0   0
   0   0   0   0   0   0   0   0   0   0   0   0
  38   0   0   0   0   0   0   0   0   0   0
  26   0   0   0   0   0   0   0   0   0
   0   0   0   0   0   0   0   0   0
   0   0   0   0   0   0   0  21
   0   0   0   0   0   0   0
   0   0   0   0   0   0
   0   0   0   0   0
   0   0   0   0
   0   0   0
   0   0
   0

 165
   1   4  10  23  14   3   7   2  15  24  16  10   8   4   4  18  21  22  23   1

