  20 
   0   0   0   0   0   0   0   0   0   0   0   0   0   0   0  45   0   0  10   0
   0   0   0   0   0   0  23   0   0   0   0   0   0   0   0   0   0   0   0
   0   0   0   0   0   0  25   0   0   0   0   0   0   0   0   0   0   0
   0   0   0   0   0   0   0   0   0   0   0  33   0   0   0   0   0
   0   0   0  30   0   0   0   0   0   0   0   0   0   0   0   0
  45   0   0   0   0   0   0   0   0   0   0   0   0   0   0
   0   0   0   0   0   0   0   0   0   0   0   0   0   0
   0   0   0   0   0   0   0   0   0   0   0   0   0
   0   0   0   0   0   0   0   0   0   0   0   0
   0   0   0   0   0   0   0   0  42   0   0
   0   0   0   0   0   0   0   0   0   0
   0   0   0   0   0   0   0   0   0
   0   0   0   0   0   0   0  35
   0   0   0   0   0   0   0
   0   0   0   0   0   0
   0   0   0   0   0
   0  33   0   0
   6   0   0
   0   0
   0

 113
  23  22   3  25   6  10  19   7  20  23  19   1   4  18  22  20   7  15   5  19

