  20 
   0   0   0   0   0   0   0   0   0   0   0   0   0   0   0   0   0   0   0   0
   0   0   0   0   0   0   0   0   0   0   0   0   0   0   0   0   0   0   0
   0   0   0   0   0   0   0   0   0   0   0   0   0   0   0  40   0   0
   0   0   0   0   0   0  46   0   0   0   0   0   0   0   0   0   0
   0   0  25   0   0   0   0   0   0   0   0   0   0   0   0   0
   0   0   0   0   0   0   0   0   0   0   0   0   0  37   0
   0   0   0   0   0   0   0   0   0   0   0   0   0   0
   0   0   0   0   0   0   0   0   0   0   0   0   0
   0   0   0   0   0   0   0   0   0   0   0   0
   0   0   0   2   0   0   0   0   0   0   0
   0   0   0   0   0   0   0   0   0   0
   0   0   0   0   0   0   0   0   0
   0   0   0   0   0   0   0  20
   0   0   0   0   0   0   0
   0   0   0   0   0   0
   0   0  27   0   0
   0   0   0   0
   0   0   0
   0   0
   0

 132
  18   3  11   6  24   3  20  16   9  19  15  14  10  25  13  21  23  17  18   7

