  20 
   0   0   0   0   0   0   0   0   0   0   0   0   0   0   0   6   0   0  21   0
   0   0   0   0   0   0   0   0   0  40   0   0   0   0   0  20   0   0   0
   0   0   0  23   0   0   0   0   0   0   0   0   0   0   0   0   0   0
   0   0   0   0   0   0   0   0   0   0   0   0   0   0   0   0   0
   0   0   0   0   3   0   0   0   0   0   9   0   0   0   0   0
  30   0   0   8   0   0   0   0   0   0   0   0   0   0   0
  28   0   0   0   0   0   0   0   0   0   0   0   0   0
   0   0   0   0   0   0   0   0   0   0   0   0   0
   0   0   0   0   0   0   0   0   0   0   0   0
  42   0   0   0  19   0   0   0   0   0   0
   0   0   0   0   0   0   0   0   0   0
   0   0  30   0   0   0   0  18   0
   0   0   0   0   0   0   0   0
   0   0   0   0   0   0   0
   9   0   0   0   0   0
   0   0   0   0   0
   0   0   0   0
   0   0   0
   0   0
   0

  55
  15  21   4  17  14  14   5   2   3  23  15   3   9  24  18  17   2  16  12   6

