  20 
   0   0   9   0   0  36   0  17   8   0  12  15   0  16   0  25   0   0   0  12
   0  13   0   0   0  14  45   0   0  50   0  40   0   2   0   3  10  15  35
   0   5   0  24  17  30  14  49   0   0   0   9   0   2   5  11  21  37
  25  23   0   0   6  31  40   0   0   0   0   0   0   0   0   4   0
   0   4   5   1  27   0   0  41   0  26  44  48   0  18  42  48
   7   0   0  19  23  34  50   0   0   0   0   0   0   0  24
  50  41  39   0  27  32   0   0  41  42   0  31   0   0
   0  35  14  44  25   0  29   0  43   0   0   0   9
   0   0   0   0   3  32   5  37  11   0   0  29
  12  36   0  16   0   0   0  31  45  14   9
  12   0  45  22  44  21   0   0  46  42
   0  13  11   0   0  39   0   0  47
   8   0   0  22   0   0   0   0
   0   0  40  38  14   0   0
  16  18  21  23   0  31
   0   0   0  10   0
   0   0   0   0
  48   0   0
   6   0
   3

  85
   5   2  10  18   4  23  10   2   8  25  23   1  15  24  11  18   5  12   6  16

