  20 
   0   0   0   0   0   0   0   0   0   0   0   0   0   0   0   0   0   0   0   0
   0   0   0   0   0   0   0  42   0   0   0   0   0   0   0   0   0   0   0
   0   0   0   0   0   0  20   0   0   0   0   0   0   0   0   0   0   0
   0   0   0   0   0   0   0   0   5  22   0   0   0  26   0   0   0
   0   0   0   1   0   0   0   0   0   9   0   0   0   0   0   0
   0   0   0   0   0   0   0   0   0   0   0   0   0   0   0
   0   0   0   0   0   0   0   0   0   0   0   0   0   0
   0   0  13   0   0   0   0   0   0   0   0   0   0
   0  42   0   0   0   0   0   0   0   0   0   0
   0   0   0   0   0   0   0   0   0   0   0
   0   0   0   0   0   0   0   0   0   0
  27   0   0   0   0   0   0   0   0
   0   0   0   0   0   0   0   0
   0   0   0   0   0   0   0
   0   0   0   0   0   0
   0   0   0   0   0
   0   0   0   0
   0   0   0
   0   0
   0

  91
  20   9  17  21  10  25   6  15  22   6  23  10  11  17   8   1  15  14  19   4

