  20 
   0   0   0  10   0  28  11   0   0   0  14   0   0   0  44   0  24  32   0  50
  45  37   0   0  32  15  29  27  12   0   0  50   4  25   0  24  50   0  44
  44   0   0   0   0  44  33  28   0  47   0   0   0  21  15   9   0  18
   0   0  11   1   1  16  23  23  17  22   0  31  17  42  37  31  40
   0   0   0  21   0  38   0   0   6   0   0  50  46   0  45  22
   0  44  50  42   0  11   3   0   0  17   0   6   0   0   0
   0   3  39  35  22   1  36  34  39  46   5  27   0  32
  17  35  30   0  22   0   0  10  25  14  41   0  35
  43   0  39   0   6   9  21  29   0  32   0   0
  32   0   0   0   6  50   0  23   0  29  40
   0  43  13  46  26   0  20   2   0   7
  36   0   0   0   0  35  25  32   1
   0   0   0   0   0   0   0  18
  28   5   0  44   0   0   0
   1  42   0  15   8  39
   0   0  16   0  24
   0   0  38  13
   0   0   7
  41  19
  49

 147
   2  17  15  19   6  12   1  24  16   2  16  10  10   8  19   6  12  12  12  18

