  20 
  34  14   5  31   0  39  13   0   5  23   2  33   3  44   0  20  19  43   0   8
   0  22  43   0   0  43  48   6  48   0  46  18   0   4   7  23  25   0  42
  37  12   4  23   8   0  48   0  40   0  12  34  38   3  50   0   0   0
   0  22  44  14  45  34   7  28   0   9  26  38  26  23  12  24  20
   0  29  16  25  46  21  16   1   0   0   7  29  47  50   7   0
   0  28  25   0  19  22  47   0   0  12   1  45  33  42  27
  26  27  42   0  30  48   0   4   0   0  36  10  19   0
  40  11  39  49   7   1  12   3  49  32   0   0  11
   0  45   6  33  39  32  36   0  14  34  24  19
  32   0   0  36  27  15  37  32  18   4  11
  29  34   0   0  36  35   5   0  31   0
   0  17   0  32   0   0   0   0  28
  17  33  25  31  37  29   0  39
   9   0  20  47  29  49   4
  25   0   0  14  10   3
  29  39  38   1   0
   4   0  20   0
  29  43  23
   2  16
   6

  65
  18   6   1   5   3  19   7  12   1  21   5   2  21  20  10  16  13   8   7  24

