  20 
  25   0  12  39  31  43  47  29  20   9  12   2  14   4  14   0  19   0  36   9
   0  31   3  28   0   9   1  24  13   0   4   6   0   0  34   0   0  50   0
  37  10  14  25  45   0  48  15  38  15  25  17   0   0  48  22  45   0
  49  21  24  44  17  37  24  31  19   0  45   0   6   2   0  49  28
  32  31  50  27   0  47  11  21  35  42  22   0   0  24  34   0
   0  21  16  13  10  22   5  41   3  17  48  37  30  10  46
   7  31  37  33  13  41  29  50  32   1  50   0   4  41
   0   0  38  13  22  40   0   5   6   0  26   4  13
  26  47   5  37  30  32   0  13   1  10  47  46
   0  27   0   0  37   0  16  22  34   5  14
  38  49   9  15   0  15  27  23   0  39
  43  33  34  32   0  26   0  34  36
   0   0  16  19  17   0  49   7
  31  44   0   0  46  42   2
  48   0   0   5  33   9
  14  16  27  48  16
  47  20   0   0
  41  11  39
   0  25
  43

 237
   7  14   8   7  23   7  15  17  15  25  13   9  17  23   6   7   1  21   9  24

