 100 
   0  24  47  11  35  21   4  22  49   0   0   2  36  23  31  38   0   0  17  49  29  47  44  14  26  11   0  30   0  25  44  14  22  42  25   6  22   0  13  20   0  33   2  37   9   9   0  21  11  36   0   6   0  46  45  25   2   2  40  47   4   2  13  50  17  43   6  36   3   0   0   0  12  13  10  43  36  32  17  17   0  18   3  36   0  14  14   0  40   0   5   3   0   0  44  47   0  11   0   0
  29   0  10  19  44  35  46   0   7   0  42  39   6  24  23  14  50   2   0   8  29  23  37   0  49  18   0   7  29  47   1  16   1  14  50  44  22  22  41  14  50  15  41   9  42  13  30  13   0   0  37   3  43   0   0  14   0  45   0  37   5  19   0   0  29  30   0  46  39   0   0   3   0   7  28   0  15   7   0  37   0  22  19  15  13  32   0   0  38  30  31  38  45  15  43   1   0   2  48
  42   0  48   4  13  34   0  36  38  48   0  25   0   0  10   9  30  41   0   0  50   5   0   0  29   0  39  35   0   0   0   0  25   0  36  15  21   0   0   0  45  48  46  50   8   0   0   0   0  25   9  47   5  22  10   3  46  49   5  33  14   0  40  17  19  46  10  32   8  19   0  45   7   0  13   0  32  34  14  24  18  30   0  46  38  41  37  16  30   0   0   0   0  44  37   4  44  17
  47  18  27  14  36   0  18  41   0  22   0  47  38   0   0  29   0  25   0  17  22   0   0  40   2  19  10  38  19   7  43   0  23  13   0  41  47   0   0  47   0   0  34  14  15  50  39  46  25  32  15   0   0  39  41  27  24   0   0  21  31   6  35  21   0  46  30  26  11   0  25  25  31   0  32  43   0   6  48  20  49   0   0  44  13   0  14  22  35  26  22  31  10   0  12   0  39
   3  28  20  11  21  27  41   1  37   0   7  48   2   0  14  12   0  25  42   0  25   4   0   4  41  34   0  33  45  10  18   0   0  28  18   8  50  25  46  14  36  37  18   0   5  33  13  38   4  22  19  22  38   0  41   0   0   0   0   8   1  43  10  38   5  20   0  29  48  50  30  43   0   0  45  42  34   0  19  34  10   7   5  36   7  32  21  21   0   2  21   0   7  18   0  12
  26   2  36   0   8   2   0   0   0  22   6   0  30  13  23  48  33  10  41  28  38   0   0  33  25  39   0  40   4   0  49   0  45  46   7  49  19  38   0  17  16  33  48  29   0  16  21   6  32   0  17  12   4  43   9   0   8  48   0   0   0   0  14   4   0   0   0   0  42  41   4  27  10  31  22  16   5   1   9  30   0   8   1   0  10   4   0  33   0  43  47  50  13  19  22
   0   0  10   0  14  30   9   0   0   0  30   0  37  20  19  21  22  25   0   6   0  13  13  36  35  14   7  34  16  22   0  49  31  16  20   0   4  20   0   0  11  16  34  29  31   0   0   0  37   0  22   1  37  42   6  27  26  15   0  43  16  11  31  43  23   0  35   0   0   0  25  23  29  18   1   5  22  15   0   0  35  23   0  34  49  30   3  35  15  31  43  49  22  14
   0  30  31   0  18   0   0  10  49  17  30  34  28  38  12  31   0  23  34  23  21  18  18  44   1  13   7   9   0  17  40   0  25  37   0  30   1   5  48  22   4   0   0  13   7  37   0  11  27  31  48   0   0  12  45   0  49   1   0  19  13   0  34   0  46  29  45  44  15   0   0  34  32   3  44  39   5  27  50   0  41   4   1   0  35  44  14   0  50  18  14  28  44
  24  15  36  14   3  41   5  11  35  32   0  45   7  37  37  18  20  34  46   1   0   0   0   0   0   0  30   0  46   0  45  17  36  17   1   0   0  45  30   0   0   4  47   0  24  48  25  13  36  44   7  41   0  18  31  50   0  36  40  40  19  36   9   0  46  21  32  13  44  11  47  21   0   0   0  20  12  29  19  26  20  36  39  20  41  26   0  32  46  10  37   7
  29  20   0  20  49  50  45  40   5   0  15   0   0  23   0   0   3  47   5   4  48   6   0   9  10   0   0   0  41  26  38  27   8  36   0  32  47  35  10  13  45   0  39  19  21  26  44  29  33  12   9  25   0  12  37  30   0  26  17  10  40  16  48  43  17  37   0  19   0  48  25  42   0   0  22   5   0   0  14  37   0   0   0   8   0  19   0  24  28  19   8
   0  17   2  50  13  35   0   3  25  18   0  22  46   1  39   0   0   0  46   0  25  45  31  46   0  10  44   0  31  31  42  46  50  21  32  25  22  24  36  33  50   9  47  41   0  14   9  49  19   0  35  45  28  36   0  39  15  13  45   9  14  21  16  14  48   0  46  26  33   0  25  48  24  20   0   0  26  14  44  36  29   0  18   0   7   3  42  29   0   0
  37   0  12   0  26   0   0  17  15  38  17  39  27   1   0  38   0  36  28  18   5  26   0  16  35  36  26   0   0  30   0  32   8   0  21  38   1   0   0  42  25  34  12  25   0   0   0  33   0  37  31   0  47   0   0  19  49  14  14  30  49   0   2   0  50  40   8   7   0  34   0  27  45  25  40  33  39  46  17   0  41  30   0   8   0   0  33  47   3
  16   0   0  45   8   3   0   5   0   8  11  21  18  23   0  24   0  27  42   0  48   0   0  25  44   1  16   0  25  32  26  47  41  11   0   0   0   0  47   9  10   4  24  24  35  26  32  17   0  12  39  15  38  15   0   9  43  47   0   0   6  50   9  39  14  41  15  11   0  14  45  19  17  14  22  15  16  35   0  33  45   0  46  10   0   0  43   5
  47   5   0  11  47   5  21   5  22   0  10  19  13  25  31  27  10   6  17  32   7  42  27  49   0  23  17  10   5   9  41  48  21  45   0  15   0  30  24  14  41   0   0   0   3  43  12  38   3  15  41   6   0  14  33  32  24  34  30  49  27   6  37   8   0   3   8   6  28  11  40  35  46  44   0  46  43  13   0   6   0   0  37   0   0  23   0
   0  32  21   0  24  10   0  25  25  46  41  28   0   0   0  35  48  32  35  26  47   0  14  31  40  38  31   1   9   0  32  18   5  39  44   3   0  36  28  39   0  42  29  31  18  19  15  17   0   0   3  38  29  31  47  44   4  17   5  26   0  50   0  28  18  29  16   9   0  46  39  36  34   9  23  31   0  46  28  38   6   0   1  43   0  46
  33  30   0  18  15   0   0  45   0  47   0   0   0  28   0   3   0  20  44  50   1  31  43   0  33   0  10  29   4  19   0   0  43  10  34   0  24  49   0  28  22  11   0   0  37  30  21  33  48  40   0  22   0   6  15   8  28   0  21  14  30  22   0  45   0  29   0  29   2  34   0   0  41  16  44   1  39   5  28  27  45   6   3   0  49
   0  24  41   0   0  44   0   0   0  25  38  48   2   7  10   0  18  31  15  36   7   0  40  44   0   0  24  45   0   5   0   0  41  19  47   0  45   3  18  42  18   0   0  48  47   0  38  16   3   0   0  41   0   0   0  18  31  37   7   4   8  20   9  41   0   0  31  37   0  18   0  17   5  49  50  27   0  27  30   0   3  43   6  47
   4   9  24  28  13  20   0  49  31   3  43  19  36   0  22   0  41  17  19   0  10  48  10  11  30   0   0  50   1  46  29   0   0  45  43  28   2   0   0   9  20  44  50  49  30   0  20  12  21   0   1  14   2   8  33  12  27   0   0  34  26  32   0   0  25   0  49   0  24  33  38  31   0  33  50  29  32   3   3  38   0  19   0
  40  33   0  23  24  42  35  27   2  50  41   0  34  21   0  24   0  26   0  25  32   4   0  26  17   5  12  12  21  49   0  35  16   0  39   0  12   0   1  26  38  50   0   0  43   1   0  38  11   8  39   0   9  37  30   0   8  43   5   0  14   9  21  36   7  42   0  20  45  42  20  15   0   0   5  46  10  39   3  46  27   0
  44   8  44   0  10   0  28  40   0   0  46  20  40  15  35  22  30  22   8   0  12  35  14   0   0   0  15  38   0   0  42  25   1  19  45   0   6   0   8  44  34  17  46   1  28  48   9  29   7   0  27   0  41   0  16   1  19  50  28  32  40  12  25   0  19   0   6   0   0   0   0  19  24   0  21   5   0   0   0  32  22
  12   0  18  12  11  12  12   0  17  40   0  15   5  47  29  48   7  46  14  37  21  48  11  29   0   7  27   7   0  10  28  40   0  15   1  12  39   0  27  37   9  18   0   9  28   0   8  13  34  22  18   3   0  45  21   8   0  21  17   5  18   0  28   6   0   9   0   0  37  22   0  17   0   0   0  21   0  39   0   0
  47  26   0  21  16   0  17  23   0  11   0   0  50   7  21  10  50  27  33   0   2  14  19  31  20  42   0  41   0   5   0  15  38  36   3  43  30   0  30  26  40  47   0   0  31  21   0   0  35   0  15  43  35  43  37  44  22  17  37   0   4  30   0  40   0  44   4   0   0   3   0  41  19  18   5   9   3  10   0
   0  15  16  28  15  34   2  26  22  26  21   0   7  41  45   0  49  46  18   0  35   3   0  22  24   2  44   9   6  19   0  13   0  23   4   0   0  30  30  29  15   0  24   6  36  50  21  43   0  29   4  15   0  33  45   0  41  11   0  34   0   0  26   0  15  30   0  24  15  23   5  12   0  21  31  30  50   0
  15  33  10  27   6  14  38  24  38  49  14  35  36  35  30  40   1   0   7   0  38   0   0  30   0  13  13  16   0   0   7  31   0  25  22  48  40  40  42   1   0  40  49   5   0  28   5  27   4   0   0  19   0  17   2   0  14   3   0  29  14  23  28  40  11  50  47  40  43  15  43  50  27  40   5  48  10
  43  22  17  27  12   0  30   0   7   7  39   2  33  22  23   0  44   0  48  28   0   0  48   0  48   9   3  10   0  25   0  44  26   0  50  12  49  14  31   2   4  14  42   0   0  46  16  19   0  36  31  50  36  32   0   0  24  45  30   6   0  26  45   0   0   6  26  32   9  42   2  31  49  21   3   5
  12  12  22  47   0  49  30  42   7  40  31   0  40  31  18  19  19  14   0  43  44   0  46   0  33  45  50   5  33   0  46  32  18  45   0  43  12  11  45  45  26  13  28   0  40  43   0  33   0  45  42  42  35  26  50  38  41  23   0  39  44  13  33  30  44  11  34   0  31   0   0  11  28  47   0
  42  42   6  24  10   6   0  30  13   0  11  33   0   0  38  20  24  41   0  13  37   2   6  43  17   0  24  50  15  12  18  38  25  49  35   0  41   0  29   0   0  34   6   0   4  31  24   0   3  42  33   0   0   0   0   0  11  19  26   7  39  44   3  20  39  28   0  17   0  15   0   0   0   1
   0   8  39  22   0  20   0   0   5   3  27  27  10  31  49   0   4  11  47   5   0   1  40  17  17  12  18  18  27  11   6  24  23   0  11  50   7   8  14   0  47   0   0  25  42  39   4  25   0  30  25   0  39   2  25   5  36  43  32  23   4  49  43  20  24   7   0  18   0  44   0   8   0
   0   0   8   0   7   0   6  25  23   8   0   5  22  28   0  22  15  10  21   0  35  29  50  43  27  41   0  13  39   0  30   0   7  26  48   0  45  41  39  50  45  17   0   7  45   9  45  13  28   0   0  25   0  29  49  41  24  28  50   0  50   0   0  24  24  10   6   9  28  37   0  40
  26  16  23  44   3  31  37  30  17   3   0   0  37   9  45   0  50   0  24  47  26  47   0   0  39   0  27  24  31  50  46  39  47   0   0  17   0   0  46  29  22  33  17   5   5  11   0   0  33   8  43  18  10   0  16  37  34   0  13  11  12   0  28   2  44   5  33   4  21   0  25
  39  34  43  15  35  24   0   0   0   0  49  37  20  41  16  20  25   0  19   0  36  35  48  30  25  27  38  32  48  28   0  35  25  15  36  18  20  27  22   5  45   0  23   0   6   0   0  17   0   0   0   0  42  18  17  30  36  50   0  32  45   0  18   3  13  23  25   1   7  15
  35  17  26   0  19  32   0   7  49  12  42  45  24  19   0  42   1  44   0   2  34  41  32   8   0  46  16  44   0  15  41  15  18  22   0  48  34   0   0   0  13  36  39  19   4   0   8  35  37  22  23  15  38  21   1  22   0  13   9  14  38   0  31  40   8  37  46  16  30
  11  20  32  44  20  31   0  12   0  24  47  42  14  50   9   0   8   0   4  39  45   0  34   0  24  50   0   7   0   0  41  43   0  23  18   0   0   0  34   3  47  31   2  50   5  50  44  31  28  33  15   7  30  27  36  15   3  23   9  41   5  13  25  19   0  43  19   0
  10  14  13  36  10   0  24   0  48  31   0   0  17  45   0  42   0   0  28  24   0   0  11  34  40   0  16   9  14  13   1  11  43   7  12  10   8  49  35  28  17  30   0  49  21  16  23  13  27  19  18   0   7   0  49  35  37  41  44   0   3   0   0  35  31   0   0
  34   0  50  29   2  18   0  38  19   0  11   0  17   0  25   0  42  11   5   0  12  26  16  38  13  38  35   0   0   0   0  13  47  19  12  15   0  34   0  50  21  14  39   0   0  45  35  20  21   2  39  37  49  50  22  28  39   3   0   0   0  36   0  46   2   0
   0  23  20  43  14  23  30  21   9  35  33  36   6   0   0   0   0  50  35  20  42   0   7  44  30  12   0   7   0  12  46   0   0  26  15   0   0  17   0  17  46   0  27  25  46   0  17  42   0  50  14  30   0  15  49   0  13  20  22  34  47  20   0   6  14
   0   0   0   0   3  43  27   1  39  11  28  49  10  35  19  30  25   0   0   0   0   0  21  46  44  49  14  37  31   0   5  25   0  38   0  36   0  23  26   7   0   0  15   0   0  19   0  50  33   5   0  13  37   0  33  37   0  29   0  28  34   0  49   0
  10   0  50  20  41  27  19   7   8   3  42  48   0   0  19   0  20  17  43  21  45  36   0  45  31   0   0   0   0  20   1  50   0   0  26   0  29  30   1  38   0  36  13   0   0  18  40  22   1  41  30  20  19  12   8  27   1  10  13  13   0   0  34
   0  13   0   0  15   0  18   0  18   0   0  31  40   0   0  37   0  43   0   0  10  48   1   0  11   0   7   0   2  39   0  14   0  43   7  30   1  35   4   8  45   0   0  27  39   5   0  10  37  14   6  37  39  14  39  38  39   0  32  10  21  37
  31  34  11  19  15  27   0  21   0  26  37   0   1  23  19  40   1   9   0  19   0  44   0  34  34  42  13  41  27  28  42  47  15  18  42  30  14  35   4  40  17   6  30  42  44   9  50   4  44  22   7  31  39   7   0  41   0   0  25  49  38
  37   0  49  18  29   0  45   1  26  40   3  11   0  23  25   5   0   0  29  20  38   2  32  46  34   3  46  30  29  11  25   7   0  31  19  11  19   4  38  21   9   0  47  12  38  15   1  30  42  42  14   0  50   0  12  32  43  28   0  26
  33   0   0  46  44   5   0  33  13  13  48  25  27  19  49   0  35  38  37  36  37  38  24  40  43  47  19  46   0   0   0   6  23  13   0  41  20  45   3  43   2  43  46  31  33  26   0  15  37  11  35  15  44   0  42  23  35   0  10
   3  28  45  18  43  30  10   0   0   0  43  43   0  23   0  24   4   0  21   0  26   0  47   0  39  22  29  22  14   0  15  28  31   0  13  42  46  23  40  37  42  36  42  38   0  16   0  27  28  39  47  47   8   4  36  49  11  39
   0   3   9  37  39   0  13  32  10   0  17  30   0  29  39   0   0  36  43   3  40  10  50   2  38  40  28  10  43   2  14  29  10  32   0   4  49  13   9   9  39  47   0   8  15  10  27   2  28  12   3   0  35  12  29  10   2
  31   0  49  25  50  46  27   0   0   9   8   5  19   0  33   0   0   0   5   0  10  43   7   5  17  12  40   4  35  40   9   0   0   5   5  36  40   0  13  22   0   0  33  44   7  13  14   1   0   0   0  36   0  25  49  46
   9  19  37  24   0  16   9  26   0  30  30  45  30  50   0  24  30  44  26  34  23   4  22   9  22   0  18  17  32  16   0  11  33  30  12  39  43   0  45  30   0  47  12  46  45  42  49   6   2   0  25   1  46  30   0
  40   3   3   8   0  30  29  50   0   0   0  35  11  25  18   0   0  28  48   5  24  28  30   0  28   0  45  39   8   6   6  49  35   0   6   8   7  11  15  32  49  28   0   0   0  17  36  12  21   0   2   0  13  15
   0  43   5  41  33  24  50  44   9   3  17  29   0   1  26  21  22  37   0  24  45   5   6   0   8   7  11  18   0  50  42  48  25   0   0   7  40   6   0  41  45   0  30   0  45   0   0  21   7  35   0  33  42
   4  26  29   0   0   0  43  38  45  26  19   2   0  13  50  29   0   7   0  41  33  12   4   0  42  48  23  27  38  38   0  14   3  21  19  25  27   0   0   0  15  24  19  49  19   0  42  35  30   6  33   0
   0  12   0  14   0  37  49  41  12  49  14  13   0  22   0  38   0   0  35   0  20  11   0   4   0   4  20  13  44  31   0   0   0  21   1   7  35  11   0   0  20  10  32   3  36  24  10  16   0  28  20
  30  13  17   9   3   0   3   0  39   0  32   0  44   3  13   0  38   0  16  14   0  16  44  22   2  33  16  39   5  15   6  10  30   6   1  16  30   2  28   6   0  10  28  45  41  22  34   7   0   0
   0  48  38   0  11   0   0  12   1  47  44  27   0  11  15  22  21  43  18  25  17  45   2  17   5   8  10  22   0  31   8  28  35  50   0   0   0   0  15  22  45  27  38   0  25   0   8  20  49
   0  24  19   0   2  22  14  28  20  22  18   0   0  15  49  15   0  49  42   7  49  34  50  39   1  40   0  19  36   0  30  21  48  46  27   8  29  28   3  36  28   0  49  39   0  37   0   0
  37  47  11   5  29   0   0   0   0  37  48  39   0  12  32  40   0  11   0   5  40   0  25  17  30   0  34   0   9   0   0  23  46  48   0  17  40  32  49   3  18  22  48   0   0   1  16
   0  33  47   0  48   5   0   0  41  28  33  27  30   0   0  46   0  23  18  26   5  49  29   0   0  17  41   0  45  46   3  24   6  35  26  34  30  36   9  44  42  48   0  28   0   0
  46  40  18  12  13  11   0  34  50  41  22   0   8  40  37   4  32   9   4  25  10   2  11   7   0   0   0  27  48  39  45   1  38  42  49  16   2   0  47  16   0  40  35  39  14
  38   9  35  11   0  39  30   4   0  32   0  45  39  30   0  10  46  34   9   0  31  18  49  50  15  23   0   0  49  36   2   3  27  24   0  31  16  37  21   0  14   0   0  13
   0   0  36  30   0  23  27   8  30   0  13  31   0  38   0   0  17   0  44   0   0   8  45  19   7   0   0  27   0   0   0   5  36   0   0  12   0   0  37  22   0  28  14
   0  25   0   0  38  38  24  49  31   0  27   0  17   1  24  22  36   0   0  50   0  27  15   1   0  14  15  21  11   0  16   0  37   0   1  48  36  24  44   4  11   0
  33  27  37  36  15   9   3  41  22   5  43  14   3  14  12  49  15  47  41   0  14  15  18  47  20  40  20   0  45   2  35  33  47   0   9   5  28   0   5  41  42
   0   0  25  28  16  41  37   0  21  16   0  23  14  47   6   0   0   0  49   0  39   0  45  38  12  30  24   0  41  13  48  48   5   0  35   0  26  40  27  11
  40   0  10  10   0  20   0  33   0  31   3   5  18  26  48  16   0  35  14   0   8  42   9   0   0  41  16  46   6  15  49   7  43  24  44  30   0   0   0
  50  10   5  46   6   4  18  39   0  20   0  19  41  14  21  26   0  14  36  22   1  11   2   5  29  38   0  44  16  15   0  15   0  13   0   0  35  24
  33   6  42  27   3  19   0  20  31   0  40   6  46  37   0   7  44  36  31   0  41   0   0  27  12   0  40  19   0  30  28  11   0   0   0  12  11
  45   0  36   0  24   2  15  45   0   0   0  42   6   0  30  10  22   3   0   0   4   4  13  32   4   6  24  36  10  40  17  30  10  37  47  22
  14  38   0   0   4  13  21   0   5  31   0   0  35  29   0  49   0  34   1   4  21   4  28  20  29  37  14   0  45  38  11   0   1   3  45
   9  32  48  11  23  24  35   0   6   0   7  41   0  10   0  39   0   0   0  34  47  45  23   0   0  22  43   0  17  13  24   0   0  39
  35   9  37  27  43  34  22   0  41  38  48   0  39   5  18  33  43  48  45  20  37  16   0  45  48  21   0   0  24  35   0  42   0
   0   2  17   0   6   7  20  29  42  33   0   0  45  25  48  36   2   0  27   0  23   1   6   2   0  26   0   0  45   0  22  43
  38  46  14  31   4   0   0   0  10  26  20   8   0  14   0   0   0   0  10   7   0   0  15  44   0  10  49  13  21   8   9
   0  26  33  35  49  23  35  17  48  38  18  18   0  11  31   1   9  44  40  12  21  12  31   0  25   0  39  25  36   3
  37   0  49   0   9   0  40   0  16  17   0   0   3  13   4  22  44  24  15  46  24   0   1  21  17  46   0   1  49
  26  22  35  14  13  23   8   1  33  41  49   0  20  14  19   2  32   0  46  30  37  43   0  23  30   0   0   0
   0  28  47   0   0   0  25   0   0  38  24  47   0  41   7  28  11  31   4   0   0  24  28   0  20  47  33
  12  39  15  35  39   1   7  14  20   0  30  26  20  19   0   0   0  40  44  48  47  12  25  20   0   0
  35  45  30   3  12  42   4   4  31   0   9   0  44  12   0  18  45   0  30   0  15  44  10  13   3
  45  23  45   7  25  46  25   0   0   0   0  45  42   9  26  24  42  46   2  50  36   0   6  39
  16  20   8  34  19  22   2  46   0  19  49  48  15  50  44  45  21   0   0  38  12   0   8
  48  16   9  36  17  46  36  18  20   1  46   6  49  34   4  39  11   0  39  41  23   7
  16  11   0   0  47  18  30  33   6  24  46  43  24  37   1  47  30  33  37   3   0
  43  40   0   0  47   7   5   0  42  17   5  14  10  16  20  45  43  21   0  40
   0   9   0  29  22  50  37  47   0  49   0   0  14  35  47  15   0   0  16
   0   0  11   7   0  31  50  11  24   0  39  41  12  42  19  31   0  12
   0   8   1  28   0  46  44  20   4   1   0  46   0   0  32   0   0
  50  14   0  34   0  12  20   7  11  48  32  22   8  36   0   1
   0  31   0  10  36  13  26  44  22  23   0  14   0  23  34
  32   6   4  45   0  11  28   7  10  48   4  39  18   0
  22   7  38  25  29   0  26  41   1   0  34   0   2
   0   0   7   0  39  19  21  29  29  27   0  43
  34   0   4   0  12   1   0  33   0   1   0
  32  25  49  21  30  29  49  45   3   0
  19  40  28   9   0   6   3  24   0
   0  30  27  15  30  34  49   0
   0   0   5  21  25  18  15
  11  20  47   0   0  18
   7   0  26   0  50
  10  43  25   6
  38   0  45
   9  44
   0

 141
  22   5  10  23  12  25   5  14  13  15  10  25  23   8  25  20  20  17  18  17  11   3   3  13  21   9  24  13   2  16   2   7   2  17  22   6  15  13   1  21   6   2   4  24   4  14   2  20  12   3  20  21   7  14  19  10  22  11   9   3  20  13   7  24   4  19  10  11  15   3  14  16  11  19  25  19  20  25   4  10   3  10  18  12  24  20  11   4   1  19  18  11  14   8   7  22  15  17   6   6

