 100 
  31  10   5  22  31  20  12  26  50  39  38  47  48  20  34  14  40  43  32  11  30  24  47   9  44  13  21  17  20   4  36   3  23  50  11  36  29  28  13  30  42  29  12  45  50  27  42  25  16  15  38  13  46   8  14   3  10  14   9  40  18  49  28  31  28  42  25  42   6  36  47  14  45  36  38  24  12  23  22  39  13  16  21  41  40  39  32  24   3  24   9  48  19  19  25  31  19  45  34  15
  49  23  20  18  40   4  15  15  48  39  17  48  31  39  32  17  27  16  10  41  48  48  46  25  47  18  38  14  42  22  33   3  16  45   3  41  11   7  45  22  26  38  15  30  32   6  13  15   3  18  25  38   2  22  11  47  15  45  22  46  47  36  36  23  32  47  33  35  16  40  14  24  20  34  35  12  40  45   6   2  14   6  25  48  28  15  17  25  15  45  46  24  28  26  35   7  26  32  19
  46  17   5  37  18  14  39  47  33  34  16  37  29  34  38  19  21  24  10  28  20  22  37  13  10  31  26  44   2  27  44  41  13  19  30  28  10  48  11  23   1  38  25   8  40  27  38  12   1  43   5  25  22  29  37   2  17  27  41  48  24  14   8  10   8  26  18   6  17  20  42  24   4  32   1  19  18  48   1  40  31  40  38  11  13  18  50   8  30   8  16  27  34   6  23  45  34  50
  13  20  14  19  25  47  42   5  39   7  14  15   1  44  40  44  46  23  35   3  13  31  48  46   3   5  30  19  48   3   7  18   2  32   1  43  34  27   8  34  41  41  49  21  50  36  12   7  13  44  43  26  48  19  47  10  44  24  45   8  49  28  22  26  50  40  49   1   7  43  11  18   3  18  42  10  33  10  21  39  45   3  13  35  10  42  20  46   6   6  28  25  44  33  35  46   3
   5   1  35  42  46  29  19  28   4  49   6  32   4  15  20  26  26  10  30  43  29  17   6  34   8  50  23  39  16  22  15  47  44  32  40  10  47   4  29  24  18  31  37   8   1  13  28   7  10  42  40  45   8   3  44  47  10   2  29  30  15  12  19  32  48   4  43  31  18  48  25   9   5  28  13  18  32  28  33  23   3  14  32  43  37  12  31   1  38  35  11  11   7  10  43  45
  47  49  39  32  30  22  44   7  27  30   4  36   8  42  10   2   7  40  29  12  33  26   9  42  33  47  33  16  40  48  21  32  39   8  31  49  10  36   6  39  22  17  28  45  16  24  11  17  44  41  27  22   8  48  37   1  15  36  17  46  40  42  43  47  37  23  45   1  44   3  48  22  31   1  42  23  48  38  31  44  26   3  29  15  15   5  10   9   9  28  47  29   6  27  29
  14   2  48  13  48  10  12  35  12   3  50  39  45  34  41   1  30   9  32   1  22   5   5  15   8  10   6  11  12  24  16  13  47  26  40  27  43  23  27  32  25  48  14  37  24  35   8  16   6  18   6  15   6   8  17  15  50  39  50  40  29  26  24   6  44  22  15  33   7   5  30  44  33   5  15  29   7  33  37  46   4   5  27  40  47  40  31  27   6  48  45  22  36   3
  31  48  38  44  30   9   8  39  24  42   9  36  39   3  11  45  42  11  33  11  45  49   2  35  42  16  18  46   8  48   1  50  20  25  20  49  49  21   3  46  13   1  26   4  23  20  29  34  46   1  26  28   3  35  32  14  30   7  33  28   1   5  10  24  19  32   9   1  39  38  40  33  14  16  20   2  35  13  32  12  37   4  39  33  13  23  43  28  14   9  47  42  16
  26  28  19  20  39   3  40   5  16  14  37  15  25  31  42  14  36   6   1  34   2  31   9  13   1   5   6  39  26  39  12  16  13  11  34  10  36  22  24  10  40  23  38  45   9  11   8  44  50  25  44  50  39   6  31  27  18   1  36  35  49   2  22  25  13  13   6  31  39  30  25  10  25  26   8  33   4  30  34  29   3  19  21  35  25  36  11  22  38  11  28  24
  35  32  49   1  16  23  14  11  20  43  22   4  28  15  43   9  49  25  31  50  20  46   2  49  45  33  40  33  50  14  26  36  47  42  25   4  35  19  27  30  42  10  37  32  23   2  10  46  26  20  28  23  48  32  11  25   2  41  24  14  39  45  37  30  48  44  24   6   6  32  26  25  22  22  50   4  46  19  20  33  10   2   4  37  24  18   1  15   5  42  33
  27   9  28  20  46  14  43  13  24  44  34  32   2  25  10  33   3  18  31  33  28  14  15  35   6  41  47  16  23  46  10  14  36  34  18  50  44  23   9  21  38   8   8  29  17  29  40  20   1  16  28  24  43  42  11  35  33   5  48  38  48  13   7   6  12   2  34   9  29  47  28  45  30  49  38   8  24  31  26   9   8  44   2   8  27  18  42  37  47  18
   4  43  30  33  25  26  34  32   1  11  24  17  47  32  12  15  23  30  32  20  11  24  34  50  35  10   2  34   6  41   7  50  14   2  43  41  39  50  45  31   2   8  35  40  46  25   5  21  20  43  40  14  28  25  34   1  22  26  48  16  48  12  26   6  50   2  20  38  24  14  42  30  43  24  40   5  41  10  34  18  14  33  38  36  48  50  18   3   7
  34  10  50  17  43  35  37  45  20  31   8  19  29  16   4  50  50  43  10  13  17   6  49  30  17  37  22  40  25  47  50  32   3  36  41  24  22  40  27  28  46  17  29   3  39  27  50   3  22  43  10  22  28  50  34  15  16  22  11  40   9  47  18  14  26  32   3  22  23  30  41   8  30  15  14  41  31  29  22   2  19   8  19   3  25  32  16  33
  10  23  18  23  16  25   6  43  12  15   3  42   5  46  25  31  34   7   2  16  40  33   1  45  29  10  48  17  50  44  40  42  41  17  49  15  30  18  30  17  22  49  22  38  40  48   7   3  20  41  19  45  33  10  18  14   7  30  29  38  17  36  27  34  22  43  21   3  43  46  13  25  44  43   9   7  18  33  42  38  10  32  28  11  38   8  22
  12  28  10   6  21  48  31  16  14  30   2  33  21  27  45  23  24  39  27  48   3  46  32  35  15  30  34  22  19  19  17  22  48   8  41  21   8   2  41  45  45  30  40  15  17  17  23  36   2   9  29  37  36  29   2  30  41  50   2  16  24  34   1  40  19  22  39  14  12  17  21  26  34  50  31  41   3  35  35  21  10  42  30  17  13  10
  28  15  21  33  21  39   3  26  25  21  21  19  19  31  35   4  22  39   3  29  39  24  16  34   5  18  49  28   6  14   6  31  15   6  14  31  10  34  43  16  17  47  42  48  49  43   4  48  44  29   7  25   2  11  26   7  35  31  27  47  26  44  47  23   5  47  26  22  21  37   9  50  17  37   5  30  15  48  16  15  17  22  14  40  20
  44  46  47   8  10  41  24  40  32  45  29  49  30  49  23  17  48   4  13  43  26   5  31  19   8  27  36  29   2  20  20  39  21  29  49  25   6   8   9  29  13  17  12  15  29  40  30   9   2  15   7   4  21   4  31  22  35  11  34   7  42  46  15   4  20   7   5  47  45  22  28   7  16  16  25  31  19  16   1  40  21  30   6  38
  39   4  29  22  16  43  44  34  23  36  29  15  31  15  44  42  43  36  17  18  20  41  42  30  50  16  48  28  40  25  28  25  49  42  48  49   6  47  27  37  16   8  37  48  13  36  47  43  43  42  31  35   3  17  19  38  20   8  20  39  22  29   5   3  34  46  45  47  13  35  38  17  37  23  19  36  20  35  22  16  44  12  27
  31  45  46  18   2   9  23  26  26  33  49  45  12  26  43  12   3  13  28  11  10  44  23  36   2   3   6   7  10  30  40  30  10   5  48  48  30  11  48  27   7   9  49  20  24  20  45   8  21  18  28   5  32   8  37  11  18  47  43  19  39  17  50   4   1  12  14  48   5   4   7  19  27  42  38  50   9  39  25  20  50  25
  36  47  46  50  28  36  50  30  16  20   1  47  32  14  46  43  46   8  18  45  26  26  15   9  33  30  24  48  38  42  23   8   8  41  14  39  32   2  50   1  16  15   2  43  34   8   2   9  15   1  12  43   6  41   3  50  42  10   3  12  43  47  31  25  20   7  38  47   6  16  32  15  45  50  44  21  13  13  48   5  12
   2   2  34  40   5  34   1  50  33  32   6  31  14  43  29  46  32  49  42  22  41  37  35  47   8  16  11   6  34  43   4   4  16  47   8  37  14  30  48   3  19  13   5  49  34  33   1  27  18  40  26  41  30  16  18  21   6  38  18   6  49  46   2  41  28  10  38  22  37   3   2  18  35  33  15   9  50  29   5   8
  10  24   7  39   4  25  26  48  31   6  33  27  29  10  45  10   4   4  32   4   5  41  43  45   3  44  12   7  46   5  25  22  27  31  45  31  14   7  28   2  17  22  18  26  23  27  35  14  47  38  33  23  20  42  26  45   9  32  46  45  47  28  41  21  15  28  10  49  28   1   3  16   4   5  11  10  20  15  39
  19  20  27  35  35  10   6  24  28  26  17  15  25  11  37  35  21   5   9  12  29  46  34  27  36  42  35  23  18  31  33   6  19  41   8   5  49  21  11   3   6   9  13   6  16  18  16  16  29  32  30  19  12  24  43  25  45  22  48  48  23  41  18  44  20  28  39  24  24  32  41  36   9  24  45   5  48  39
  31  12  45   6  16  36   3  29  40  25  23  29   8  48   7  10  26  12   3  38  31  50  41  45  12  13  16  44  39  32  42   2  23  16   2  34  14   4  14  20  38  32  22   2  19  16  50  18  27  48  38  41  43  17  28  34  40  17  15  42  36  38   3  27  35  41  47  41  45  14   7  30   9  28   1   3   4
  37  48   1  49  40  25  30   7  28  30   8  40  41   8   2  11   6  30  39  35  43   9  33  28   3  45  39  49  11  25  21  42  14  40   8  39  24  47  27  50  20  38  37  32   6  36   8  37   6  26  23  18  48  47  24  31  32  35  33  34  20  21   6  44  15  33   2   6  28  16  27  30  26  19  25  20
  18   3  26  48  47  44  14  26   3   4  39  47  13  26  44  12  50  20  35  10   5  35   1  19  31   3  45   7   8  45  29  17  37  16  28  50  13  45  45   2  30  11  15   2  21  22  41   7  46   3  29   8   7  41  34  30  50   9  11  50   1  36  41  13   7  47  48  21  19  39  34  21   3  37  18
  47  39  23  28   8  19  48  46  43  34  33  30   2   7  42  20  18  44   4   4  16  35  39  15  35  36  13  35  26  15   2  15  43  20  17  12  42  36  36  27  49  27  18  16  12   7  39  45  49  47   1  48   9   4  23  34  37  39  22   1   1  39   3  32  35  24  14  30  14   1  47  19  13   6
  27  46  28  33  39  37  37  24  46  32  21  50  19  31  47  35  27  46  35  19   8  27  17   9  40  46  37  36   5  39  21  21  42  12  38  35  45   9   5  31   3   9  15  24  34  21  42  28  11  27  21  25  26  10  20  40   4  12   2  46  38  48   3  13   2  23  30  29  26   2  30   7   5
  16  31  27  31  49   8   9  19  31  36  27  10  21  33  40  12  22   4  24  30   3  43   6  35  34   1  24  47  20   7  44  17  42  21  15  12  21  40   5  20   5  21  16  11  37  34  22  14  50  27  18  46  31  45   9  30   9   2  50   4  22   8  29  46  33  15  37  42  43  19  39  21
  48   1   6  50  19  14   8  15  26  32  33  44  44  50   8  22  15   1  34  47  26  27  30  16  25   7  48  23  26  47  27   7   9   6  25  49   9  28  47  46  24  40  17  15   2  30  20  34  20  31  14  41   8  29  38  35  41  42  26   1  43  18  16  26  26  14  44  17  12  38  30
  18   5  34   2  45  29   1  20  20  21  39  13   9  38  46   3  44  32  22  15  39  21   3  23  30  25  29  46  49  19  19  48  29  27  17  31   5  49  41  48  17  39  37  34   5   4  35  24  50  46  15  50  41  16  12  39  16  20  39  14  37  50  16  35   7  20  17  46   6  16
  12  41  31  18   1  10  40  42  33  21  29  46  49  29  14  23   1   5  50  45  39  30  17  28  32  26  36  15  13  48  22  16  39  18  45  25  18  30  34  31  30   8  33  17   4  37  31  10  35  37   2  43  39  28  35  27  45   6   2   5  24  24  25  28  33   5  23  45  25
  40  10  16  49  41   7   3  15  30  49  15  23  34  46  48  38  20  38   3  40   3  34  38  45  37  18  14  40  27   6  39  28  23  15  33  31  26  19  29   8   8   7  10  28  21  29  33  16   4  41  46  36  36  12  48  29  16  39  39  16  15   3   5  48  36  39  10  18
  15  47  26  45  42  33  10  17  36  25  50  30  45  37  48   8  35  31  45  19  50   7  11  41  49   3   9  27  27  18  47   9   7  22  46  40  39  45  21   2  48  37  11  38  23  31  37   5  29  39  32  44  23  19  48  12  35  19  29  26  14  28  11  18  23  45  32
  34  43  40  10  49  40  27  28  48  29  22   4  46  15  25  48  40   7  29  10  30  42  19  50  30  34  40  18  26  48  27  14   9  28  41  35  22  47  17  20  10   8  21  36  50  44  18  21  28  17   2  36  11  16  28  46  38  36  15  41   9  29  23  19   4  36
  41  34  24   4  37   9  32  32  18  34  13  48  30  43  30   6  31  12   5   9  35  15  41   4  39  31  48  16  15  11  22  38   4  25  49   7  48  32  44  30  28  48  47  41  25  25  26  30  21  45  37  13   7   9   9   4  45  34  36  22  50  34  26  42   9
  33  28  41  20  44   2  44  48   7  18  10  26  21  35  17  22  44   9  37   1  10   3  39  13  32  19  30  22  42  39   2  22  12  11  46   4  28  21  29  24  36  28  23  48   3   4  13  25  20   1  21  42   5  21   4   2  50  36  29  25  15  35  29  33
  13  13  10  50  25  19  16  14  50  17  48  25  33  32  10  19  28  34  15  31  15   5   3   6  35  45  49   9  44  12  39  17  49   5  27  21   6   4  35  49   4  45  50   9  14  21  38  40  45  43  10  44  30  32  48  31  47  37  11  30  33  34  23
   9  42  22  28   3  50  28  35  50   6  20  36  41  12   1  10  38  37  25  35  28   4   1  15  27   2   8  36  11  10  22  10   4  42  11  12  25  22  23  12  32   8  24  19  11  28  41  34  43  29  33  22  25  13  18  21  38  28  50  27   1  11
  30  27  33  20  32  25   2  43  47  38  15  19   8  13  20  14  16  46  10   5  47  35  29  40  42  40  20   2  29  48  32  36   9  50  20  48  10  13  16  49  41  41   2  28  20  39  33  20  18   4  38  31  30  41  39  12  40  42  45   6  47
  29  37   1  10  25   2   8  19  17  38  41  29  45  50  47   7  26  10  23  38   2  41  11  17  21   5  48   5  45  22  34  47  32   8  40  13  34  40   2  38  43  22  38  11  36  20   8   1  15  49  16  11  29  48  48   3  20  15   6  19
   7  43  36   9  10  34  25  24  17   2  32   3   5  26  19   1  41  44  39  18  46  15  45   7  19  47  39  37  20   3  39  20   7  26  45  19  30   3  14  39  44  19   7  20  44  12   5  35  13  48  17  46  45  45  33  43   2  49  25
  34  45  32  10  38  22  24  22  32  31  11   9   3   3  44  26  20  11  28  47  36  26  42  44  25   6  16   8  49   6  32  33  45   8  11   5   6   1  23   7  36  28  37  40   6  49  36  33  44  24   2  25   5   6  19  19  34  27
  20  20   3  49  22  14   7  33   9  35  39  22  21  49   9  26  16  12   2   1  15  28   4  41  42  14  30  17  29   1  28  10  46  22  42  40  49  12  49  36  29  40  23  25  39  25  42  28  38   7  23   6  15  22   1  45  46
  30   2   5  44   1  10   9  42   6   1  49  38   3  43  37  30  45  49  10   3  36  11  13  34  17  49  23  39  30   1  15   8   1  47  11  15  36   7  31  23   4  35  20  48  43  27  29  40  33   4  49  18  36  41  46  37
  28  43   7  35  17  10   5  32  22  18  49  26  48   9  46  34  26   6  16  13  34  39  37  37  14  36  34  14  44  22  37  44  22   8   7  13  26  22  48  34  20  14  31  36  36  31  38  33  37   1  42  25  43  32  12
  24  11  16  26   7  22  33  15   4  50  43  41  14  46  12  33   6   2   9   6  23  32  37  18  47  50  22  37  30  40  21  12  39  29  19  18  19  34  23  14  43  42  26   3  28  46  48  33  47  32  36  18  46  46
  20  31  38  31  13  27  16  22  26   7  45  31  15  37  18  33  41  31  18  27  37  21  40  34  50  10  10  32  46   7  16  48  18  22  10  38   2  26  21  30   6   9  50  14  34  49  26  42  13  32  44   3  40
  45   2  49  39  14  40  36  22  26  14  12  49   9  16  34  12  37  31   4  44   4  47  24  41  44  10  49   8  30  21  32  26  37   7  46  23  28  30  12  45  20  31   2  20  37  28  50  37  18  46  32  16
  11  46  32  40   5  16  38   7  11  40  32  29  20  16   3   1  14  50  40  44  33  32  24  14  32  38   1  21  29  44  39  42  25  49  32  39  20   5  22  32  10   2  22  39  50  13   2  27  33  40  41
  43   8  24   3  13   3   1  21  18   4  23   3   1  42  33  40  10  46  35  48  50   3  14  39   8  38   1  41  28  14  50  34   3   5  20  49   4   7  47  18  28  43  10  12  31  29   8  13  32  27
  28  30  20  31  16  49  47  24  43   6   2  11  35  31   2  28  16  42  26  36  24  23  20  43  50  25  30  24  29  48  46  47  49  27  28   6   5  33   1  20  40  29  38  41  28  20  32   8  38
  29  39  42  12   7  13  34  11  11  11  42  31  37  20  36  11  43   5  11  34   7   7  25   4  33   2  20  30   4  50  32  32   9  12  13  50  20  29  29   6   3  32  18  36  22  37  33   2
   6  30  14  27  16   2  14  36   6   3  36  20   8   7   3  25  44  10  16  35  30  18  41  30   9  18   8  27  10  26  26   1  43  32  41  10  29  20  23   6  36  42  15  18  12   8  10
  45  26  25  37  14   1  44  35  26  19  29  26  33  29  25  42  49  17  47  22  43  39  17  35  17  49  16   2  33  10   1  18  43  41  21  30  31  46   8  38  38  30  35  35  41   6
   6   4   4  35  37  35   6  34  16  50  39  19  20   9  48  42  48  23  18  17  43  30  21  13  33  50  41  28  37   2  21   8  19  13  10  24  50  31  26  32  29  24  33   3  46
  10  10   7  45  42  27  20  31  34  37  25   4  36   6  13   1  25  21  43   3   5  44  36  26  38  31  46  37  20   2  48  11  21  45   7   5   7   7  27  41   6   5  44  19
  30  25  32  31  14   2  11  36  26  29   4  13  12  22  42   8   8  50  14  45  36  18  29  34  10  30  12  15  28  41  13  17  19  21   1  23  22  12  28  17  40   4  30
  47  10  46  10   9  29  16  42  25  37  22  38  40  35   6  46   3  20   8   9  10  15  10   7  39  45   3   5   2  12  24  17  21  10  11  15   9  24   6  41  39  10
  22  16   3  45  10  13  21   8  44   3  16  30  25   9   9  29  22  40  18   2  20  45  33   8  42  50  47  10   5   4  37  22  27   4   2  24  12  48  27  33  41
  43  44  13  41   5  44   6  29  34  21  24  44  28  36  13   4  15  21  42  17  36  11  27  19  50  17  11   8  28  42  44  38  21  33  35  47  40  46  29  30
  13   2  12  20  48   8  10  20  45  23  37  23  44  19  31  30  49  15  16   2  44  40   1  40  10  46  41  14  21  48  15  44  50  21  23  33  34   6  50
  50  32  29  50  37  13   5  40  18  16   1  39  18  13  33  23   7  48  16  25  22  41  33   4   4  20  16  35  44  31  25  12   9  29  32  18  36  30
   7   4  10   1  33  10  38  29  31   7   7  36  10  25   9   1   2   5  34  25  49   4  21  17  25  23  48  42  34  47  46  26  49   9  16  24  18
  37  11  44  30  43  10  20  17  29   1  10  35  14  22   3  14   8   5  20   4  39  43   6  13  16  41  29  24  33  43  36  35  33  46  38  47
  22  28  22  31  41  36  50  40  33   5  16  41  13   4  38  49   7  28  43  17   6  21  33  45  23  47  50  44  33  12  46  15  40  27   3
  12  21  22  44  47  35  12   4   2  43  18  28  10  17  41  41  18   1  31  50  36  41  37   5   2  14  48  37  12  16  24  20   1  24
  38  17   5  18  27  32  32  29  46  39   1  35  43  46  24  21  31  50  45  36  20  19  28  11  49  15  15  25  45  30  26  10  44
  24  24  50  42  32  32  27  45  28  27   4  16  40  21   3  10  37  35  18  36  28   5  40  23  29  36  12  26  37  22   3  17
   3  22  20   1  20  13  19  34  49  15  33  46  33  16  17  39  35  34  48  37  44  14  18  29  17  46  27  37  24  24  48
  28  27  31  41   4  23   4  49  13  10   4  26   8   1  46  41  22  27   6   5   3  32   6  12  16  11   6  15  21  23
  49  44  12  32  14   9  30   3  45  38   8  49   3   8  23  20  49  48  14  26  38  19   4  31  29  13  39  36  33
   9  16  46  48   2   2  36  43  43  40  13  13  47  41  46  16  24  14  29   4  12  32  18  26  40   4  11  31
   5  27   8  20  14  33  33  17  45   6  26  32  20  45   2   3  18  30  42  26   2  46  44   3  21  30  15
   7  50  12  19   4  11  46  16   5  16  45  41  23  11  32  16  14  37  36   5  50  21  24  50  16  41
  32   2  19  10  47   5  30  10  44  34  43  30   2  26  22  38  26  48  47  31  48  33   6  30  15
  43  44  43  20  27  34  39  11  36   9   1   3  37  41  29  38  32  11  25  40  43  13  10  46
  35  20  13  14   8  39   7  40   7  36  38  18  12  36   1  24  40  20  20  35  26   2  40
  37  50  13  35   4  49  16  25   9   2  17  28  32   4  32  24  42  37  20  30  31   7
  38  50  35  45   1  23  40  33  47  28   2  24  32  50  29   9  15  46   8  37  48
  42  40  26  22   9  41   8  24  13  15  12  50  39   6  28  48  33   1  24  44
   3  28  45  33  41  16  44  17  16   8  19  31  40  39  31   6  20  31  29
   5  12  33   5   5   7  21  12  16  43  25  24  20  43  18  27  23  15
  22  26  43   3  22  19  13   1  25  10  19  41  50  23  49  39  10
  34  23   2  18  37  22  39   3  42  26  41  40  35   4  26  46
  43   8  43  27   6  13  49  35  14  11  48  18  45  42  29
  50   5  35  49  18   8  31  48  22  24  25  14  24   5
  38  44   2  48   3  14  19  50  16  10  28  26  30
  46   3  26  30  30  49  13  44  16   1  35  13
  48  27  21  20  36   1   5  21  21   1  21
  16  41  50  18  28  46  30  46  18  12
  43  17  40  20  36  17  47  39  35
  24  28  12  41  12  43  18  35
   9   6  17  37  30  39   4
  43  38  10  11   5  16
  37  20  24  19  16
   3  40  16  13
  49   6   7
   5  29
  15

 731
   6  17   7  10  18  19  25  19  14  23  20  23   8  24   9   2  18  10  25   2   5  23   9  11   1  13  22  12  18  13   6  21  20  14   9   1   3  13   6  14  11   9  10   5  20  24   6  12  14  21   6  16  15   5  18  11   7  25  25  18   7   1   8   9  24  13  10  10  12  10  14   5  13  12   3   1  11   2  20  21   6   3   4  22  13   2  16   8  20  17  10  17  11  16   8   1  12  23   7   5

