 100 
   0   0   0   0  33  43  50   0   0   0   0   0   0   0   0   0   0   0   0   9   0   0   0   0   0   0  41   0   0   0  14  12   0  44   0   0   7   0   0   0   0   0  29   0   0   0  30   0   0   0   0  34  25   0   0   0  26   0   0   0   0   0  11   0   0   0   0   0   0   0   8   0   0   0   0  31   0   0   0   0   0   0   0  11   0   0   0   0   4   0   0   0   0   0  20   0   0   0   0   0
  33   0   0  29   0  16   0  14   0  24   0  13   0   0   0   0   5   0  40   0  42  25   0   0   0   0  27   0   0   0   0   0   0   0   0   0   0   4   0   0   0   0   0  25  19   0  42   0   0   0  17   0   0   0   0   0  22   0   0   0  40   0   0   3   0   0   0   0   0   0  15   0   0   0  35   0   0   0   0   0   0   0   0   0  28   0  31   0   0   0   0   0   0   0  33  11   0   0  14
   0   0   8   0   0   0   0   0   0   0  24   0   0  22   0   0   0   0   0   0   0   0   0   0  12  22  24   0   0   0   0   0   0   0   0   0   0   0  48  40  49   0   0   0   0   5   0  18   0   1   0   0   0   6   0  44   0  14  44   0   0   0   0   0   0   0   0  38   4   0   0  28  32  16   0   0   0   0   0   0  47   0   0   0   0   0  35  34   0   0  42   0   0   0   0   0   0  12
   0   0  13   0   0   0   0   0   0   0   9   0  35   0   0   0   0   0  21   0   9  46   0  15  38   0   0   0   0  50   0   0  24  15   4  25  18   0   0  23  48   0   0   0   0  50   0   0   0   0  37   0   0  34   0  32   0   0   0  19   0   0   0   0   0  44   0   0   0   0   0   0  35   5   0  42  50   0  39  28   0  21   0   0  34   0   0   0   0  46   0   0   0   0   0   0   0
  23   0   0   0   0  25   0   0   0   0   0   0   1   0   0   0   0   7  19  26  37   0   0   0   0   0  42   0   0   0  24   0   0   0  13  37   0   0   0  10   0  26   0   0   0  24  10   0   0   0   0   5   0   0   0   0   0   0  38   0   0   0   0   0   0   0   0   0  16   0   0   0   0   0   0  41   0   0   0   0  45   0  30   0   0   0  41   0   0  37   0   0   0   0   0   0
   0   0   0   0   0   0   0   0  20   0  23   0   0   0   0   0  34   0   0   0   0   0   0   0   0   0   0   8   0   0   2   0   0   0   0   0   0   0   0   0   0   0   0   0   0   0  50   0   0  38  25   0   0   0   0   0   0   0  40   0   0   0   0   0   0   0   0   0   0   0   0   0   0   0   7   0   0   0  18  46   0   0   0  47   0  40   0   0   0   0   0   0   0  21   0
   0  36   0   0  21   0   0   0   0   0  36   0   0   0   0  16   0   0   0   0   0  33   0   0  16  28   0   0   0   0   0   0   0   0  41   0   0   0   0   0   8   0   0   0   0   0   0  29  14   0   0  34   0   0   0   9   0   0   0   0   0   0   0  21  12  11   0  22   0   0   0   0   0  20   0   0   0   0  30   0   0   0   0   0  42   0   0   0   0   0   0   0   0   0
   0   0  49   0   7   0  14  22  38   0  16  50   0   0   0   0   0  18   0  15   0   0   5  11   0  47   0   0   0   0   0   0  13   0   0  27   0   0   0   0  18   0   0  36   0   0   0  45   0   0   0   0   0   0  21   0  11   0   9   0   0   0   0   0   0   0   0   0  32   0   0   0  20   0   0   0   0   0   0  13   1  19   0   0   0   0   0   0   0   0  13   0   0
   4  10  37  40   0  30  10   0   0   0   0   0   0   0  34   0  34   0   0  11   0   2  45   0   0   0   0   0   0   0   0   0   5   0  18   0   0   0  12   0  11   0  38  45   0   0   0   0   0   0  41   0   0   0   0   0  45   0  24  43   0   0   0  30   0   0   0  21  48   0   0   0  11  18   0   0   0   0   0   0   0   0   0   0   0   0   0   0   1   0   8   0
  11   0   0   0  28  35   0  48   0   0   0   0   0   0   0  45  14   0   0   0  25   0  49  49  31   0   0   0   0   0   0   0   0   0   0   0   0   0   0   0   0   0  26  18   0   0   0   0   0   0  12  33  40  13   0   0   0  40   0   0   0   3   0   3  31   0   0   0   0   0   0  32   0   6   0  26  41  16   0   0   0   0   0   0   0  26   0   0   0  46   0
   4   0   0   6  34  46   0  40   0  40   0   0   0   0   0   0   0  35   0  41   0   0   0   0   0   0   0   0   0   0   0   0  42   0   0   0   0   0   0   0   1   0   2   0  26  41   0   0   0   0   0   0   0   6   0  43   0   0   0   0   0   0   8   0  43   6   0   0  17   0  49  45  30   0   0  20   0   2   0   0   9   0   0   0   0   0   0   0   0   0
   0  24   0   0   0   0  41  32   0   0   0   0   0   0   0   2   0   0   0   0   0   0  26  24  49   0  17   0   0   0  19   0  13   0   0   0   0  49   0   0   0  45  25   0   0   0  10   0  25   0   0   0  24   0   0   0  14   0  28   0   0   0   0   0   0   0   0   6   0   0   0   0   0   0   0  11   0  35   0   5   0   0   0   0   0   0   0  38   0
   0   0  18  16   0   0   0  20  35   0  14   0   0   0   0   0   0   0   0   0  46   0   0   7   0   0   0   0   0  38   0   0   0   0   0   0   0  33   0   0  28   0   0   0  10   0   1   0   0  24   0   0   0  37   0   0  33   0   0   0  39  31   0  33   0   0   0  32   0  22  26   0  29   0   0  42   0   0   0  30   0   0   0   0   0   0  30   0
   0   0  17  17   0   0  23   0   0   0  30  40   0   0   0   0   0   0   0   0   0   0   8   5  10   0   0   0   0   7   0  47  50   0   6  46   0   0   0   0   0   0   0  15  24   0   0   0   0   0  37   0   0   0   0  45   2   0   0   0  39   0   0  24   0   0  10   0   0  40   0   0   0   0  19  36   0   0   0   0   7   0   0   0   0   0   0
   0   0   0   0   0   0   0   0  44   0   3   0   0   0   0   4   0   0   0   0   0   0  11   0   0   0   0   0  46  16   0   0   4   0   0   0   0   0   0   0   0   0  31  28  48   0   0  26   0   0   0   0   0   0   0  50   2   0   0   0   0   0   0   0   0   0   0   0   0   0   0   0   0   0   9   0  34   0  12  48   0   0   0   0   0   0
   0   0   9   0   0  32  32  33  27   0   0   0   0   0  14   0   0   0   0   0  24   0   0   0   0   0  26  24   0   0   0   0   0   0   0   0  15   0   0   0   0   0   0   0   0   0   3   0   0   0   0  41   0   0   0   0   0  13   0   0  29  49   0  11   0   0   0   0   0  37  29  13   0   0   0   0   0   0  29   0   0   7   0   0   0
   0   0   0   0  46   0   0   0   0   0  49   0  45   0   0   0   0   0  25   0   0  46   0  47   0   0   0   0   0  19  44  21   0   0   0  18   0   0   0  35   0   0   0   0   0   0   0  41  40   0   0   0  38   0   0   0  36   0   0   0   0   0   0   0  20   0   0   2   0   0   0   0   9   0  34  33   0   0   0   0   0   0   0   0
  21   0   0  24  17   0   0   0   0   0  48   0  45   0   0   0   0  28   0   0   0  17  18   0  33   0   0   0   0  27   0   0  11   0   0   0   0   0   0   0   0   0   0   0   0  28   0   0  12   0   0  49  33   0   0   0   0   0   0   0   0   0   0   0   0   0   0   0  17   0   0   0   0   0  49  42   0   0   0   0   0   0   0
   0   0   0   0   0  38   0   0   0   0   9  22   0   0   0   0  49   0   0   0   0   0   0  10   1   0   0  48   0  26   0  47   6   0  33  48   0   0   0  36   0  49   0   0   0   0   0   0  30   0   0   0   0   0   0   0   0   0   0  39   0   0   0  24   0  29   0   0   0   0   0   0  45   0   0   0   0   0  25   0   0   0
   0   0   0   0   0  44   0   0   0   0   0   0   0   0   0  13   0   0  23   0   0   0   0   0   0   0   0   0  41   0   0   0   0   0  46   0  16   0  40   0  48   0   3  21   0   0   0   0   0  22   0   0   0  23   0  13   0   0   0   0   0   0  21   0   0   0   0  48   0   0   0   0  47   0   0   0   0   0  47   0   0
   0  20   0  47  33   0   0   0   0   0   0   0   0   0  28  24  32   0   0   0   0  23   0   0   0   0   0   0   9   0   0   0   0   0   0   2  49   0   0   0   0   0   0  39   0   0  12   0   0   0   0   0   0  37  42  14   0   0  32   0   0  26  14   0   0   0   0   0   0   0   0   0   0   0   0   0   0   0   0   0
  32   0   0   0   0   0  43   0  26  47   0  22   0   0   0   0  19   0   0   0  25  40   0  49  37   0  49   0   0   0   0   0   0  31   0  36   0   0   5  49  45   0   0   0   0   0   0   0   0   0   0   0  10   0   0   0   0   0   0   0   0   0  20   0  26   1   0   0   0   0   0  40   0   0   8   0  16   0   2
   2   0   0   0   0   0   0   0  33   0   0   0   0   0  11  44  41  33   0   0   0   9   0  20   0   0   0   0   0   0   0   0  25   0  33   0  20   0  45   0  46  11   0  43   0   0   0  49   2  35   0   0   0  44   0  27   0   0  10   0   0  44  31   0  11   0  33   1   0   0  45  26   0  27   1  42   0   0
  13   0   0   0   0   0  25  26   0   0  41   0  22   0   0   0   0  22  28   0   0   0   0   0   0  38  39   0   0  15  24  34   0   0   0   0   0   0   0   7   0   0   0   0   0  50   0   5   0   0  13   0   0   0  47   0   0  23   0  44   3   0   0   0   0   0  40   8  39   0   0   0   0  36   0   0   0
   0  31   0   0   0   0  35   0   0   0   0  29   0   0  33  14   3   9   5   0   0   0   0  25  28   0   0   0  18   0   0   0   0   0   0   0   0   0   0  50  17   0   0   0  31   0   0   0   0   0   0   8   0   0   0  48   0   0   0   0   0  34  50   0   0  13   0  10   0  28   0   0   0   0  34  13
   0   0   0   0   0   0   0   0   0   0   0   0   0   0   0   0   0  28   0   0   0   0   0   0   0   5   0   0   0   0  24  44   0   0   0   0   0   9  28   0   0  17   0   0   0   0   0   0   0   0   0   0  25   7   0   0  32   0   0  21  26   0   0  45   0   0   0   0   0   0   0   0   0   0   0
   0   0   0  12   0   0   0   0   0   0   3  28   0   0   0   0   0   0   0   0   0   0   0   0   0   0  34   0  34   0   0   0  28   0  41   0   0   0   0   0   0   0   0   7   0   0   0   0   0  35  50  46  14   0   0   0  27  23   0   0   0   0   0   0   0   0   0  21   0   0   0   0   0  44
  40   0   9   0   0   0   0   0  38   0   0   0   0   0   0   0   0   0   0   0  50   0   0  38   0   0   0   0  41  18  16   0   0   0   0   0   0  46   0  29   0   0   0  22   0   0   0   0   0   7   0   0   0   0  14   0   0   0   0   0   0   0   0   0  34   0   3   0  34   0  41  19   0
   0  50   0   0   9  26   0   0   0   0  39  11   0   0   3  41  24  39   0   0   0   0   0   0   0   0   0   2   0   0   0   0   0  17   0   0   0   0   0   0   0   0  37   0   0   0   9  50   0   0   0   0   0   0   0   0  31   0   0   0   0  12   0   0   0   0   0  21   0   0  20   0
   0   0   0   0  18   0   0   0   0   0   0   0   0   0   0   3   0  44   0   0  38   0   0   0  43   0  18   0   0  28   0   0   0   0   0   0  40   0   0  26   0   0   0   0  25   0   0   0  16  40   0   0   0   0   0   0  10   0   0   0   7  22  19   0  47  25   0  20   0  26   0
   0   0   0  22   0  31   0   0   0   0  33   0   0   0   0  21   0  46   0  14   0   0   0  30  10  23   0   0   0  12   0   0   0   0   0   0   0   1  49  19   0   0   0   0   0   0   0   0   0   0  31   0  46  27  19   0   8  25  18   0   0   0   0   5   0   0  32  23   0   0
  25   0   0   0  35  10   0   3   0  30   9   6  25   0  45   0   0  34  38   1   3  29   0  20  18   0   0   0  19   0   0   0  44   0   0   0   0   0   0   0   0   0   0   0   0   0  42   0  33  11   0   0   0   0   0   0   0   0   0  30  21   0   0   0   1   0   0   0   0
   0   0   0   0   0   0   0   0   7   0   0   0   0   0   0   0   0   0   0   0   0   0   0   0   0  19  22   0  19   0  13   0   0   0   0   0   0   0   0   0  22  38   0   0  49   0   0   0   0   0   0   0   0  10   0   0   0  47   0   0   0   0   0  22  34   0   0   0
   0   0  24  34  36   0  24   0   0  42   0   0   0  13   0   0   0  33   0   0   0  46  47   0   0   0   0   0   0   0   0  26   0   0  48   6  44   0   0   0   0   0   0   0   0   0   0   0   0   0   0   0   0  43   0   0   0   0   0   0   0   0   0   0   0   2   0
   0   0   0   0   0   0  36   0   0  43   0   0  39   0   0   7   0   0  50   0   0   0  26   0   0   0   0   0   0   0   0   0  36   0   0   0   0   0  25   0  35   0   0   0   0  33   0   9   0   0   0   0  22  23   0   0   0   0   0   0   0  15   0   0   0   0
   0   0   0  16   0   0   0   0   0   5   0   0  16   0   0  38   0  39   0   0   0   0   0   0   0   0   0   0   0   0   0   0   0   0   0   0   0   0   0   0  14   3   0   8   0  43   0   0   0  38   0   0   0   0   0   0   0  31   0   0   0  23   0   0  39
  12   0   0   0   0   0   0   0   0   0  42   0  23  37   0   0   0   0  37   0   0   0   0   6  21   0  31   0   0  41  25   0   0   6  37   0   0   0   0  26  32   0   0   0   0   0   0   0  20   0   0   0   0   0   0   0   0   0   0  37   2   0  18  50
   0  22   0   0   8  13   0   0   0   0   6   0   0   0   0   0   0   0   0   0   0   0   0   0   0  29   0   0  47   0   0   0   0   0   0   0   0  39   0   0   0   0   0   0   0   0   0   0   0  25   0   0   0   9   0   0   0   0   0   0   0  34   0
   0   0   0   0   0  46   0  50   0   0   0   0   0   0   0   0   0   0   0   0   0   0  37  39   0  42  32   0   0   0   0  29   0   0   9   0   0   0   0   0  30   0  44   0   0  14   0   0   0  49   0  25   0  26  24   0   0  47   0   0   0  37
   0   9  42   0  47   0   0   0   0   0   0   0   0   0  22   0  20   0   0   0   0   0  44   0  15   0   0   0   0   0   0   0   0   0   0   0   0   0   0   0  49  12   0  45   0  23   0  25   0  13   0   0   0   0  15   0  15  50  41  22  31
   0  30   0   0   0   0   0   0   0  43   0   0   2   0   0   3   0   0  50   0   0   0   0   0   0  43   0   0   0   0   0   0   0   0   0   0  15   0   0   0   0   0   0   0   0   0   0   0   0   0   0   0   0   0  50   0   0   0   0   0
   0   0   0  17   4   0   0   0   0   0   0  14   0  44  18   0   0   0   0   6   0   0   0   0   0   0   0   0  36   0   0   8   0   0   0   0   0   0  31   0   0   0   0  47   0   0   0   0   0  21   0   0   0   0   0   0   0   0  19
   0   0   0   0   0   0  24   0   9   0   0   0   0   0   0   5  46   0   0   7   0   0  25  36   0  17   0  48   0  41   0   0   0  37   0   3   0   0   0   0   0   0   0   0   0  12  37   0   0   0   0   0   0   0  16   0  35  27
   0  29  19   0   0  45   0   0   0   0  36  46  43   0   0   0  28  36   0   0   0  42   0   0   2   0   0   0   0  37   0   0   0   0   0   0   0   0   0  22   0   0  26   0  32   0   0   0   0   0   0   0   0   0   0  12   0
  33   0   0  11   0   0   0  44   0   0   0   0   0   0   0   0   0   0  20   0   0   0   0   0  10  32  14   0  18  33  18   0   0   0  44  30  23  27  41  50   0   0   0   0   0   0   0   0   0   0   0   0   0   0   0   0
   0  22   0   0   0   9  22  12   0   0   0   0   7   0   0  22   0   0   0   0   0   0   0   0   0   0  36   0   0   0   0   0  46   0   0  15  15   0  45  10   0   0  38   0  20   0   8   0   0   0   0   0   0  39   0
   0   0  26   0  24   0   9   0   0   0   0  36   0   0   0   0   0   0  38  11  40   0   0   0   0   0   0   0   0  24  38   0   0  14   0   0   0   0   0   0   0   0  28   0   0   0   0   0   0   0  45  15   0   7
   0   0   0   0  49   0   0  49   0   0   0   0   0   0   0  37   0   0   0   0   0   0  50   5   0   0   0  18   0   0   0   0   0  38   0   0   0   0   0   0   0  44  14  21  46   0   0   0   0   0  14   0   0
   0   0   0   0  25   0   0   5   0   0   0   0   0   0  40   0   0   0  29   2   0   0  26  50   0  12   0   0   0   0  49   0   0   0   0   0   0   0   0  49   0   0   0  24  22   0  50  21   0   0  43   0
   0   0  38   0  14   0   0   0   0  31   0   0   0   0   0   0   0   0   0  25   0   0   0  44  49   0  47   0   0  32   0  25   0  41   0   0  18   0   0  13   0  46   0  11  16   0   0   0  29   0   0
   0   0   0  21   0  35  43   3   0  24   0   0  38   0   0   0   0   0   0   0   0   0   0   0  24   0   0   0   0   0   2  35   0   0   0   0   0   5   0   0   0   0  25   0   0   0   0   0   0  38
  15   0   0   0   0   0   0  31   0   0   0   0  43  32   0   0   0   0   0  31   0  17   0   0   0   0   0   0  13   0  10  29   0   0   0   0  41   0   0   0   0   0   0   0   0   0   0   0   0
   0  15   0  11  23   0   0  47   0  40   0   0   0  33   0   0   0   0   0   0   0  31   0   0   0   0   0   0   0   0  21   0   0   0   0   0   0   0   0   0   0   0   0   0   0   0   0   0
   0   0  39  19   0  12  16   0   0   0  39   0   0   0   0   0   0   0   0  49  44   0   0  19   8   0  17  19   0   2   0   0  12   0   3   0   0   0   0   0   0  39  12   7   0   0   0
   0   0   0  37   0   0   0   0   0   0  41   0  50  33   0   0   7   0   0   0   0  50   0   0   0  11  10   0   0  49   0  46   0   0   0  14   0  16   0   0   0   0   0  17  29   0
   0  14  14   0   0   0   1   0   0   7   0   0   0   8   0   0   0  20   9  37   0   0   0   0  32   0   0   0   0  46   0  48   0  31   0   0   0  13   0   0   0  30  50   0   0
   0   0  43   0   0   0   0  30   0   0   0   0   0  38  16   0  36   6   0   0   0   0  40  16   0   0   0  40   0   0   0   0   0   0  24  46   0   0   0   0   0  10  46   0
   0   0  50   0  37   0   0   8   0   0   0   0   0   0  22   9  47   0   0   0   0   0   0   0   0  42   0   0   0  27   0   0   0   0   0   0   0  24   0  21   0   0  25
   5  11   0   0  15   0   0   0   0   0   0   0  19  29   0   0   0   0   0   0   0   0  34   0   0   0   0   0   0  40   0  35   4   0  39   0  30   0  16   7  34   0
   0   0   0   0   0  41   0   0  46   0   0   0   0   0   3   0   0  42   0   0   0   0  36   0   0   0  43   0  40   7  25   0   4   0   0   0   0   0   0   0   0
  12   0  42  34   0   0   0   0   0   0   0   0   0   0  24   0   0   0   0  33  31   0   0  20  47   0   0   0   0   0   0   0   0   0   0   0  48   0   0  31
   0  37   0  27   0   0   0   0   0   0  47   0   0   0   0   0  30  19  30   0  35  45  49  16   0   0   0   1   0   8   0   0   0   0   0   0  15   0   0
   0  23   0  26  15  28   0   0   0   0   0   0   8  11   0  27  40   0   0   0   0   0  29   0   0   0   0   0   2   0   0   0   0   0   0   0   0   0
   0   0  10  11   0   2   0   0   4   0  15   0  34   0   0   0   0   0  32   0   0  50   0   0   0   0   0   0  23  31   0   0   0   0   0   0   0
  37   0   0   0   0   0  48  25   0   2   0   0   0   0  38  22   0  19   1   0   0  40   2   0   0   0   0   0   0   0   0   0   0  46   0   0
   5   0   0   0   0   0   0   0   0   0  28  47   0   0  17  34  12   0   0   4   0   0  18   0   0   0   5   0   0   0   1  40   0  14   0
   0   8   0  16   0  28   0   0   0  34   0   0   0   0   0   0   3   0  14   0   0   0   0   0   0   0  14   0   0   0   4   0   0   0
   0   0   0   0   0   0   1   0   0   0   0  21  48   0  48   0   0   0   0   0   0   1   0   0   0  24   0  13   0  44   0   8   0
   0   0   0   0  48   0  19   0   0  28   1   0   0   0  33   0   0  43  30   0   3  34   0   3   0   0   0   0   0   0   0   0
   0   0   0   4  18   0   0   0  33  21   0  36   0  44   0  42   0   0   0   4  22   0   0   0   0   0   0   0   0  15   0
   0   0   0   0   0   0   0   0   0   0   6   0  46   0   0   0   0  31   0   0   0   0  12   0  13   0   0   0   0   0
   0   0   0   0   0   0  11   0   0   0   6   0   0   0   0   0   1   0   0   0  32   0   0   0  32   0   0   0   0
  50   0   0   0  18   0   0   0   0   0   0   0   0   0   0   0   0   0  40   0   0   0   0   0   0   0   0   0
   0   0   0   0   0   0  27  14   0   0  10   0   0  35   0   0   9   0   0   0   0   0   0  31   0   0   0
   0   0   0   0   0  24   0   0   0  10  44   0   0   0   0   0   0   0   0   0   0   0   0   0   0   0
   0   0  20   0   0   0   0  48  34   0   0   0  48  48   0   0   0   0   0   0   0   0   0  47   0
   0   0   2   0   0   0   0   0   0  32   0   0  23   0   0  50   0   0   0  29   0   0  44  14
  43  12  48   0   0   0  22   0   0   0  34  15   0   0   0   0   0   0  22   0   0   0  47
   0   0  41  47   0   0   0   0  27   0   0   0   0  35   0   0   0   0  20  21   0   0
   0   0   0   0   0   0   0  26   0   0   0  39   0  14   0   0   0   0   0   0  13
   0   0  29   3   0   0   0   0   0   0   0   0   0   0   0   0  29  10   0   0
   0   0   0   4   0   0   0   0  13  41   0   0   0   0   0   0  13   8  32
   0   0   0   0   0  15  44   0   0   0   0   0   0   0  29  14   0  33
   0   0  43   0   0   0   0   0   0   0   0   0   0   8   0   0  45
   0  18   7   0   0   0  34   0  34  42   0   0   0   0   0  42
   6   0   0   0   0   0   1   0   0   0   0  40   0   0   0
   0   0   0   0  10   0   0  46   0   0   0   0   0   0
   0   0  15   0   0  15  13   0   0  27   0   0   0
   3   0   0  34   0   0  21   0  40   0  40   0
   4   0   0   0   0   0   0   0   0   0   0
   0   0  26   0   0   0   0   0  25   0
  26   0   0   0   0   0   0   0   0
   0   0   0   0   0   0   0   0
   0   0   0   0   0   0   0
  43   0  11   0   0   0
  45   0   0   0   0
   0  35   0   0
   0   0   0
  33   0
   3

 1131
   7  13  20   2   9   7   4  12  25   1  16  16  19  25  19   7   5   2  14  11   1   4  21  19   8  17   2  23   7   4  18  22   7   8  16   5  20   8   3  17  19  21   7  18  18   8  25  18   1  24  12  19  11   6  25  19  23   3   6   6   2   3  20   1  16  10   3  24  23  20  19  12   3  21  20  15   1  14  25  12  14  23  10  19   9  19   2  22   7   9  25   7   1  11  17  12  11  24   8  14

