 100 
   0   0   0  15   0  36   0   0   0   0   0  17   0   0   3  31  26   0   0   0   0   0   0   0   0   0   0   0   0   0   0   0   0   0   0   0  39   0   0   0   0   0   0  18   0   0   0   0   0   0   0   0   0   0   0   0   0   0   0   0   0   0  44   0   0   0   0   0   0   0  39   0   0   0   0   0   0   0  22  18   0   0   0   0   0   0   0   0   0   0   0   0   0   0   0   0   0  50   0   0
   0   0   0   0   0  35  28   0  25   0   2  36   0   0   0   0   0   0   0   0   0   0  10   2   0   0   0  11   0   0   7   0   0   0   0   0  37   0   0  12  22   0   0   9  20  29   0   0  35   0   7   0  46   0   0   0   0   0   0   0   0  16   0  25   0   0   7   0  41   0   0  44   0   0   0   0   1   0   0   0   0   0   0   0   0   0   0   0   0   0   0   0   0  15  36  21  18   0   0
  29   0   0   0   0   0   0   0   0  22   0   0  14  33  12   0   0   8   0   0  48   9   0  22   0   0   0   0   0   0   0  17  25   0   0   0   0  32   0  31   0   0   0   5   0   0   0  38   0   0   0   0   0   6   0  12  50   0   0   0   0   0   0   0   0   0   0   0   0   0   0   0   9   0   0   0  48   0   0   0   0   0   0   0   0   0   0   0   0  12   0  13   7   0   0   0   0   0
  31   0   0   0   0   0   0   5   0  35   0   0   0  50   0  50   0   0   0  47   0  28  10   0  16   0   0   0   0   7   0  49   0   0   0   0   0   0   0   0  39  50   0   3  46   0   0   0   0   0   0   0   0   0   0   0   1   0   0   0   0   0  45   0  24   9   0   0   0   0   0   0   0   0   0   0   0   0   0   0   0   0  48   0   0   0  14   0  16   0  18  18   0  33  35  26  28
  32   0   0   0   0   0   0   0   0   0   0   0   0  14   0   0   0   0   0  41   5   0   0   0   0   0   0   0   0  44  28  32   0  23   0  31  14   0   0  24   0   0   0   5   0   0  32  31  17  45   5   0   0   0  10   0  26   0   0   0   0   0   0   0   0   0   0   0   0   0  44   0   0  10  28   0   0   0   0   0  17   0   6  41   0   0  41   0   0  42   0   0   0   0  19   0
   0  39   0   0  35   0  25  30   6   0   0   0  26   0   0   0   0   0   0   0  38   0   0   0   0   9   0  42   0   0   0   0  44   0   0   0   9   5  27  27  18   0   0   0   0   0   0  48   0   0   0   0  30   0  45  27   1   0   0   0   0   0   0   0  48   0   0  10   0  13   0   0   0   0   0  15   0   0   0   0   0   0  47   0   0   0   0   0   0   4   0  26   0  12   0
   0   0   8   0   0  44   0   0   0   0   0  12   0   0   0  43   0   0   0  24   0   0   0   0   0   0   0   0   0   0   0   0   0   0   0   0   0  29   0   0   0   0   0   0   0   0   0   0  33   0   0   0   0   0   0   0   0   0   0   0   0   0   0   0  15   3   0   0   1   0  29   0   0  15   0   0   0   0  40   0   0  21   0   0   0   0   0   1   0   0   0   0  11  12
   0   0  45   0  14   0  30   0   0  32   0   0   6   0  20   0   0  32   0   0   0   0   0   0  25   0   0   0   0   0  15   0   2  27   0  46   0   0   0   0  45   2  50   0   4   0   0   0   0  23   0  45   0   0  28   0   0   0  16   0   0   0   0  29   0   0  35   0   0   0   0   0   0  14   0   0   0  20   0  13   0   0  11  29  23   0   0  47   0   0   0  14   0
   0   0  42  40   0   0   0  17   0   0   4  33   0  20  27   0   2   0   0  28   0   0   0   9   0   0  12   0   0   0   0   0   0   0  37   0   0   0   0   0   0   0   0   0   0   0  18   0   0   0   0  15  41  32   0   0   0   0  30  46  42   0   0   0   0   0   0  13   0   0   0  32   0   0  45   0  14   0   0   0   0   0  46   0   0   2   0  44   0  43   0   0
  18   0   0   0   0   0   0   0   0   0   0   0  32   0   0   4   0   0   0   0   0   0   0   0   0   0  24   0   0   0   0  22   0  22   0   0   0   0   0   0   0   0  41   0   0   0   0   0   0   0   7   0   0   0   6  13  36  12  47   0   0  32   0   0   0   0   0   0   0   0   0   5   0   0   0   0   0   0  16   0   0   7   0  23   0   0   0   0   0   0   0
   0   0   0   0   0   0   0   0  36  27   0   0   0   0  16   0   0   0   0  21   0   0  42   0  46   0   0   0   4   0   0   0  11  30   0  30   0   0   0   0   0   0   0   0   0   0   0  18  21   0  50  18  20   0   0   0   0   0   0   0  41   0   0  19  15   0   0  46   0   0   3   0   0   0   0   0   0   9   0  36  39   0  14  17   0   0   0   0   0   0
   0   0   0  25   0   9   0   0   0   0  19   0   0   0  46   0   0   0   0   0   0   0  24   0   0   0   0   0   0  16   0   0   0  49   0   0   0   0   0   0   0   0   0  15   0   0   4   0   0   0   0   0  19   0   0  16   0   0   0   5   6   0  44   0   0   0   0   0   0   0   0   0   0  12   0  19  29   0   0   0  30   0   0   0   0   0   0   0   0
   0  14  23  48   0   7   0   0  39   0   0   0   0   0   0   0   0  10   0  22   6  30   0   0   0   0   0  45   0  28   0   0  45   0  34   0   0   0  40  45   0   0   0   0   0   0   0   0  18   0   0   0   0   0   0   0   0   0   0   0  24   0   0   0  47   0   0   0   0  29   0   0   0   0   0   0   0   0   0   0   5   0   0   0   0  12   0   0
  22   0  40   0   0  43   0  35   9   0   0   0   0   0   0   0   0   0  50   0  30   0   0   0  45   0  22   0   0   0   0   0  31   0   0   0   0   0   0   0   0   0  39   0   0   0  28   0  23   0  46  22   0   0   0   0   0   0   0   0  27  11  39  47   0   0   0   0   0   0   0   0   0   0   0  10  13   0  40  13   0  38   0   0  25  24   0
   0   0  32   0   0   0   0   0   0   0  26   0   2   0   0   0   0  45  30   0   0  38  12  30   0   0  40  28   0   0   0   0   0   0  48   0   0   0   0   0   0   0   0   0   0   0   0   0  33   0   0   0  15  16   9   0   0   0   0   0  26   0   6   0   0   0   0   0   0   0   0   0  17   0   0   0   0   0   0   0   0   0   0  11   0   0
   0   0   0  36   0  22   0  33  25  47   0  34  35   0  29   0   0   0  20   0   0   0   0  39   0  50   0  30   0   0   0  15   0  38   0   0  33  41   0   0   0  12   3   0  32   0  40   0   0   0   0   0   0   0   0   0  40   0   0   0  45   7   0  37  22   1   0   0  38   0   0  49   0   0   0   0   0   0   0   0   0   0  21   0   0
   0  26  31  18   0   0   0   0   0  17   0   0   0   0   0   0   0   0   0   0   0   0  46   0   0  23   0   6   0   0   0   0   0   0   0   0  11   6   0   0   0   0  32   0   0   0   0   0  47   2   0   0  24   0   0   0  25   0  16   0   0   0  24   0   0   0   0   0   0   0   0   0   0   0   0   0   0  10  24   0   0   0   1  22
  46  38   0  31   0   0   0  48   0   0   0  30   0   0   0   0   0  27  21  32  33   0   0   0   0   0   0   0   0  47   0   0   0  24   0  22   0  40   0   0   0   6   0   0   0   0   0   0   0   0  22   0   0   0   0   0  41   0   0   2   0   0   0   0  25   0   0   6  28   0   0   0   0   0   0   0   0   0  38   0  26   0   0
   0   0   0   0   0   0   0  11  25   0  12  45   3   0  44   0   0  10   0   0   0   0   0   0   0   0   0   6   0   0   0   0   0   0   0   0   0   0   0   0  40  26  15   0   0   7   0  29   0   0   0   0   0   0  24   0   0   0   0   0   1   0  39  13   0   0   0   0   0   0   0   1   0   0  40   0  16   0   0  41   0  45
   0   0   0   0  28   0   0  13   0   0   0   0  37  43   0  39   0   0  50   0   1  46   0  15   0  32   0   0   0   0   0   0   0   0   0   6   0   0   0   0  11   0   0   0   0   0   8  43   0  50   0   0   0  23   0   0  35   0  38   0   0   0   0   0  26   0   0   0   0  41  49  21   0   0   0   0   2   8  23  33   0
  21   0   0   0   0   0   0  30   0  30   0   0  25   0   0  15   0  23   0   0   0   0   0   0  30   0   0  36   0   0   0  12   0  25   0   0   0   0  42   0   0   0   0   6   0   0  13   0   0  35   0   0   0  40   0   0   0   6  35   0   0  10   0   0   0   0   0  35  48   0   0   0   0   0   0   0   0   2   0   0
   0  30   0   0   0   0   0  13   0   0   0   0  20   0   0   0  20  40   0   0   0   0   0   0  50   0   0   0   4   0  19   0   0   0   5   0   0  28  31   0  25   0   0   0   0   0  42   0   0   0   0  10   0   0  15   0  48   0  30  29  45  10   0   0   0   0   0   0   8   0   0   0   0   0  36   0   0   0  39
   0  26   0   0   0   0   0   0   0   0  50  43   0   0   0   0   0   0  46   0   0   0   1   0   0   0   0   0  39   0   0   0   0   0   0  12   0   0   0  42   0   0   0  20   0  48   0  17   0   0   0   2   2   0   0   0   0   0   4   0   0   0  15   0   9   0  45   0   0   0   0   0   0   0   0  31   0  18
   4   0  16   0   0   0   0  17   0   0   9   0   0   0   0   0  42   9  39   0  50   0   0   0   0   0   0   0  24   0   0   0   0   0  17   0   0   0  46   0   0  49  44   0   0   0   0   0   0   0   0   4   0  28  22   0   0  31   0   0  31   0  29   0  27   0   0   0   0   0   0  23   0   0   8  11   0
   0  17  14   0   0   0  34  10   0   0  23  21   0   0   0   0   0   0  17   0   0   0   0  10   0   0   0  33   0  26   0   0   0  16   0   0   0  40   0   0   0   2   0   0   0   0   0  50  22   0   0   7  34   0   0   0   0  31   0   0   0  29   0  36   0   0   0   0   0   0  17  16   0  16  50   0
   0   0  25   0  38   0   0  20   0   0   0   0   0   0   0   0   0   0   0   0   2  25   0   0   0   0  16  16   0   0  39  29   0  10   0  44   0   0  29   8  46   0   0  35  22   0   0  13   0   0  36   0  34   0   0  10   6   0   0   0   0  24   0   0   0   0   0  27   0   0   7   0   0   0   0
  31   0  23   0   0   0   0   0   0   0   0   0   0  14   0  15   0   0   0   0  29   0   0   0  21  49   0   0   9   0   0   0   0   0   0   0   0  42   0   0   0   0  18   0   0   0   0   0   0   0   0   0   0   0  41   0   0   0   0  25   7   0   0   0  29   0   0  24   0   0   0   0   0  41
   0   0   0   0  48   0  17   0   0   0   0   0   0   0   0  36   0   0   0   0   0   0   0  39   0   0   8   0   0   0   0   0   0  16  45   0   0   0  24   0   0   0   0   0  49   0   0  16   0   0   0   0   0   0  34   0   0   0  49   0   0   0   0   0   0   0   0   0   0  12   0   0   0
   0   0   0   0   0  29  40   0   0   0   0  47   6   0  45  28   0   0   0  26   0   0  16   0   0  40   0   0   8   0   0   0   0  14   0   0   0   0   0   0   0   0  35   0   0  28  49   0  21   0   0   0  35   0   0   0  11   0   0   0   0   0   0   0   0  10   0   0   0   0   0   0
   0  36  16   0   0   0   0   0  48   0  47   0   0  48  29  20   0   0   0   1   0   0  12   0   0   0   0   0   0  41   0  38   0   0   0   0  27   0   0  29   0   0   0   0   0   0   0   0  31   0   0   0   0   0   0   0   0   0   0   0   0  42   0   0   0   0   0   0   0  32   0
   0   0   0  11   0  15   0  31   0   0  22   0   0   0   0   0   0   0  46   0  22   0   0   0   0   0   0   0   0   0  41   0   0   0   0   0   0   0   0   0   0   0  30   4   0  28   0   0  29  35   0  49   0   0   1   0  11   0   0   0  44   0   0   0   8   0   0   0   0  12
   0   0   0   0  48  38   0   0   0   0   0   9   6  22   0   0   0   0   0   0   0  30  40  36  42   0   0   0   0   0   0   0   0   0  15  21   0   0   0   0   0  29  37   0   8  31  48   0  44  15   0   0   0   0   0   0   0  33   0   0   0  50   0   0  22   1  39   0   0
   0   0   0   0  37   0   0   0  43  13   0   0   0  44   0   0   0   0   2   7   0   0   0   0   0   0   0  41  30   0   0   0   0   0   0   0   1   0   0   0   0  31   0   0   0   0   0   0  34   0   0  44   0   0   0   0   0  35   0   0   0   0   3   0   0  13   0  42
   0  17  48   0   0   0  37  23  21   0   0   6   0   0   0   0   0   0   0   0   5   0   0   0   0   0   0   0   0   0  45   8   0   0   0   0   0   0   0   0   6   0  39   0   0   0   0   3   0   0   0   0   6  36  34   0  13   0  19   0  11   0   0   4  42   0  16
  23   0  28   0   0   0   0   0   0   0   0   0   7  40  29   4   0  33  10   0   0   0  26  12   0   0   0  13   0   0   0   0   0   0   0   0   0   0   0   0   0  43   0   0   0   0   0   0   0  28   0   0   3   0   0  39   0  32   0   0   0   0   0   0  43   0
   0   0   0   0  14   0   6   0   0   0   0   7   0   0   1   0   0  16   0  13   0   6  35   0  27   0   0   0  36   0   0  24   0   0   0   0  43   0   0   0   0   0  18   0   4  17   0   0   0   0  34   0   0   0   0  49   0   0   0  27   0   0   0   0   2
  11   0   0   0   0   0   0   0   0   0  23   0   0   0   0  37  28   0   0   0   0   4  20  41  16   0   0   0   0   0   0   0   0  21   0  47   0   5  18   0   0   0   0  47   0  50   0   0   0   0   0   0   9   6   0   0   0   0   2   0   0   0   3   0
   0   0   0  13  26  34   0   0   0   0   0   3   0  13   0   0  29   8   0   0   0  21   0   0  44   0  44  31   0   0   0   0   0  33   0  44   0   0   0   0   0   0   0   0   0   0  24   0   0   0   0  18   0  25   3   2   0   0  36   0   0  30   0
   0   3   0  12   0   0   0   0  25   0   0  25  28   0   0   0   0   0   0  20   0   0   0   0   0  10   0   0   0   0   0  41   0  37  42   0   0   0   0  33   3   0   0   0  37   0   0   0   0   0   0   0   0   0   0   0   0   0  20   0  27   0
   0   0   0   0   0   0   9   0   0   0   0  15   0   0   0   0   0  30   0   0   0   0   0  24  39   0   0   0   0  11   0   0  26   0   0   0   0   0   0   2   0   0   0  31  45   0   0   0  44   0   0   4   0  40   0  10   0   0   0  50   0
   0  28   0  37   0   0  42   0  48   0   0   0  35   0  20   0   0   0   0   0   0   0   0   0   0   0   8   0   0   0   0   0   0  17   0   8   0   0   0   0   0   0   0   0  28   0   0  27   0   0   0   0  49   0   0   0   0   0   0   0
   0  44   0   0  20   0   0   0  43   0  45   0   0   0   0   0   0   0   0  49   0   0   0   0  40  27   0   0  31   0   0   0   0   0   0   0  26   0   0   0  45   0   0   0  36   0   0   0  23   0   0   0   0  35   0   0   0   0   0
   0   0   0   0   0   0   0  13  50   0   0   0   0   0   0   0   8  44   0   0   0  35   0   0   0   0  19  48   0  16  14   0   0   0   0   0   0   0  18   0   0   0   0   0   0   0   0   1  49   0   0  32   0  44   0  28   0  14
   0   2   0   0   0   0   0   0   0   0   0  39  24   0   0   0   0   0   0   0   0   0   0   0   0   7  45   0   0   0   0   0   0   0   0  27   0   0   0   0   0   0   0   0   0   0   9  33   0   0   0   0   0   0   0   0   0
   0   0   0   0   0   0   0   0   0   0  23   0   0   0   0   0   0   0   0  47   0   0   0   0   0   0   0   0   0   0  19   0   0   0   0   0   0   0   0   0   0   0   0   0   0   0  10  34   0  37  18  22   0  33   0   3
  35  12   0  41   0   2   0   0  22   0  20   0  16   0   0   0   0   0   0   0   0   0   0   0   3   0  18   0   0   0   6   0  18   0   0   0  44   0   9   0   0  38   0   0   0   0   0   0  37  47  50   0   0   0   2
   0   0   0   0  12   0   0   0   0  12   0   0   0   0   0   0   0   0  44  22  25   0   0   0   0   7   0   0   0   0   0   0  13   0   0  17   0   0   0   0   0  26  44   0   0   0   0   0   0   0   0  10   0   0
   0   0   0   0   0   0   0   0   0   0  31   0  47   0   0   0   0   0   0   0   1   0   0   0   0   0   0   0   0   8   0   0   9   0   0   0   0   0   0   0   1   8   0   0   7   0   0  24   0   0  41   0  40
   0   0   0   0   0   0   0   0   9   0  25  18   0   0   0   0   0   0   0  24   0  18   0   0   0  31   0   0   0  27   0   0   0   0   0   0  11   4  15   0   0   0   0   0   0   0   0   0   0   0   0  36
   0   0   0   0   0   0   0   0  27   0  42   0  37   0   0   0   0   0   0   0   0   0  49   0   0   0   0   0   0   0   0   0  24   6   0   0  12   0   0   0   0   0   0   0   0   0   0   0  15  34   0
   0  10   0  15   0  35   0   0   0  20   0   0   0   0  33   0   0   0   0  35   0  32   0  47   0   0   0   0   0   0   0  47  41  19   0  12   0   0   0   0  36   0   0   0  33   0   0   0   6   0
   0   0   0  25   0   0   3   0   0   0   0   0   0   0   0   0  48   0   0   0   0   0   0   0   9   0   0   0   0   0   0   0   0  36   0   0  13   0   0  37   0   0   3   0   0  46  38   0   0
   0  23   0  41  31   0   0   0   0   0   0   0   0   0   0  44   0  21   0   0   0  30   0   0   0   0   0   0  16   0   0   0   0   0  11   0  40   0   0   0   0   0   0   0  17   0   3   0
   0  26   8   0   0   0   0   9   0   0   0   0   0   0   0   5   0   0  49   5   4   0  12   0   0   0   0   0  32   0   0  46   0   0   0   0  41   0   0   0   0   0   0   0   0   9  47
   0  38   0   0  37  35   0   0   0   0   0   0   0  21   0  34   0  20   0   0   0   0   0   0   0   0   0   0   0  31  10   0   0   0  46   0   0   0   0   0   0   0   0   9   0   0
   0   0   0   0   0  49  38  10   0  49   0   0   0   0   0   0   0   0   0   0   0   0  23   0  10   0   0   0   9  12   0   0   0   0  43   0  17   0   0   0   0   0   0  43   0
   0  24  41   0   0   0   0  34   1   0   0  23   0   0   0   0   0   0   0   0   8   0  35   0   0   0   0   0   0   0   0   0   0  23   0  36   0  34   0   0  14   0  25   0
   0   0  32   0   0   0   0  42   0   0   0   0   0   0   0   5   0   0   0   0   0   0   0  37   0  44   0  48   0   0   0   0   0   0   0   0   0   0   0   0   0   0  40
  20   0   0   0   0  19  32   0   0   0   0   0   0   0   1   0   0  20   0   0   0   0   0   0   0   0  18   0  14   8   0   0  16   0   0   0   0   0   0   0   0   0
   0   0   0   0   0   0   0   0   0   0   0   0   0   0   0   0   0   0   0   0   0   0   0   8  19   0   0   0   0  12  17   0   0   0   0   0   0   0   0   0  34
  27   2   0   0   0   0   0   0   0   0   0  49  40   0   0   0  33   0   0   0   9   7   0   0   0   0   0   0   0   0   0  36   0   0   0   0  25   0   0   0
   0   0  17   0   0   0   0   0   0   0   0   0   0   0   0   0   0   0   0   0   0   0   0   0  20   0  34  11   0  36   0   0   0   0   0   5   0   0   0
   0   0   0  49   0  17   0   0   0   4   0   9   0   0   0   0   0   0   0   0  45   0   0   0   0   0  10   0   0  11   0  49   0   0  34   0   0   0
  12   0   8   0  39  35   0   0  42   0   0   0   0  29   0   0   0  13   0  33   0   0  22   0  48  32   0   0   0  23  50  41  24   0   0   0   0
   0   6  21   0  30  50   0   0   0   0   0  32   0   0   0   3  33   0   0   0   0   0   0  14   0  12   0  28  27   0   0   0   0   0  15   0
   0   0   0   0   0   0   0   0   0  15  41  28   0  35   0   0  21   0   0   0   0  29   0   0   0   3   5   0   0   0   0  15  10   0   0
  15   0   0   0   0   0   0  44   0   0   0   0   7  39   0  37   0   0   0   0   4   0   0   0   0   0  34   0   0   0   0   0  14   0
   0  49  25   0   0   0   0   0   0   0  11   0  12   0   0  45  46   0   0   0   0   0   0  30   0   0   0   0   0   0   0   0   0
   4   0   0   0   0   0   0   0   0   0   0   0   0   0   0  25   0   0  30  20   0  11  39   0   0   0  26   0   0  31  13  35
   0  24   0  32  20   0   0  44   0   0  35   0   0   0   0  28  28   0   0   0   0   0   7   0   0   7   0  22  19   0   0
  45   0   0   0   0   0   0  44  24  41  24   0   0   0   0   0   0   0   0   0   0   0   0   0   0   0  12  26  10  11
   0  17   0   0   0   0   0   0   0  21   0  15   0   0   0  16  46  38   0  33   0   0  35   8   0   0   0   0   0
   0   0   0   9   0   0   0   0   0   0   0   0   0   0   6   0   0   0   0   0   0   0  28   0   0   0   0  39
   0   0   0   0   0   0   0   0   7   0   0   0   0   0   0   0   0   0  28   0  12   0   0   0   0   0   0
  48   0   0  47   0   0   0   0   0   0   0   0  19   0   0   0   0   0   0   0   0   0   0   0   0  48
   0   0  44   0   0   0   0   0   0   0   0  31   0   0   0  33   0   0   0   0   0   0  34   0   0
  20  25   0   0   0   4   0   0  41   0   0   0  34  32   0  50   0  16   0   0   0  47   0   0
   0   0   0  22   0   0   0   0  38   0   0   0   0   0   0   0   0   0   0   0  29   0   0
  17   0   0   0  35  29   0   0   0   0   0  16  36   0   0   0   0   0   0   0   0  50
   0   0   8  43   0   0   0   0   0   0  15   0   0   0   0   0  34   0   0  30   0
   0   0   0   0   0   0   0  24   0   0  10   0   4  38   0  30   0   0   0   0
   0   0   0   0   5   0   0   0   0   0   0   0  32   0   0   0  42   1   0
   0  37  44   0   0  31   0  30   0  33   0   0  27   0   0   0   5   0
   0   0   0   0   0   0   0   0   0   0  33   0   0   0  18   0   0
   0   0  41   0   0   0   0   4  17  24   0   0   0   8   0   0
   0   0   0   0   0   0   0   0   0   0   0   0   0   0   0
   0   0   0  36   8   0   0   0  46   0   0   0   0  20
   0  22   5   0   0   0   0   0   0   0   0   0  21
   0   0   0   0   0  12   0   5  26   0   0   0
   0  35  43   0   0   0   0   0   0   0   0
   0   1  10  28  17   0   0   0   7   0
   0   0   0   0   0   0   0   0   0
   0   0   0  16   0   0   0   0
  18   0   0   0   0   0  18
   0  10  49  15   0   0
   0   0   0   0  12
   0   0  22   0
  10   0   0
   0   0
  47

 855
  10   7  10   6   8  16   8   5   1  19   5  17  23   7  11  11  21   9   8   6   3  16  23  25  21   5   1   3   2  22   7  12   9   1  19  20  13  13   7  18  21   4   6  21   4  12  17  19  21  11   5  25  24  21  15   6   3  13  21  21   3  21  15  19   3  16   9  12  23  22   4  25   7   4  18  25  25  17  15  16   6  21  25  23  24  23  13  24   5   8  21   9   4  13   2  10   2  17  16   3

