 100 
  27   0   2  32  34   1  47  39  41   0   0  18   7   2   0   4   0  15  14  11  18  46   0  21  14  49   0   6  45  10  48  48  36   1  34  29   0  29  22  25   4  22   0  17   0  45   2  12   5  29  34  26  30  48  36   7  32   0   0  18  39  32  32   0   0   0   1   7  11  22  35   0  15  13  50  23   0  40   2  20  34  43   1  46   3  39  17  12  49  14  28  22   0  48  49  46  35  38  29  36
  17  41  37  36  36   0   0  37  45  20  46  12  27   5   0   4   0  46  39  47   0  47   0  48   0  26  22   0   0  10  44  21  10  15  14  43  25  43   0  37  42  41  25  11  16   0   6   0  20   1  22   3   0  13  33  21  37  25  22   0  28  17   0   0  11   1  10  17   0  21   0   1  23   0   0  43  48   0  10  24  24   0  18  36  13   9  29  47   0  19   0  12  31   0   0   0  36  12   0
  11   0  45   0  20   0  50  18  27  13   0   0   0   7   6  14  31  32  38   0  42   3  27  11  10  32   3  21  25   0  50  20  27   0   0   0   0   0  18   1   0  20  42  33  15  40   0  15  36   0  18   0   3  34  50  48  32   7  17   0  46   0  19   0  10  32  26  33   0  21   0   0  27  31   7   0   4  32   0  13   7  46   0   0   3   0  30   5  34   3  31   0   0  26   0   1  14   0
   0  13   0   0  35  23   2  36   0   0  25  28  35   0  36  18  35   7  49  49  25  14  41   0  37  27   0   0   0   0   0  17   0  13   0   0  42  33   0  18  31  35  19  26   0   0   0  24   0   0  16   2  48  13   4  19   4   0   3  35  48  48  44  41  30  19   0  31   1   0   2   0  20  15  42  44  45   0  31  29  33  10  21  50   0  31  17  39  46  34   7   0  29   0  32  37   5
   0   0   2   0   0  34   7  37   0   2   0   0  48  26  28   0   3   0  50   2   0  33  14  17   0   3  45   4  38  11   0   0  12   0   4   0   6   0  15  12  47  10  50   5  20   0   6   0   1   9   0  27   0   9  36  48   2  37  28  22   9  21  48  15   0  24  35  50  21  17   0   0  28   6   3   3  11  32   0   0   6  41  39  50   0   0  18   8   0   0   0   0  29  16  37  40
  10  46  43  10   4   0  32  49  49  35   6  42   0  28   0  21  40   0  34  28  45   0  24  47   0  32  40   0  46   0   0  23  33  23  50   7  33   0   7  44   0   0  45   0  24   1  11  49  21  27  22  20  11   0  49  44  24  29  10   0   0  16  22  44  21  33   0  30  39   0  24  19  27   3  22  17  20  41  18   2  17   1   0  10   0  12  48  28  44   0  11  46   0   4  42
   3  27  38  32   0  24   3  10   0  50  21   7  31   0  10   2  48  40  34  48  14   0  30  24  15  45  45  32  44   5  12  10  45  18  14   7   0  20  33   6  49   7  28  13   7   0  24  21   0  25  22  45  15   1  26   0  23  27  31  50  14  20   0   0  35  30   0  14  47   0  25   0  20  31  45   0  40   9  26  31   0  49   0   0   4  46  17  25  19   0  32   0   6   0
   0   0   0   8   8  42  39  46  20  30   8  15  44  28   0  26   0   0  29  31   1   0  21  25   7   0   6  33  11  39  44  34   0  21  32  36  49   0  28  33  38  49  50  17  19  50  12  46   0  30  33   0  25  29  22  17  11  39  47  45   0   0   8  24   0  25  14   0  10   9   0  47   0  34  14  46  34  39  17  24   6   0  50   6   0   8   0  16   0  18   3  22  35
   6  45   0  13  17   0  15  50  12  32  50  22   0   0  22  29   8  24  30  41  46  24  37   2  18   0  36   8   0  17  30  33  50  50   6  46  31   0  20  36   8  28  30   0   0   4   0   8  49   0  29  25   7   0  36  18  20  34  46   0  39  19   0  23   0  48  11   0  29   0  29  12  38   2  20  45   0  20   0   0   0   0  38   0  45  30   0   0   9  26  18  39
  10  11  42  29  38  44  32   0   4  19  35   3  39  49  34   0  30  46   1   0   0  45   0  11  37   0  22  49   4   0  36  15  10  12  24  42   0  27  10  41  48  34  24  26   0  15  32  19   0  22  10  26   7  40  34  26   0   0  17  34   1  36   6   0  11  46   0  26  38  10   2   0  48  41  29  12  44  12  29  41  44  40   0  43  31   0   7  16  38   0  32
   0  49  26   0  24  16  20   8  36  13  49  10   6   8   0  39   1   0  19  29  28   0   0  36   0   1  47   0  31  33   0  30  16  39  38   0  10  27   0   2  44  44   0  48   0   2   0  14   7  11   0  32  24   0  20  38   0  12  22  24  35   0  27   1  45   0  50  25   0  47  33  38   0   0  32   0   0   7  45  19   0   0  15  33  25  35  34  14  27  44
  38  29  38  25   0   1   6  43   0   0   0  16   2  24  18  44   0   0  18  43  10   0   0  35   0   0  33  10  26   0  17  16  48   0  10   2  31  35  49  19   0   0   0  30  41  34  27  47  21  32  28  22  16  16   0   0  45   0   0   0  45  11  46  50   0   0  11   0   0  42  33  10  31  15  13  35   7   0  10  38  10  44   2  16   0   7   2   0  31
  49  23   0   0   0  30   0   0  40   0   0  26   8   4   5  44  41   0  11   3  44   3   0  34   7   0  24   1  38   0   7   0  21  21  24   2  26   8  23  31  50  46  49  50  47  12  37  31   8  33  14  35   0   0  43  27   0  13   7  32   1  18  20   0  15  40  41  34   7  37  41  34  41   0  29  31  23  32   0  26  21  48  23   0   0  14  26  49
  34  46  10  38  32  17  32  22  22  38  10  45   1  27  12  40   1   0  28   0   0  16  40   0   0   0   0   9  28  22  47   3  46  42  11  37  22   0  12   0  50  38  40   1  35  46   0   0  19   0  40   0  32  30   0   4  20  18  27   0  16  31  15  24  23  50  26  26   8   0   4  36   0   9   7   9   0   0  37  29  14   0  15  16  30  24   0
  14   5  24   0  38  21   0  23  24  26  28  10   0  50  18  37  45   3  10  10  37   0   1   0   2   0  16  18   0  36  28   8   1   8  16   0  16  13  47   0  29  20  41  24  12  40   7   0  27  32  41  37  34  17  13  38  11   0  46  34  23  31   0   0   0  20   0  13   1  49  16  25  47  48   0  45   0   0   2   0   8  30   0  27   0  20
  10   0  21  32  46  10   0   0   4  14   7  25  13  12  31  19  36   0   2   9  29  48   0  17  11   0  46  46  44   0   0  30  34  35  44   0   6   9   4  32   0   0  26  17   0  12   5  50  19   0   7   1  40  34  50  36   7  41  10  30   0   0   9  38  16   3  36  40  50  32  45  43   0   0   6  20  19  30   0   0   9  29  39  28  27
  28  15  25   0  16  43  19  37  30  15  44   0   0  39   0   0   8   0  49  38  50  20  35  39  20  40  46   0  31  19  45  22   2   0   4   0   0  17   0   0   0  38   0  13   0  49  47   0  10   0  22  24  23  35  23  20  36  41  12   5  25  27  49   0   0  11  32  37   6   7  35   0  31  24  32  12  36  50  34   0  18  47  11   0
   0  13  15  15  13  15  45   0   0  48   0   0  45  25   0   6   3  17   0  21   4  15  31  36  37   0   1  46  46  48  10  27   0   0   7  26   6  13   1   0   0  37   0  44   0  32  28   0  49   0  36  43   0   0   0   0   3  32   0  43  39  23   0  29  16  50  11   0   9  47  35  19   0   6   0   9   0  25   6  39   0  37   0
   0  36  43  28   0  21  22  37  12   0   5  50  17  17   0  41  32  44  25  23  40  11  12   0  29  38   8  36  33   7  42  26  15   0  16  42   0   0  37   0  46  20   1   0   0  38  48  36   9   0  24  47   0  16   0   3  22  34  29   7  41   0  30  43  21  27   0  24  47  49  48  25   0  10  27  26   4  16  18   0   3   0
  24  42  46  19   0   7  11  45  41  27  14   7  19  36   0  34  26  22  50   3   4   4  32   4   0   0  47  19   0   0  43   0  20   0  38  49  24  48   0   8  19   0   7  48   0  32  20   0   0  31  47   0   8   0   0  34  16   0   0  26  50  20  29   0   0  13   0  44   0   7  35  37  34   7  32  17  49   2   2  16  20
  24   0  41  36   8  11  11   0  44   0  42   9   0   0   8  11  23   9  19  46  36  46  43  49  14  33   0  10  26  17  38   0  16  47   2  45  44  23  44  37   0  14   0  25  39  33  37  19   0  35  13  32  10  44  12   8  31   6  30  36  42   9   0   9   3  17  22  30   4  28   6   0  12   0  39   8  46  48   0   0
  20   0  20   6  11   0  13   5  25  45  45   0  11  50  20  32  15  40  47   1   7  23   0  35  23   0  12  32  13  21   0  12  33   0  21  41   0  47   0   0  47  32   4  28   0  34  37   0  49  34   0  19  15   0  14   0  27  14  11  11  36  46   6  31  29  49  26   0   9  26  45  12   0   0  18  12   0   0  15
   0   9   0  44  32  49  47  20  21  33   9  35  34   5  40  11   4   0   0  32  39  18   0   0  27  34   9  36   0   0   4  48  17   0  24  17  50  39  46   6  18  32   0  41  22   0   0   0  36  41   0  29  31  37   0  39   0   9   0  22   0  19  21  28  17  38   0   0  49  36  40   0  39  44  29   2  17  14
  44  27  38  29  48   0  46   0  50  17  38   0  37  16  39  21  39  36   0  17   0  18   0  14   3   0  13  29   3   0   8  41  12  25   0  25   0  30  21   0  22  29  40  40  46   0   0  40  45   0   4  33   0   0  16   1  12   0   0  50  10   0  37   0  34  46  45  46  47  20   0   0   2  44   5   2   0
  26  27   8   0   0  45  28  29   0  20   6  39   0  11   2   0  48   9  24   0  47  18  17  14  34   0   2  46  20  43   0   0  48   2  11   0  21   0  10  10  12  35  42  41   0   1   8   0  41  11  43  36   8   0  50   0   0  12  38   0  46  40  10  38  35  32   4  28   6  10   0  10   4  47   3   0
   0  29  40  47  42  14  30  19   1  23   0  42  17  18   4  24  12  22  19   0  34  41  36   0   0  31  47  25  10  12   6   0  12  44  21  26  43   7  13   0  35  42   0  27  26  14  34  10  20  15  16   7   0  32   0  33   0   0  37   2  38  44  15   0  32  49   9  31  42   0  36   4   0   0   0
  16  34   9   0   0  33   0   0  39   0  34   5  23   0   9  35   0  48   0  25   1  19  18   0  14  14  30  40   0   5  24  32  28  21  33  28   7   0  48  34  39  22  13  42   0  42  10  22  39  40  46   0   0   0  25  16  45   0  35  14  35  47   0  38   4  49  42   0  18   0  29  25  25  32
  30  48  29  49  27   0  30  32   0   8  24  47   0   2  27  43   0  11   9   0  30  24  31  23  12  29   3  10   3  18  31  20  20  36   0  20  47   0  16   0  38  16  30  40  17   0  21  35   0  19  26   5   0   0  50   1  39   0   0  32  26   4  49  48   0  32  14  24  49  30   0  34  28
   0   0  22  25   0  42  50   5   0  44  46   0  34   0   1  33  16  45  43  18  23  46  37  33   6  40   0  38   0  17   0   1   0   8  35   0  13  42  11  14  39  26  21  40  28   9   0  37   0  25  42   6  43  44  50   0   9   0  48  17   0  10  16  47   8   0   0   0  30  32  13   0
   0  50   2  30  22   0  48  23   0   0   7   0  49  11   9   0  27  41  48   0  27   2   0  37   0   0   0   5  23  27  27  32  46   5   0  15   0   0  24  45  33  27  27   0  38  35   3  22  43  31   4  10   2  31  44  23  50   0  13  42  43   8   0  20  15   0  14   0  23  13  49
   0  10  46  29  39  39  11  34  34  21   4  29  20  26   0  41   0   0  33   0  38  42  28   2  48  39   0  43  39   1  28   2   0   0   0  26  38  43  28  49  33   0   0   0  45   0  13  30  29  25  31  26   0  46  25  35   1  19  13   0   0  49  19  37  36   8  18  10  21  31
  29   9   1  25   0  45   1   0  47  29   9  25  14   0   0   2   0   0  28   0   0  27   0   0   0   6   6   0  25   0  19  21   0   2   7   0  14   5  26  36  42  28  17  30   0  45  15   0   4  23  45   0   0  26  43  22  32  18  34   0   0  36  16  37  33  34   2   2  38
  40  36   0  22  49   0  50   0  44  40   0  16   1   0   0   8   0  44  11  42   5  32   0  11  24  45  32  28   0   0   0  45   0   0  27  16   0   1  35  49   0   0  49  45   7   9   0  44   0  26  46   4  11  44   3   0  44  40  20   2   8   8  11  14  42  11  18  15
  46  27  49  31   4  30   3   6  22   0  37  40   0  39  42  38  29  50   5  10  13  46   5  30   4  49  17   0   0   4   0  40  22  28  14  30  46   0  29   0   9  46   7   0  48   8  21   5  34  49  49  12  39   9  49   6  25  41  50  15  15   1  29  37  41  32   0
   0  44  34  23   6   7  15  46  40  15   0  23  39  13  41  33   0  47  26  27   7   0  46  28  12  31   0   0  13  15  27   6   7  39  43  21  42   7  44   3  18   1  31  27  47  22   0  25   8  13   0  40   6  28  29  32  35   1  36   0  18   8  25   0  13  35
  12   0  40  18   1   0  41   9  14  48  50   3  30  22   3  44  13  29  45   9   0   0  27   0   0  47  20   0  35  47  16   7   0   9  32  38  45  11  17   0   0  24  23  48  34  26  12   0   0  32   0  23   0  20  20  16  11   0  10   0  13  20  15  28  37
   0  33  18  26  27  30  37   0  29   4  26   0  33  12   0  32   2  42  24   0  48   0   0  21  38  36  32  19  17   2   9   3  46  34   0   0   2  24  40  38   4  46   0  36  24  19  47  19   0  29  12   0  35   0   0   0  40   2   0   0  31  38   0  16
  27  27  40  38  12  33   6  45   2  32  36   9   0   0  15  25   0  28   2   8   0   0  18  25  30  15   0  38  23  49  18  13  41   5  15  16  24   0  35  16  45   0  49  26  37  30   3  36   0   0   0  48   8  31  22   0   0  12  14   9   0  31   0
   0   0  38  44   0  43   0   1   0  26  14   2  30  16  23  41  38   2   0   2  35   0  44   0  50  14   3  34  47  26  17   0   7   6   0   7   0   0  40  48  32   0   0   8  34  31  27  21  24  19  50  13   3   0  36  14   0  16   0  22  11   0
  20   0   0  35   4   0   0  20   0   0   0   0  45  24  37  23  37   0  21  35   0  29  49  45  48   8  24  49  44  11   0   0  12  41   8   4  35  17  50   0  18  45   6   0   1   0  27   0  40   5   0   3  48   9  29  13  15   0   0  21   0
  34  34  17  10   1   4  26  35   7  19  12  38  43   6  33  14  41  30   0   3  40   0   0   8  32   0   2  29  13  43   0  26  14   1  33  50  33   0   0   0   5   9  48  24  17  49  42  21   0   0   7  48   7  24   6  21  49  32  39  19
   0   5   6  49   0   0  30  41   0   0   5  41   0  28  38   0   0  39  27  38  31  36   0  12  20   0  31   0  21  41  28  19  11  23   0  40   2  42  26  24  27  50   0   0  22   0  37   9   5  36  41  33   8  42   1   2   0  41  20
  20  27   0  23   4   4  20  14  10  47   0   0   0  21  50   0  21   0   2  45  27  27   0   7  36  36  13   9  25  48   0  49  16   7  23   0  18  17   9   9   8   0  42  45  31   0  16   1  48  12  28  29  50  24  37   0  20   9
  16  27   3   9  35  39  15  42  30  24  50  12   6  16  37   4  36   5   0   0   7  30   1  19   3   0   0  40   0   1  37   4  39  10  45  48   3  35  34   0  38  33   0  30  27   0   0  35  42  33  28  28   0  26   0   0   0
  46  36  47  33  16   6  12   0  28   0   0  20  23  43  50  44   0   0  50  23  44   0   9  21   8  13  40  14  50  10  39  37  31  29  26   1  35  16  28  36  49   0   5  47  33   0  35  46  41  49   9   0   0   3  17   1
   8   6   5  28  29  42   3  14   0  17  24  21  45  19  47  13  19   4  17   6  33  50   0   5   0   0  14  42  41  36   3   0  39  11  10   0  22  14  33   0  36   7  21  19  49   0  10  26  11   0  42   0  45   0   4
   0  26   0   0  21   0   0  23   0   0  25  11  28  24  13  46  36  22  16   9  16   5   0  41  13   0  38  18   4  20  45   0   0   0  27  36  22   0  36  39  28   3  38   0  50  36  38   7  50   5  32   4   0  49
   0  48   0  42   0  43  22  13  36  28   0   0  38   0   8  48  19  34  28   0  49  25  48   0  46  41  35   0   0   0  39  15  44  16   2  15  43  17  45  29  31  34  26   0   0   8   0   0  44  19   0  14   6
   0  11  24   9  33  40  48  13  20   0   9   0  40  13   0  26  38   0   7   0  39  26  13  34  20   0  28  26   4  32  13   0   0   2  13   4   2   0  16   0   0  40   0  43  19   5   0   6  27   8  11  25
  28  15  19  27   0  45  25  12   4  45   0  49   0  47  45  48  42  24  44  47  43   0   0  17   0  33  37  33  36   9  15  42  24   0  39  32  21   8   4  37  48   0   0  20  28  42   9   0  22   0  10
  50  42  15  38   0   3   0   0  48  44  34   0  21  21  37   0   6  35   2   3  46   0   0  28   0  41  40   0   0  44  49   0  21  14   0  16  33  22   0   8  13  38   0  17  33   5  12   0  13  35
  17  14  28  16  36  17  24   0   0   2   0  36  22   0  23  33  16  21  45   4  20  47   0   0  27  37  32  15  19  41  29   4   1  20  26  38   0  22  43   0  15  32  45   0  14  23   0   0   0
  21  29  25   0   0  42  41  28  30  12   4   0  37  26  42   0  19  42  28   0   0  17   0  41  43  48   0   6  35  24  22  25  13  27  50  41   0   0  37  42   2  26  35   1  31  25  50   5
   0  19  48   6  44  32   0   5  18   0   1   0  44   2  45   0  32  10  24  15  26   0  43   1  28   0   3   0   6  33   3  41  15  28  39  16  39   2  21   0  41   0  45   9  37  24   0
  38  25  33   0   0   0  34   0  36   6  43   0   0  49   4  12   0   0  34   0  33  24   6   0  20  19   0  43   0  15  40   0  32   1   0  35  20   0  14  39  50  42  43   0  44  39
   0   0  38   0   0   0  39  24  15   0  10  31   2  37  37   4   0   8   9  38   0  45  20  38   0   9  43  22  27  29  35  29   0   3  23  13  14   9   1  13  34  41  14  43  17
  12   7  31   1  23  41  21  17  43  32   0  41   0  49  22  24  39   0   0  21  23  36   2   0  28  22  16   3  25   5  32   2  45  42  12  18  15  13   0   0   0  40  12  24
  40   0   0   0  48   1   2  35  39  23  19  39   0   0  25  14  38   0  28   0  46  41  46  34   0  43  17   5   0   3   2  28  24  31  35   0  25   0   1   6  12   0  33
  16  33  25  33  31  16  18  45  30  19   0   1  27  37   0  19   0  13   0   0  21  32   0  48  14   0  47  34   0  33  41  16  34  15  18  18   7  19  16   0   4  16
   0  36  49  16   8   0   0  43   0  48   1   0   5  13  14  40  40  14   0   0  27  48   0   0   0  23   4   0  49  44   1  11   0  15  29  20  10   6   0   8  40
  20   3  42  32  30   1  47  19  44  50  43  12   1  43  22  24   0  28   4  21  28   5   0  48   0   5   0  25  40  19  32  50  40   0  42   3  30  30   0  26
  11  11  37  14   1  20   0  29  50  16  42  26   0   0   0  27   8  10  33  43  15   0  34  11   5   0  27  27  25   0   0   2  24  10   0   0   0  33   0
   0   7   0  29   0   0  49   0  47  46  34  30   4   1  20  25  29   0   4  40  41  27   0   0  29  23  17  43  26  13  48  50  42   0  44   0  35  38
  12  13   1   0   0  27   0  29   0   8   8  20   5  17  47   0   2   0   3   0  28  22  33  49   4   1  42  19   0  20   0  31   0   8  30   0  22
   2  34   0  22  30  26   0  42   0  30  42  20  19  17  34   0   5  30  11  42  37  15  42   0  33  21   0   0  46  17   0  18  37  22   0  46
  27  45   5  39  25   0  23  35  34  33  42   0   0  40  22   0   6  12  43  16  31  24  36  45   0   0  29  12  35   4   0   0  31   0   0
  38  38   0   0   0   0  25  23  10   0   0  24   0   0  39  19   1  25  49   0  42   6  46  37  20   7  12   0   0  32  46  12   0  28
   0  30  18   0   4  36   0  18  16  29   0  31   0  22   0  32  15   0   0  49   0   3  16   0   0  17  13   9   0  18  17  18   9
   3  35   6  31   6  50   8  14   0   0   7  37  34  38  37   0  14  18  30  38   0  28  11  43  47  11  50  27  31   6  19  19
  39  46  32   5  22   0  23  24  24   0  23   5  33  22  35   0   2  27  22   3   6  28  12   0   0  50  22  41   0  41  42
  25   2  11  43   8  16  16  43   7  47   0   6  15  32   0  24  14  25  31   0  50  35   0  26  49   0   0  49  34   0
   0  42  38  38   8   0   1   0  34  21   0   0  38   8   5  18  10   5   3  23   0   0   0  25   6   0  11  45  42
  10  20  34  22  26  37  28  34  35  35   0  10  44   6  36  14  46   1  24  49   0   0  27   8   0  35  37  37
   0  25  42   1   0  44  22  18   0   9  33  26  12  17   0  29  14   8  49  44  37   0  31  29   0   0  26
   0  41   1  33  16   0   0   0  43  27   0  37  34  43  15   0   0  45  47  23   0  35   7   0   2  36
  24  40  27  11   0   0   0   5  38  40  32  44  10  22   0  46  35  49  20  40  34  23   0   0   0
   0  41  45  40   9   0  32  10   0   0  39  35   0   0  30  36  26   6  31   0  32  34  43  29
  41  18   7   0   0  40  39  36   2   0  49   0   0  34  13  20   1  35  31   0  34  18   0
   0  27  38   9  34  14  15   9   0   4  21   9  37   5  17  30   2   0   3  38  44  27
  25   8  35  18   2  22   0  42  26  25   7  23  31  27   0   2  45  34  46  35  31
  23   0  17  24  49   6  39  13   3   3  33  27   0  17  18  30  15  16   3  43
  32  23  45   0  12   0  20  35   0  32   5   2  16   0  38  36  44  12   2
   8  35   0   6  33  43  48   0   8  41   7   0  25   0   0  10  12   0
  15  26   0  38   0  14   9   0  41  50  13  10   3  38  24   0   0
  26  37  28  27   0   0  32  22   0   0  41  17  40  11  29  24
   0  48  40   1  31  30  31   0  37  20   0  30  18   6  10
   3  34  25  29   8  18  17  37   0  47   8  40  45   0
  32  35  43  14  22  20  22  35  38  22   0   7  17
  14   1  48  49   0   6   7  22   0  38   0  45
   0   0  28  22   0   0   4  10  37   8  46
  10  50  23   7  44  16  34   6   0   0
  22  25   0   0  50  35  14   0   0
  50   0  40   6  27   8   0   9
  14  26   7  26  21  33  29
   3   0   9  42  20   0
  28  34  22  50  26
   0  43  15  11
   7   0   0
   0   0
  40

 875
  15  17   9  20  11  17  13   8  10   9  23  24  18   3  14  18  14   8  11  13   7   8   9  12  10  12  19  13  24   6   4   4  20  24  13  10   5  11  13   4  16  19  16   6  13  17   2  18  17  11  16   5  17  15   2  14  20  22   2  10  19  16   7  24  18  20  19  24   9   2  15   4  11  19  19   8   2  17  18  14   4   2  14   9  24  25   2   1   7  22  10   7  22   9  21   4  20  11  16  12

