 100 
  23  36  47  38  27  40  26  42  30  19  16  29  42   4  16  30  50   9  42  11  22  46  11  31   4  47  39  19   4  24  50  39  29   2  25   8  37  24   5  32  46  17  18   3  10  17   6  11  38   3  20  49  42  26  16   3  48  46  37  30  28  23  28  25   8  42   5  22  14  28  23  26  37   2  44  14   2  41  40   3  45  30  35  45  38  17  10  42   5   6  13  20  17  35  17  13  31  15  14   9
  23  43  14  30  18  50  43  29  28  45  21   2  19  47  12   3  13  26  48  49  18  36  20   5  33  16  38  28  36  40  41  15  30  49   5  23  37  17  39  46   2  46  23  32  30  22  43  15  49  48  27  24  42  34  25  23  23  35  24  44  13  44  40  23   2  43  27  45  46  42  48  28  36   6  41  46  50  45  36  50  42  20  17   6  16  43   9  11  21  13  32  48  20  46  19  23  32  50  15
  26  41  31  39   8  20  31   7  21  10   4  31  15  22  34  11   5  24  40  20  10  34  33  27  44  11  24  22  32  29  46  31   7  33  14  48  30   4  11  41  11  50  45  22  46   1  40  42  31  15   9  49  20  25   7  14  39  11  47  26  48  22  10  14   6  46  28  42  39  38  20  14  50  36  23  19  24  28  33   6  49  42  30  47  43  18  14  44   2  26  46  19  44   6  25  37  46  48
  17  16  10  47  19   3   4  45  37  17  30  29  17  28  42  10  38  17  47  11  27   7  14   2  31  45  42   7  40  43  27  40   4  22  19  13  26  15  14   8  39  37  39   3  26  32  12   5  43  38   3  30  48  15  49  14  16  44  37   6  43  48  50  28  20  40   9   9  13  19   9  32   1   4   2  26  31  18   1  19  11   3  29  33  16  50  44   4  44  46  18  11  32   3  25  48  17
  23  11  33  36   6   1  35  20  48  11   8   2  26  23  20   6  44  10  10  39  33   3  16  26   4  42  25   1  44  18  37  15  36  48  48  14  31  34  21  50   4  43  19  18  29  15  26  39  24  48  30  37  48   1   8  15  38  36  31  12  33  16  21  34  14  40  25   7  42  12   9  29  21   4   7  28   2   4  15  43  39  18  28  35  19  32   9  47  38  31  13  41  13  10   3  47
   3  39  35  22   2  44   6  41  15   6  48  26  48  46  34  32   5  48  15  44   1  34  39  24  21  21   5  40  46  24  39  34  39  50  39  23  16  26  18  37   8  23  46  33  18  10  15   7  42  11  19  20  32  30  45   5  31   4   5  48  18  50  39  27  49  25   5  13  36  45  22  24   3  31  14  31  40  40  47  14  12  17   5  19  27   7  24  13   3  46  49  35   6  17  11
  50  24  10  25  36  50   4  39  20   7  44   3  15  18  45  47  22  49  20  35  34  39  39   7  18   2  34  47  50  34   6   5   7  34  48  13  49  19  11   6  43  46  20  27   8  11   2  22  12  20  38  41  16  38  45  47  20  29  18  26  13  48  30  46  42  50  49  49  29  39  18  16  39  21   9  23  29  23   7  44  36  41  35   6  27  48   1   9  34  14  25  50  44  15
  29   6  16  32  24  49  40   5  24  26  43  34   9  11  29   5  40   7  29  41  17  29  30  31  22   8   4  28  44  12  25  22  12   7  42   9  39  47  21  30  35  37  16   6   1   8  47  18  12  13  42  12  15  49  32   2  12  39  31   8  17  39  22  36  25  12  39  49  37  34  20  11  34  32  38   6  19   1  32  32  23  12  39  43  33  45  15  42  42  17  21   8  36
  12  46  41  44  33  13  40  27  10  28  43   3  41  35   6  50   6  10  31  46  34   5  19  41  41  25   2  23  20  13  26   6  33  33   2  34   6  50   6   8   6  25  18   3  11  43  12  50  36  23  22  48  47  50   3  43  48  13  38  35   3   6   2   3  35  45  34  35  49  20  27  42   7  40  26   9  44  22  10  43   1  31   1  21  49  30  35  32   6  37   2   6
  13  48  25   1  46  47  10  25  18  17  24  22  14   7  29  21  49  39  45   6  46   4   2  23  17  49  46   9  10  48  34   2  17  46  47   8   1   9  31  28  32  40   5  22  49  38  48  44  14   6   8  39  20  16  11   9  48  37  30  34  11  43  47  46  30  34  48  30  44  50  50  19  50  34  50  10  26  39  38  19  40   2   8  37  44  22  17  37   7   6  21
  23  23  50  28  42   8  45  21  18   2  36  36  12  29  18  41  45  26   3  23  40  12  47  43  50  27   9  20  47  36  20  22  24  46   4  46  14  47  37   1   8  12  38   1  23  29   2  50  47  30  18  24  25  46  27   1   5  49  26  44  30  23  35  30  34  20  16  15  15   7  22  39  12  39   8  16  16  19  30  15  46  14  20  10  47  28  46   9  27   4
  10   5  46   7  11  42  42  22  25  37  48   7  25   8  32  49  15  22  18  32  47   6  18  32   9  18  10  34   8  37  37  20  48  40  19   5  37  32  17  37  18  40   9  32  36  47  37  47  12  33  14  40   6  23   2  29  28  42  38  50  38  40  32  24  38  40  42  28  48  20  28   2   3  30   4  45  45  10  48  12  24  35  20   6  38   8  26  45  13
  12  40  38  41  17  27  47  11  10  13   6  21  41  32  36  46  24  17  38  17  35  22  45  50  23  23  32  12  21  31  18  46  35  10   3  14  12  22  35  12   8  39  27  11  41  19  12  47  16  21  46   4  28  50  30  41  26  12  35   6  49  45   2  38  30  20  45  24  35  22   1  38  40  49  10  21  45  31   4  26  43  30   1  43  15  24  36   9
  32  13  28  15  22  15  16  47  20  17  29  12   7  10  49  31  42   5  50  36  12  23  31  33  15  18  24  37  26  18  18  18  39  15  47  45   8  14  42  23   6  27   6  22  16  26  15   5  12  15  13  15   3  40  50  12   1  12  35  16  39   4  15  38  36  33  45  25   5  14  43  33  48  23  21  29  48  49  40  22   4  12   6   3  26  10  38
  40   4  48  24  29  28  41  32   2  40   4   5  11   1  45  13   4  17  33  30   3  28  34  43  17  50  12  28  11   9  23  32  26  16  15  29  32  36  23  37  21  12  22  49   1  13  37  18  40  27  45  45  26  35  14   6  31  40  18  44  32  24   9  18  11  22  49  44  20   3   1  16  44  40  19  19  19   7  43  41  48  40  44  27  35  32
  36  21  45  21  25   3  37  34  41  37  25  37   7  43  39   8   6  25  35   3  35  32  30  20   7  50  49   2  38  10  22   7  39  40  26  17   8  28  25  20  15   7  50  46   1   3  28  20   6  31  43   5  46  41  22  37   7  45  27   3   8  40  35  23   9  31  22  16   7   9  15   2  19  43   9  14  35  10  12  25  17  36  22  24  16
  20  34  43  46  24  19   4  38  24   1   3  31   6  23  29   7  46  48   1  19  32  37   5  49   4  27  10  17  28  14  14  45   5  13  25  45  28   2  21  25  39  45  46  19  15  48  16  43  36  13  19  50  29  24  15  46   1  39  38  49  38  26  39  20  34  49  25  19   3  40  12  31  40   4  25  27   3   6   1  14   9  22  30  40
  25  16   3  44  26  19   6  28   7  30  31  45  21  23  48  14  29  14  23  20   4  39  20   2   6  14   6  16  20  47  30  17  31   2  34  47  38  25  27   3  44   2  31  18   7   2  23  19  45   2  23  23  23  29  25   6   8  22  36  49  30  11   7  49  34  12  23  39  27  33  26  13   9  35  15  28  36   1   2  46  50  24  41
  39  45  48   2  14  35  47  14  24  19  19  15  34   8  17   2  37  17   4  39  40  32  37  42  18  23   6  25  34  32  14  14  14  39  40   6  36  27  22  23  21  11  11  28  20   6  49   8  33  26   4  41  40  36  39  37  40  27  25  35  29  21  34  38  41  18  16  28  21  46   3  47  29  44  50   6  29  17  23  46  44   7
  20  41   4  32  28   2  28   6  28  46  13  39  30  30  40  17  36  28  18  31  24  24  19  29  45   6  18  36  36   4  33  36  12  31  50  27  36   8  36  23  50  33  34  11  48  16  20  13   5  13  48  37  10   3  29  34   4  20  27  46  31   9  47  21   4  31  10  45   8  30   8  27   9  48  46  43  41  31  26   5  14
  18  12  40  36  49  46  47  38  49  28   4  45   2  49  21  20  28  31  18  20  43  33  37  25   4   6  29   8   8  21  30  10  10  25   8  25  12   4  16  45  19  37  33  11  38  35  49  21  44  34   2   5  28  12  40  29  16  34  44  14  15  42   2  15   6  30  20  24  11  15  38  20  29  13  39  47  26  27   9  42
  24  18   7  15  46  43  38  36  39  32  27  19  47  34  35  40  10  12  22  24  25  27  33  11  39  12  18  39  26   1  27  14   9  41  13  45  18  11  46  50  47  34  36  34  47  37  23  24   5  28  11  15  40  34   4  33  47  48  12  47  21  28   5   9  17   8  44  33  26  13  37  40  48  27   5  28  44  49  11
   9  40  21  17   5  46  18  32   8  42  37  25   7  17   5  39  43  35  21   8  19  42  16   5  16  50   1  23  12  29  39  14  33  11  12  25  49  19  31  39   8  33  31  12  42  50  30  28  33  10  10   9  12   4   7  47   7  30  50  50   1  31  38   4  48  22  29  44  24  26  47  20  25  28  29  11  32  17
  35  48  15  12  34   6  15   5  34   1  43   5   4  16  27  50  10   8   7  28  13  34  11  43  42  45  50  16  35   6  24   2  29  48  50  16  42  12   4  48  42  40  12   8  25  36  38  32  47  34  38  49  41  41  16  40  46   7  27  18  44  20  11   1  41  43  29  31  17  48  17  14   1  20  13  45  10
   1  28   3  23  38  25  46  35   6  20  38  24  37  34  28  41  26  24  33  29  31  19   3  28  49   7   9  17   5  15  25   6  38  36  12  11  32  23  19  18  12  18  49  32  20  40  34  29  38  42  41  24   2   3  28   3  22  29  33  26  18  39  48  16  15  23   8   4  18  48   9  16  50   9  19  26
  44  25  12  30  15  36   8  48  41  14  37  19  13  10  32   6   8  14  37  26  37  45  41  35  47  49   1  31  14  25  41  45   9  30   4  16  19  29   3  40  16  15   1   6   7  30  23  43   2  21   7  22  49  27  10  14   8   9  25  14  43  12  27  49  13  21   8  33  43  29  30  21  41   9  14
  31   9  37  38  12  31  10   6   5  26  11  14  44  49  24  20  24  48  42   2   2  41   5  31  35  30  47  23  50  31   6  49  37  30  39  36  24   6   4  27  27   1  28  32  22   5  41  15   3  17  29  26  19  14  33   8  21   5  10  11  33  43  33   2  13  12  14  38  24  11   5  35   1  36
   5  46  48   9  27  17   1   2  14  10  33  40  13  33  21  45  19   4   7   7  30  35  19  43   6   6  49  32  39  17  35  15  38  32  14   5   3  45  15  37  27  37  47  10  26  29  34  38   3  37   5   9  10   8  44   6   2  30  10  42  50  46   7  39  24  21  24  19  38  34  38   1  47
  12   3  43  25  29  20  27   1  33  26   7  30  33  35  14  32  10  50  32  18  11  31  12  41  50  35  48  45  22  25  34  25  44  37  27  38  19  24  33  20  23  21  32  39  49  24  38   2  18   3  46  18   7   1  27  30  23  22  32  50   4  26  25  30  41  11  17  18  47  27  43  25
  12  45  20  24  29  16  50  21  34  50  43   6  48   8  42  48  47  17   8  29  24  47  50  44   7   5  26   3  12  31  41   3  47  22  31  45  37  38  45  28  28  16  21  21   2  36  14   8  32  37  44  25  34  47  46  13  25   6  24   7  31   2  32   4   6  48  44  27  28  24   6
  42  45  10  36  41  27  23  30  46  21  11  47   1  14  44  31   8  48  10  37   5  15  43  31  18  35  17  42  15   9  29  46  29  23  19  41  25   3  45  28  11  21  29   4  41  32  13   6  36   6   7  40  21  28  44  39  22  30  43  10  11  48  26  49  41  36   5   8  40  46
  18  49   7  40  21  26  10  28  33  33  17   8  21  11  42  13  33  21   4  13  41   8   1  24   6  20  36  19  17  16  46  26  43   4  49   7  44  40  14   9  12  16  15  39  38  11  27   4  43   3  38  43  19  34  15  25   1  42  38  23  40  30  41  20  43  37  25  49  35
  28  24  42  31  23   9  41  29  26   1   3  27   4  18  30  46   6  22  15  22   9  20  32   5  29   6  46  44   9   4  31  38   7  45   9  47  26  29  13  38  34  47  32  48  41  25  23  40  16  37  30  30  44  30  16  11   4  35  13  24  49   7   3  30  22   9  28  10
  37  21  34  19  26  27  12  13  12  11  30  16  33  33  50  18  47  45   9  31  12  41  27  37  23  35   3  19  25  48  49   9  19  48   2  34  39   7   1  10  22  41   9  30   5  13  27  45  21  11  14  46   5  49  28   2  23   9   1  32  34  44  39  28  47  25  18
  22  45  14  36   1  16  29  18  26  43  48  14   2  29  45   8  30  47  31  42  40  38   1  28  46  16  20  42  18  36  23  34   7  14  29  43   4  11  41  26  36   8   3  34  22  48  20  41  32  39  38  14   3  14  14   6  20  18  41   5  23  27  17  35   4  50
  31  48  48  40  15  23  22  28  22  40  13  44  10  41  24  24  21   8  21  11  29  35  19  18  41  17  20  46   1  29  12  26  30   5   7   7   8  30  48  50  44  16  17  21   1  11  48  46   1  31  33  17  33  25  15  34  13  36  42  48  18  16  30  12  41
  47  36  19  10  50  46   2   2  11   4  14  28  47  49   9  36  30   7  39  13  14   1  27  13  36  21  16  16  10  49   4  26  40  15   2  46  36  35  13  10  46  22  21  46   3  42  37  49  46   9   5   8  35  11  18  46  50  32  13  47   1  41  23  11
  49   1   6  24  19   1  26  44  12  47  50  35  49  44  40  25  42  28  21  33  13  13  41  18   9  15  15   5   2  22  39   3  33  31   3  47  24  28  27  37  48   1  10   9  40  31  42  50  27  11  30  20  46  16  44   9  41  33   9   6  43  14  21
  31  44  42  10  33   2  46  43  28  10  20  12  45  14  43  30   8  29  11  47  44  38  27  27   9  10  12  30  33  48  28  18  32  38  15  42   9  36  17  48  24  32  42  31   1  50  15  42  13  39   9  24  39  21  14   5   4  42  32  45  41  35
  32  21  19  10  50  13  16   7   3  26  19  11  18  27  18   8  46  30  24  39  47  35   7  34  50  50  30  26  43   8  22  20  49  18  44  10  34  15  44  25  35   5  16   2  40  21  21  12  24  18  48  31   4  37  35  26  30  34  17  36   3
  49  31  33  32  19   8  48  17   3  26  19   3  13  26  29  37  16  16   1  40  40  41  31   9   5   9  46  49  13  38   6  31  18  22  24  19  42  48  26  32  31  14  42  47  36  32  24  21  11   3  28   1  11  18  12   3  38  19  16  11
  33  45  34  37  36  32   5  46  23  16   8  47  45  30   7  47   1  22  35  40  22  15  45   7  35  15  39   5  34  11  11  46  13  50  39   7  22  39  36   9  50  43  45  40  28  12  25  43   1  46  13   6  39  47  43  33  24  19  47
  40  21  32  12  48  50   6  36  32  39   7  31  49  37   8   6  32  39  26   1  42  36  46  26  17  16   4  50  41  10  16  25  43  12  29   9  44  39   3  43  32  20  47  14  40  21   2  25  30  40  40  29  49  12  17  35  50  13
  16  40  33  41  36  18  47  39   3  23  23  24  37  15   3  16  14  44   6  45  13  14  12  19  42  14  42  49  23  13  42  22  46  16   6  46  47   4  37  44  11  38  45  19  37  37  34  18  44  45  19  34   9  18  43  37   4
  14   8   5   8  35  10  31  12   2  37  49  12  11  39   3  20  47  27  28   1   8  17  39  12  11  11  35  35  10   3   1   6  13  31  19  21   8  21   3  49  26  29  22  28  11  23   9   4  33  16  29  28  30  29  50  11
  34  25  49  17  31  36   3  22  34  16  45  20   6  31  32   2  18  38  26  25  30  33  29  47   4  48  26  44  26  34  33  22  14  48  17  17  48  40   4   8   6  34   5  18  32  11  24  33   5  27   2  43  45  20  40
  40   7  36  22   3  28  29  33  44  12  45  47  28  36   4  49   2   4  19  16  41  28  11  28  15  16  10   3  22  10  11   6  41   5  33  40  35  18  17  24  49   2  36  19   6  42  20  43  41  16  12  22   6   8
   4   7  38  37   5   9  30  36  26  21   9  25  39  47   8  13  45  43  36  33  19  49  12  34  14  36  50  24  44  11  34  44  12  28  46  36  50  20  47  42  10  35  26  34   6  19  48  46  39  44  50  33  38
   7  28   5  41  14  16   4  24  38   6  32   1  33   8  48  46   7  15  42  10  34  37  28  23  44  42  39  22  24  43  24  22  41  25  14  35  38   6  50  39  32  25  40  12   5  36  42  49  32  34  24  46
  23  36  34  30   1  26  26  17  43  48  50  47  48  26  33  37  16   2  44  20  39  26  48  16  16  46  17   3  39  18  29  22   5  45   8  13  26  39  16  22  12  32  50  33  12  21  26  23  39  46  17
  13  26   4  15   9  31  45  25  36   6  25  31  37  18  27  12   6  38  17  50  44  23  48  41   6  38   7  21  16   8  40  40  17  39  46   1  26  15   5  44  48  39  50  32  19   9  46  33  24   7
  38  18  18  15  18  45  41  20  43  48   2  17  47   3  30   6  18   2  24  12  24   1   2  45  32  45  36  16  41  38  50  23  21  21   6  38  11  25  37  22   8  29  22  37  38  26  30  14  12
  13  43  30   2   5  49  48  31  45   7  34  19  17  18  38  21  43  31  33  32  49   7  47  34  25  24  12  18  36   6  42  28   9  16  29  18  46  39   5   4  35   2  46  24  48  35  31  16
   2  26  26  27  46  40  34  36  42   5  48  50  22  19  35  31   8   6  26  27  20  20  17  26  13  42  46  25  20  28   4  23  19  14  35   2  21  16  27  50  20  16  17  36   2  16  18
  27  42  27  47  28  29   6  15  28  35  47  38  11  17  13  30  39   5  11  40  33  21  45  43  17  41  38  22  23  38  23  44  41  27  37  46  37  38  36  36  34  48  23  21   9  50
  12  22  22  35  21  41  36  32  48  10  11  17  10  27  18  18  26  39  44  43  27  12  15  31   9  42   9   4  13  34  45  42  15  37  50  40  32  29  26  26  31  26   1  23  24
  14  12  17  23  50  31  14  33  36  11  49  16  10  22  47  47  19  41  35  45  27  50   8  50  40   5  46  35  10  16  26  11   3  13  45   7  45  45   9  19  16   5   4  41
  40   1   8  13  18  36   9   6  32  19  36  17  30   4  18  14  24  26  22  33  24   4  13  30  28  34  26  17  20  33  29  29   9  17   1  45  28  28   4  43  18  42  36
  23  34   4  28  31  41  10  32  23  45  20  38   8  25  14  28   1  46  34  45   6  47  22  37   3  19   7  41   6  20   4   1  39  18   3  37  21  12  22  39  15  16
  14  48  11   7  30  23  35  20  20  43  36   2  25  35  43  19  32  36   8  30  14  35  43  32  42  42  15   2   9  14   5  46  29  18  44   2  18  40  39  11  43
  23   2  27  17  39   8  28  35   4  27  22  14  50  30  49  10  25   9  50   5  36  47  49  17  50  27  29  36  20   4  24  48  33  43  49  17  34  26  11  20
  21  20  18  42  32  36  46  48  37  47  35  39  30   9  47  42  29  21  34  16  28  20  43  12  38  46   9  26  25  18  45  14  16   5  31  29  44  44  40
  12  18   3  42  33   1  23  28  42  28  11   3   6  45  27  45  35  48  10  13   6  11  45  20  44  28  20  47   2   7   3   8  29  31  20  42  16   8
  31  46  18  19  23  48  38  17  29   5  25  14   8   9  23  35  18   3  44  35  13  34  17  21   3  15  44  12   2  39   4  10   5   5  22  26   8
  21  25  48  30  45  18  34   5  15  27  26  11  20  14  35  30  18  47  12  28  45   3  28  37   2   9  43  26  47  45  24  33  17  40  14  19
  40  12  14   7  11  26   4  12   9  33  48   1  21  24  26   1  41  32   3   3  50  19  23  45  11  43  24  28  15  28   4  25  40  39  47
   2  23  50  46  29   9  24  32  34  45  34  10  18  47  39   9  28  19   7  14  44  45  15  13  18  28   6  13  34  44  34   4  29  28
  14  23  11  32  17  14  24  23  12  43  27  29  37  16  32   7   5  30  47  24  30  33   6  11  27  39  21  43  39   8   8   2  32
  44  38  16  42   4  14  45   1  50  43  32  42  44   7  49  16  43  23  42  12   4  35   4   3  25   2  48  10  15   8  15  21
  13  50  50   1  40  41  27  30  13  43   5  24  13  48  49  35   7  46  44  25  34  16  16  25   5  24  47  47  16  12  38
  30  19  41  13  32  35   8  17  43  36  36  32  48  43  46  23   4  35  50  11  45  14  32  46  24  43  12  27   9  45
  35  48  40  44  30  17  46   5  21   8  10   1  21  32   7  18  31  38  30  42  28  37  26  37  41  15  43  24  49
   7  40  46  38  34   2  20   1  43  22  15  15  47   9  48  10  20  16  25  14  44  46  12  46  46   6  31   5
  17  37  50   6  30  23  45  11  21  44  34  16  10  33   4  49  22   2  36  40  16  50  42  29  35  24  35
  39  26  26  29   6  21  36  14  27  16  21  21  13  17  12  18  28  43  42  29  42  45  10  30  30  27
  30  50  45  34  25  39  38  34  26  10  43  18  20  32  32  30  12  50  15  45   6  29  14  50  13
  17  36  35  48  23  16  41  17  34  21  21  39  43  31  17  42  18  37  35  12  23  29  44  26
  33  28   3   8  40  39  37  30  25  22  28  10   2  42   5  28  10  44   6  41  50  42  16
  43   6   9  23  44  17  22  33  37  16  29  22  10  46  32  16   8  39  42  24  49  39
  10  32  43  45  43  17  12  49  43  24  12   8  44  40  25  19  11   2  34  25  40
  30  24  36   4  31  15  46  46  47  21  32  32  35  30  14  18  25  35  14   4
   7  16  27  35  23  24  12  25  30   2  15   9  44  37  35  22  48  33  11
  29  46  23   9  43   7  17  44  26  43  45  38   6  25  50  23  23  11
  50  50  35  13  14   3  33  41  17   2   1   5  50  43   9  39  32
  30  43   4  20  17   4   3  47  22  10  17  32  47  28   8  48
  35  42   9  23  12  17   1  21  34  27  12  32  25  18   3
  34  11  21   3  50   4  39  34  20  34   5   8  44  29
  36   8  20   4  35  36  29  22  42  24  50  30  28
   6   1  22   2   8   5   1  14  10  23  37  21
  16   1  13   6   6  19  25   9   1  37  45
  22  29  22  32  22  24   2   6  34  14
  19  31  44  28  34  43   5  29   1
  36  10  44   9  26   7  10   3
  15  50  39  37  12  35  28
   7  38  28  39  35  26
   9  28  50  15  24
  23  24   6  41
  13  36  23
  43  31
  23

 767
  18  12  11  12  10  11  14  14  11  21  13   7  18  13  10   1   3  25   7   5  13   9   9  10  13  22   5  12  24  21  21   1   8   1  18   7   2  25   3  21   3  18   9  12  12   3  15  12  25  15   6   7   8  17   2  20  11  16   5  17  15   1  16  18  23  14  25  25   9  15   4   7   6  20   7  17  20  13  21  24   1  24   3  11  11  23  16  18  11  22  23  18   3  15  19  24  17  18  24  25

