 100 
   0   0   0   0  12   0   0  39  21   0   0  33  26   0  27   0   6  41   0  48  49   0   0   0  40   1   0   0   6   0   0   0   0   5  17  12  39   3   0   7  14   9  27  42   0   0   6   0  14   0   1   0  19   0   0  32   0   6  25  20  44  36  27   0   0  30  14  21   0  13  19   7   0  12  40   0   0   0  14   6   2   0  15   0   8  30  32   0  45   0   0   2  42  27   8   0   9  40  18   1
   0  43   0   0  44  50  36   0   0   0  15   0   5  43   0  38  27   0  19  39  43  30  26   0  27  43   2   0   0  28   0   0  37  25   0   0   0   0   0   0   0   0   0   0   0  47   0   0   0  41   0   0  38   0   0   1  49   0   0  37   0   0   0   0   0   0  16  37  27  27   0   0   0   4  13   0   0   0  46  34   0   0  49   0   0   0  22   6   0  47  50  15  25   0  23   0   0   0  48
  48   0  36   0  37  32   0   0  39   2  35   0   6  22   0  12   0   0   0   9   6  43   0   0   4   0   0   3   0   0  27   0   0  28  20  33   0   0   0   0   0  50  39   0   0  50  12   0   0   0   0  30   0   0  11  50   9   0  26   0   2   0  37   0   0   0   0   0   0   0  12  42  46   0   0   0   0   0   0  11  12   0   0   0   0  27   0   0  24  39   0   0  32   0   5  14  14  48
  15   0   0   0  50   0   0  39   0   0  30   0   0   0  12   9  33  43   0  22   0  28  15   0  17   0   0   0   0   7  10  21   0  24  29  33  19   0   4   0   0   0   0   0   0  23   0   0   0  49  15   0  17   0   0   0   0   0  39   0   0   0   0   0   6  23  18   0   0   0   0   0  21  11   0   9   0   8  11   0   0  11  22  21  40   0   0  15  17  42  26  48  40  50  33   0   0
  19  42   0   5  23  28  21   0  25  14  22  37  49   0   5   0   0  26   0  34  13   0  32   0   8   0   0  45   0  31   0   9  10   0   0  22  14  31   0   0   0  50   0   0   0   0  14   0   0   0   0   0  40  22  40   0  46   0  29   0   0  19   3  43   1  12   0  43  15  19  32  18  27   0  16  45   0   0  49  45  37   0   0  50   0   0  47  45  38   0  22  42  23  38   0  10
  42  49  19  11   0   0  32   0  23  22   4  35   0  11  37   0   0   0  26   7   0  18   0   8   6   0  11  10  29   0   0   8  37   0  42   0   0  30   0  27  15   9  23   0   0   3   0   2   0   3   0  35   0  21   0  47   0  34   7  20   0   0   0   0  20   0  20   0   0   5   0   0   0  50   4   0  44  29   0   0  34   0   0   0   0   0   0   0   0   8  45   0   0   0   0
   0   0   0   0   0  12   0   0  29   6   1  31  38   0   0   0   0   0   0   0  36   0   0  39  49   0   0   4   2  18   0   0   0  24  30  34  37  45   0  48   0  44   0   0  35  35   0   0  35   7  31   0   0  23   0  38  16   0   7   0   0   4   0   0   0   0  10   0  36   0  26   0   0  41   0  12   0   0   0   5   0  17  30   6   0   1   0  18  49   0   0  12   0  32
  10  36   0   0  24  31   0   0   0  10  48   0   0   0   0   0   0   0   0  20   0   2   0   0   0   0   0   0   0   0  34   0  46  36  46   0   3   0   0   0   0   0   0  13   0   0  37   8   0  30  47   8   4  33  11   0   0   8   3   0  40   0   0   0   0   0   0   3   4   0   0  41   0  35   0   0   0   0   0   0   0  32   0  48   5  13   2  44  32  17   0   0   0
   0  41  27   0  44  18  18   0   0  24  15   0  44   0   7  16   8   0   3  45   7   5   0  18   0  49  24   0  36   2   0  32   0   0  12  34   0  39  49  37   0  32  37  11   0  38  40   2  17  25   0   0   0  19   0  47  26  44   5  40  23  22   1   3   0  13   0   0  13   0  50  31  27   0   0  43  29   1  20   0  24  36   0  47   3  38   0  10  48   0   3   0
   0   0   0  11   0  31  27  13  11   3   0  28  30  32  41   0   0  12   0   5  14   0   1  31  23  45  44   0  28   0   0   0   0   0   0  32   0  28   5   0  17  19   0   0  27   0   4   0  13   0  47   0   0   0   2   8  11   0   3  43  42  34   0  37  50  31   0   0  14  34  46  40  29   4  17  27  10   0  30   0  44   0   0   0   0  40  36   0   3   0  24
   0   0   0   0  47   0   0  12  32   8   0   0   0   0   0   0  12  11   0  17  30   0   0   0   0  29   0  14  43   0   0   0  39  20  35   0  12   9   0   0  43   0   0   0   0  26   0   0   0  18   0  39   0  43  15   0   0   0   0   8   7  30   0   1   0   0  30  22   0   0   0  26  41  15  41  21  36   0   0  45  24  13  15   0  42  42  45   0  21   0
  16   0  49   0   0   9  22   0   0  19  21   0   0   0   0   0   0   0   0   0   0   4  10   0   0  28  43   0   0   0  13  42   3   3  37   0   0   2   0   0   0  14  30   0  35   0  27  40   7  32  33  42   7  21   0  22   0  10   4   0  43   0   9   0   0   0  50  15  11   0   0   0  11  10   0  33   0   0   0  37  36  34   0   0   0  39  32  27   0
   0   0  10  31   0  37   0   9   0  31   0   0   7   0  48   0   0  41  48   0   0  16   0   0   0  45   0   0  45   0  49  23   3  28   0   0   0   0   0   0   0   0  18   0  33  44  24  14  28   0   0   0  18  45  22  43   0   0  47   9   0  16  25   0   6   0   0  35  24   0   0   2   5   0   0   0   0  13  19   3   0   7   0   0   0  23   0   6
  49  23   0   0   0   0  26   0   9   0   0  19  11   0  25  21   0   0   4   0   0   2   0  18   5   0   0   9  26   0   0   0   0   0   0   2   0  49  18   0  33  42  40   0  38  22   0  43  16  21  24  18  40  48   0   0   0  30   0  37  40   0  12  11   0  49  26   0  15  45  41  18  14  37   0   0  14  26  50   8   0  15   0  20  13   9   0
   0   0   1   0  36  38   0   0   0  32   0  10  26   0  45   0   9  11   0  43  11   0  27   9   0   0   0   0  49  18   0  49  17   0   0  23   0  13  32   0  21  12  35   0   1   0  38  43  36  42  47   0   0   0   0   0   0  44  20  17   0  25   0  11   0   0   7  49  22  11  41  12   0  47   0   0   0  29   0   0   0   0  25  24   0  25
  16  38  30  33   0   0   0  35  25   0  36  16  22   0  43   0   2   0  17  20   0  31  22   0   5  41   0   4  23   2   9  48   0   0   0  34  46   8  46  19   0  15   0  49   0   0  47  13   0   0   0   0  38   0   0  40  43   0   0  11  35   0   0  34  24   0  14   7   0  25   8   0   0   0  17   0   4   0   0   0   0   0   0  25  32
  47   5   6  14   0   0   0   0   0   0   0   0  37   0   0  33   0   0   2  36  41   3   0  20   0  46  19   0   0  25   0  22   4   0   0  28   0  17   0  21  14   0  45  28  15   0   0   0   0  49  35   9   0  44   0   0   0   0   0   0  15  10   0  44   0   0   0   0  14   0   0   0  28   9   0  49   0   0  33   0  23   0   0  49
  17   0  26  49   0   0   0   0  41   0   5   0  29   0   0   1  27   0   0   0   0   0  32   0  25  20   8   1  34   0   0  12   0  13   0   0  27  48   0   0   0   0  27   0   0  42  25   0   3   0   0   0   0   0   0  35  49   0   0   0  44   0   5   0   0   0  21   0  22   0  35   0   0  49  39  21  41   0   4   0  18   0  10
  12  47  15   0  50   0   0  38   8  49  28   0   0   0   0   0   0   0  14   4  41  43   3  47   0   0  10   0   0   0  13   0   0   0   0   0  45  33  17  37  13   0   0  28  11  26   0   0   0   0   0   0   0   0   0  15   0   0   0   0   0  13   0   0   0   0   0  11   0   0   0   6   0   0   0  40   0  41  17   0   0  36
  34   0   0   0   0   0  35   0   0   0  28   0   7  44   0  29  31   0  39   0  11  38  44  13   0   0   0  26   0   0  28   0   0   0  16   0   0  30   0   0   0   0  15  15   7  12  13   0   4   0   0   0   0   7  49  26   0   0  23  36   0   0  48  50  46  36   0   0   0   0  44   0   0  13   0   0   0   0   0  43   0
   0  28  11   9  44   0   0  20  35   0   0   0  27   0   0   8  14   0  21  41   0  12  27   0  40   0  48  50  25  46  10   0   0   0  34   8   2   0   0   0   0  34   0   0   0  13  35  45   0  27  43   0   0   0   0  16   9  46   0   2  21  41  29  43   0  16   0   0   2  14   0  23   0   0   0  18   0   0  34   0
  44  33   8   0   0   0   0   0   0   0   0   0  40  44   8   0   0   0   0   0   0   0  21  15  35  41   4   0   0   0  46   3  25  25   9   0  16  42   0  40   0  21   5  21   0   0  50   0   0   6   1   0  42  17  29  13   0  43   0  24  43   0  21   0  46   0   0  24  26   0   0   0   0  21  19   0  45   0  24
  32   0   0   0   0   0   8  40  38  11   0   0  39   0  43   6  43   0  24   0  49  47   0  15  24   0  29  50   0   0   0  48  36   0  32   0   0   0   0  30   0   0   0  27   0   0   4   6  32  49   0   7  37  33  43  31  36   0  17  38  14  12  44   0   0  14  24   0   0   0  42  31   8   0   0   0  19   0
   0  41  40  23  26   0   0  12   0   2  25   2   0  38  15   0   0   0  20   6   0   0   0  37   0   0  42  23  50   0   0   0   3   0   0   0  31   0  30   0   0   0   0  18  30   0   0   0   0   0   0   5   0  45  18  41   4  41   0   0  33  39   5   0   0   0  49   0  49   0   0   4   0   0  38   0  34
  21  24   0   0   0  16   0   0  11   4   0  34   0   0   0  48  35   0  48  14   0   0   0   5   0   0  44   0  17  43  34   2  24  22  41  29   0   0   0  19   0   0  18  17   0   9  16  29   1   8   0   0   0  10   0  34   4   0  47  29   3   0   2   0  26   0   0   7  49   0   0  39   7   0   0   4
   0  49   0  15  31  43   0  47  10  32  16   0   0   0  22   0   4   0   0   0   0   0   6   0  12   0   0  21  17   0   0   0   0   0  17  47  26  33   0  15  11   0  48  50   0   0   0  10  32   0   0   0   0  16   0  45  36  48   0  33   0   0   0   0   0   0   2  42   0  47  27   0   0  29   0
   0   0   0   0   0  20   0  42   0  38  12   0   0  39   0   4   0   9   0   6   0   0  29  41  36  44   0   0   0   0   0   0  32   0   0  26   0   0   0   0   0   0   4   8  47   0  35   0   0  14   0   0  41  38   0   0  50  44   0   0   0   0   0  18  31  22  15  35   0  38   0  27   0   0
   0  47  16   0  43  33   0  45   0   0   0  48   0   0   0  30   0   0   0   0  18   0   9   6   0   0   3  35  14   0  11  34  35   0  24   8  23   0  44  24  28  22  39   3   4  12  25   0   0   0  25   0   4   0   0  42   1   0  29  50   0   0  15   0   0  26  32  24   0   0  45   6   0
   0  12   0   0   0  39  31   0   0  44   0  36   0   0  32  46   3  39   0   1   0  50   0   0   0   0  13  40  41   2   0   0   0  20   0   0   0  18  35  46   0  34  45  36   0  15  40   0  19  21   0   0  29  33   9   0  42  11  31  37   0  41   0   0   0   0   0   7  39  39   9  42
   0  24  25  30   8   0   0   0  30  50  48   6  35  14   0  39   0   0   0  23  22   0  42  27   8   0   0   9  17  18   0  41   0   0  27   0   0   0  16  32   0  42   0  38  15   0   0   0   7  45   0   0   0   0   0  25   0   0  18  38   0  43  12   0   0   0  12  38   0   0  37
  29  44  31  48   0   0   1  25   7   0  50   5   0   0   9  13   0  25   0   0   0  41   0   0  41   0   0   0  29   0   0   0   0  12  15   7  13   0   0  43   7   0  36   0   0  36  18   0   0  34  32   2   0  39   0   0   0   0  22   0   0   0  46   0  20   3  25  50   3   0
   0  38   0   0  20   0   0   0   3   0  41   0   3   0   0  32   0   0  41   0   0  14  40   0   0  22  22  46   3  13   0   0   2   0   5  14   0  35   0   0   0  45   0   0   0  30  25   0   0  19   0   0  21  31  37  16  17   5   3   0   0   0   3   1   8   0   4   0   0
  31  48   0  15   0  43   0   0  14   0   0  29   0   0  48   5  13  44   0  18  39   0  11  42   0  44   9   0  33  37  18   0   0   0  40   9  37  24  38   0   0   0  25   6   0  26   0   0  19  20   0  19   0  15  13  39   0   3  14  43  38   0   0   1   2  23   0   0
   0   0   0  16  17  35   0   0  34  36   0   0   0   0   0   0   0  48   2   0   0   0   0  26   0   0   0   0   4   0  15  19  25  36   0   0   9   5  42   0   0   3  18   0   4   0  36   0   0   0   0  10  22  48   0  36   0   0   6  41  30   0   0  23  31   0   0
  35   0   1  21  14   0   0  18  29   0  49  10   0  13  35   0   0   0   0   0  47   0  47   0  44   0   0   0   0  31  23  35   0   0  44   0  18  21   0  20   8   0   0   0   3   0   0  16  38   0   0   0  22   0   0  44   0  28  32  11  48   0  20  29   0  48
   0  14  12   0  27   0  12  34  15  18  11  28   0   0  32   2  33  24   0   0   0  30  45   0   0   0   8   0   7  48   0  44   0   0   0   0   2  25  11   0  17  34  36  23  27  30  23  27  28  43   0  36   0  20  38  11  47  39   0   0  42  23   0   0   0
  46   0  22   0   0   5   0  15   0  40   0   0   0   0  28  41  22   2  27   0   0   0   0   3  43   0  14  18   0   7   0  22  40  12   4   0   0   0   8  22   0  37  45  16   0  16   3  21   0   0   0   0  37   0   0  23   0   0   0  39  28   0  47  42
   2  22   0  47   0  12  48   0   2   2   0   0  50   0   2  39   4  10  41   0   0   8  34   0  25   0   0  45  26   0  10   1   0   4  18  16  11  36   0   0   0  25   0   0  29   0  37  27  45   0   0   0  38   0   0  49  21  28   0   0   0  24  50
   0   0  29  33   0  47   0   0  10   0   0   0   0   0   0  11   3   0  36   0   0   0  21   0  35   0   0  35   0  43   0   0   0  36  13  35  11  41   0   0  18   0  11   0   0   0   1   0   0   0   0   0  25  30   0   0   4   0  31   0   0  28
   5  31   0  25  41   0   9  14  11   0   0  26  15  21   0   0  18   0  28   8   0  15   6   0   0   0   0  18   0   0  11   0   0  50  17   0   0  43   0   5   0   0  40   0  30   3  19   0   3   0  12  23   4  10   0   0  39   7   0   0   2
   0   0   0   4  29   8   0   0   0  26  34  25   0  47  26  17  37   0   3  27   0  29  33  39  36   0   0  38   2   7   0   0  32  39   5   0  16   0   0   0  34  16   0   0   0  46   0   0   0  44   0  46  50  22  18  31   0  34  48  34
   0  14  42  24   0  30  31  20   0   0   0   0  41   0  50   0   0   0   2   0  29   0  24  27   0  42   0   0  28   0   0   7  13   6  21   0   0  10  13  15  32   0  34   0  47   0  38   0   0   0   0   0  17   8  10  43  26   7   0
  15   0  16  12   0   0   0   0   0  14   0  50   0   0   0  27   0   0  46   0   0   0   0  49   0   0   0  19   0  14   0   0   0   0   0   0  18   5  22  14   0   5  33  28   0  12   0   0   0   0  42  16   0   0   7  34  14  40
   0  34   0   0  35  18   4   0  32   0   0   0  23  25  33  43   8   0  40   0   0  35  10   0  19   0   0  43   0   9  32   0  49   0   0   6  16   0   0   0  35   0  17   0   0   0   0   0  15  10   0  23   0   0   0   9   8
  44   0  11  37  44   0  45   0   0  36   0   0   0   0   4  34   0  11  44  42   0   0   0   0  31  19  41  15   0   0  38  18  50   0  25  47   3  27   0   5   0  43   0  20  11   0  10  29  47  42   0  18   0  17   0  38
   0   0   0   0  10   0   0   0   0   0  20   7   0  50   0  30  19   0  49   0   0   0   6  30  34   0  30  39  12  49  20  15   0  29   0   0   0   0  36  46  18  17  31   0  23  20   0   0   0  27   0   8  49   0   0
  15   7   6  27   0   1   0   0   0  49  31   0   0  10   0  11  47   0   6  19   0  37   0  48   0   7  30   0   0  33   0   0  49  39   0   0  44   0  48  31   1  42   0   0   0  11   0   0  34   0  32   0  10   0
   0  26  35   0   0  31  28   0   0   0   0   0  32   0   0  26   0   6   0  46   0  22   0   0  13   0  25   0   9  39   0   0  42   0   0  18   5   0   0  21  10  45  26  15   0  40   0  32   0  36   8  11  36
   0  27   0  32   0   0   0  45   0  26  35   0  12   9   0   0   0  11  37   0   0  18   0  14   0   0   0   5   7   1   0  20  10   9   0  18  22  40   0  27  46   0  34  24  30   8   0   0   0  25   4   0
   0   6   0  10  32  31   0   0   0  13  20   0  26   0  19  21   7   5  50  45   0  43   0  34  31   0   1   0   0  36   0   0   0   0  30   0  41   3  22   0   0  31   0   0   4  32  36  24  23  36  32
  26   0   0   0  16   0   3  20   7   0   0   7   0   0   0  21   0  29   0  32  36   4   0   0   0   9  47  22  15   0   5   0   0   0  38   4   0   0  19  35   5   1  21   3   0   0  29   1   0   6
  46   0   0  36  36   0   0   0   0   0   0   0  44   0   0  20   0  48   0  19  41   0   0   0  30   0  18  34  48  20   0   0   0   1  32   0   0  24   4   5  37   0   0  15   0  40   0   6  29
  27   0  41  23  13  12  47   0   0  33  37   1   0  10   0   0  47  16   7   9  37   0  13  26   0   0   0   0   0  34  49   0   0   0  46   7  17  37  29   0  15   0   0   6   0   0   0  19
   0   0   0   0   2  25   0   0   0   0   0  44   0   0  24  15   5  18  18   0  26   0  25   0  38  46  29   0   0   0  45  26  23  36  23   0   0   0   0   0  17   0  11  50  38  20  15
  14   0  46   7  24  21   2  28   9  33   0   5   0   0  39   0   3   0  45   0   0   0   0  34  20   0  42  18   3   0  46  21  25   0  11  31   0   0  47   0   0   0  14   0  26  50
  39   0  39  28  25   0  23   4  11  16  27   0   0  17  46   0  39   0   0   0  14   0  39   0  22  13   0  11  47  46  24  46   0   0   3  39  39   6   0  47   4   8  47   0  10
  44   5   0   0   0  11  22  20   5   0   2   0  26  10  47   0  11   1   0   0   0  50   0  48  27   3  49   0   0  34   0  31   0   0   0   0  19  26   0   0   0  43  19  24
  42   0  37   0  20   7  11   0   0   0  19  48  41   4   0  17   0   0   0   0   3   0   0  27  14   0  31   0   0  19  13  11   0   0  17   0   0   0   0   0  26  10   0
  24   0  47  37   0  46  38   0  25   0  28   0   0   0   7   0   1  42   4  24  23   0   0   0  16  13  49   0   0  31   4  35   0  40  46  33  15  49   0   0  20  37
  23  40  32  21  46  50   0  39   0  33   0  23   0  12   0  12   5  39  31  19  18   0  21   0   0   0  16   0   0   2   0  27  10   0   0   6  35  32   3   3   0
   0  36  13   0  46  38   0   0   3  19   0   0   8   0   0  14   9  16   0   0  20   0   8   0   0   0   0   0   0  23   0  42  46   6   4   0   0   0  47   0
  50   8  29  10   0   0   0   0  14   0   0   0  25   0   0   0   0   0   0   0  50  46  45   7   0  41  19   0  17   0   0   0  27   0   0   0   3  10   0
  19   0   0   0  17  30   0  29   0   5   0   0  38   5  25   0   3   0   0  25   4  48  36   0   0  32   0   0   0  15  16  35  45   0   0   0   0  28
   0  33   0   0   0  26   0   0   9  50  34   0  17  16   0  16   0  11   0   9   0   0   0   0  19   0  41   0   0   0   0   0  36  50   0  10   0
  37   0   0  33   0   0   0  10  47   0  21  25   0   0   0  33  38  22  17   0   0   0   0  43  34   0  36  18   0   8  36   0   0   0   0  35
  23  34   0   0  32   0   9   0   0   4  49   0  22   0   0  38   0  46   0  21   0  32  30   0   0   0   7   0  30   9   0  20   0   0   0
  27  29   0  26  36  47  19   0  50   0  31   0   7   0   0  21   0   0  41   0   0  15   0  10   0  36   0   0  39   0  46   0   0  35
   0  11  39   1  42   0   5   0   0  13  29   0   0   9  16   0   0  42  46  30   0  31   6   2   0   0  33   5   0   0   0   0  26
   0   9  27   0  33   0  11  49  19   0  37   0  29   2   0  12   0   0  38   0  48   0   0   0   8   0   0  10   0  32  24   9
   0  31  36  27  28   0  13  25   3   0  40   0   0   0   0  26   0  20  21   9  42  50   0   0   0  19   0   0  27   0  27
  37   0   0  17  50   0   0   0   0   0   0  21  44   0  46   0   8   0  34   0   6  48   0   3   0  28   0  44  31   0
  30   0   2   6   0  11   5  49   7   0   9   0  35  20  37  18   0   0  41   0  17  10  25  29  48  21   0   0  43
   6  38   3   0   0   0   0   1  36   0   0   0   0  46   0  14  45  49  28   0   0  35   0   0   5   0   0  44
   0   0  14  11   0  23   0   0   3   0   3   0   0   0   0   0  35  43   0   0   0   9  49  10  32  36  22
  26  18   0   0   0   0   0  40  11   0   0   0   0  30   0  50   2  29   0   0   0   0   0  26   0   0
  11   0   0  43   0  27   7  29   0   0   0   0  23   0  36   0   0  14  47   0   1  32   5   0  47
   7   0   0  13   0  26  43   0   0  40   8   0  11   0   0   0   0   0   0  20   3   0   0   0
  30   8  39   0   7   8  36  26   0   0   0  28  39   0  30  20   0   0  30  22  50  20   0
   0  27   0   0   0  33   0   7  46  24   0   0   0   8   7  19   0   0  32   0   0   0
   0   0   0   0  45  49   0   0  38   0  37   7   2  49  39  17   0  44  12  18   0
   2   9   0  44   0  46   0  41   0   0  11  11   9   0   0   9  42   2   2   0
   0  41   0  13  24  11  30  45  31   0  13   0   0  41  24   0   0   0  21
   0   0   0  33   0   8  30  18   9   0   0  18  16   0  37   0  20   0
   0   5  44   0   0  21  41   0   0  13  12   0   0   0   0   8  24
  27   0   0   0  17  38   3  13   0  34  12  18   0   0   0   0
   0   0   0  28  22  16   3   0   0   0   0   3   0   0  22
   0  11   0  44   8   0   0  35  28   0   0  33   1   0
   0   6  38   0   0   0  18  27  38  45  17  35   0
  27   0   0  18   0  37   0  46  39   9  15   0
  33   0  45  49   0   0   0   0   0  28   0
   0   0   0   0   0   0   0   0   0  50
   0   5   0   0   8   0   0   0   0
   0   0   0  33  14   0  24  42
  26   0  43  36  45   0   0
   0   1  16   0   0  15
  14   1  45   0  34
   0   0   0  46
  31  28   0
   0  36
   0

 423
   9  20   1   7   9  10  20  10  14  23   8  11  19   2  12  20   5   3  18  20   8   1   1  18   9  19  14  11   2   9  13  22   4  24  14  23   4  16   4  23   5   4  12  22   7   3  15  12  19   4   8   6   5  16  19  11  12  14  17  17  22   2  17  20   4  10  19  14  23  12  11  17  13   5   3  17  19  23  21   1  14  25  12   6  11   9  10  25  23  25  16  24  21  12   6   3  11  20  11   7
