 100 
  42  17   0  17  42  19  38  39  14   0  34  29   0   0  19   0   0   0   0   0   0   4   0  14  26   0  13  33   0   0   0  44   0  33   0   0   0   0   9   0   0   0   0  46   0  38   0   0   0   0   0   0   0  26  11   0  47   0  10   0  10  37   0  31  19  29  49   0  22   0   0   0   0  16   0  22  36   0  40   0  15  39   0  25  29  17  32  25   0   0  23   0  27  29   0  21  41  19  10  44
  46   0  11  27  46   0   0   5  12   0  18   0   0   0  25   3  39  31   2   0  47   0   8   2  23  12   0  46  37  13   0  14  20  14   0   0   2   0  28  18   0   0  40   0   0   0   0   0   0   0   1  25   0   0   0   9   0  45   0  32  32  19   0   0  24   0  49  17   0   0  12   0   3   0   0   0   0   0   0   0   0  41   0   0   0   0   0   0   0   0  28  37   0  35   0   0  41  49   0
  43  13   0  26  46  23   0  41  26  32   0   0   0   0   0   0   0  13  15   0  33  25   0  20  32   0   5   0  40   0  37   0   0  42   2   0   0   0   5  38  14  23  32  12   2  50   0   0   0   0  33  20  35   0   0  17   5  34  43  33   0   0   0  41   0   0   0  21   0  48  29   1   0  14   0   0   0   0   1   0   0  12  25   0   0   0  38  16   0   0   8   0   0   0  49   0  32   0
  38  34   0   0  28  38   0  50   0   0   5   0  48   0   0   5  13   0   0   0   0   0   0   0  43   0   0  15   0   0   0  46   0  14  40   5  37  44   0   0   0  12   0   0  22  16   0  34   0  19  33   0   0  37   0   0   3  20   0   0  40  35  16   0   8   0   0   0  31   0   0  38  13  13  12   0   0   0   0   0   0  43   0  36  37   0  21   4   5  40   0   0   0   0   0  19   0
  16   0   0  22  44   0  47  32  22  35   0   0  49   0   0   0   0   0  21   6   9   0   8  18   0   0   0   0   0   0   0  36   0  35   0   0  24   0   2  10  25  32   9   0  43   5   0  44  21  27   0  37   0   0   0   0  36   0  43  23   0  23  50  26   0  16   0   6   0   0  14  30   0  46   0  12  28   0  32  14   0  48   9   0  34   0  16   0  14   0  26  50   0   0  12  11
  31   0  25   0   0   2  21   9   0  35   0   0  45  38  11   0   0   0   0   0   0  24  14  21   0   7   0  33   0  29   0   0   0   0   0  42  44   0  24   0   0   0   0  23   0  43   0   0   0  15   0  39   0   0  40   0   0   8  22   0  16  15   0   0   0   0   0  22   0   0  10   0   0   0   0   0   0   0   3  48   0   0  30   0   0   0  27   0  49   0  38   0   0   0   0
   0  22   0  17   0   0   0   0  49   4   0  20  31  40   0  21  23   0  41   0   0   0   0  29   0   0   0   0  13  34   0   0  20  22  21   0   0   0   0  21   6   0   0   0   0   0  40  50  11  36  17  32  19   0  12   0  49  21  31  23  48  38  28  17   0  29   0  27   0  13   0   0  31  11   0  16  35  34   0  40  22  43  26  32   0  25  44  41   0  50  10  30   0   0
   0  24  42  44  43   0  21   0   1  33   0   0  31  24   0   0  14  45  12   0  29   0   0  10  15   0   8  29   0   0   0  34   9   0   0   0   0   0   0   0  14   0  16   0   0   0  48   9   0  38   7   0   0   0  44   0  12  12   0   5   3  36   0   0   0  13  36   0  44  12   0  46   0  45  48   0  33  28   0  36  37  31   9  21   0   4   0   0   0   0   0   0  42
   0   0   0  12   0   3  40  18   0   0  48  32  38   0  39  46   0   0   5  47   0  15   0  41  10  10  36  19   6   0  37  44  18  45   0   0  16  22   0  17  45  10  50  35   0   7   0   0  44   0  24   0   0  29  10  23   0   0   0  44   0  48   0   0  21  39   0   7   0  11   0  22  20  29  23   0   0   0   0  33   0  32  13  30  27   0   0  17   0   6   0   0
   0   0  22   8   0  11  50  18   0   0  45   8  36   0  10   0   1  18   0  49  35  28  19  27  16   6   0   0   0   0  50   0  33   0  23  33  45   0   0   0   0  49  47   3  43   0  11   0   0  32  38  20  42  37   0   0   0   0   2   0  15  14   0   0  41   0  37  31  24  26  27   9   0   4  38  44   0  48  15   0   0   0  26   0  50   0   2  45  40  18   0
  24  30   0  20  21   0   0  17   0   0   0  45   0   0   0  41   4   0   0   0  23  46   3  12  18  50  18   0   0   0  23   0   0   0  45  11   0  32   0   0  16   0   0   0   0  23   0  39   0   0  27   0   0   0  21   0   0   0   5  35  27   0   1   0   0   0   0   0   0   0   0   4   0   0   0   0  38   0  24   0   0   0  35   0   0  25   0  39   0   0
  10   0   0   2  16  20   0   0  18   0   0   5   0   0  21   0  20   0  12   0   0  42   0  28  48  22   0   0   0   4  12   0  14  33  30  23  44   0   4  21  18   0   0   0   0  17   0  45  37   0  27  33  35   1  35   0   0  36   0  25  15   0   0   0   0  48   0  49   1   0  42  39  32   3  17   0  22   0  25   2   0  31  31   0  25   3   0   0  50
   0   2   0  37  19   9   0   0   9   0   0   0  49   0   0  49   0   6   0  19  38  24   0  39   0  30   0  47   0  50   0   0   0   0   0   0   0  11  16   0  26   0   0   0  24  48  38  15   0  23   0  49   0  27   0   0  39   0   0   2   0  36  50  22   9   0  18   5   0   0   0   5   0   0  32  34   7   0  45   0   0   0   0   0   0   2   1  40
   0   0  42   0  46   0  47  35  20  30  46   2   0  19  39  26   0  27  38  28   6   0   0  15   0  28  26   0  28  42   0   0  43   6   0   7   0   0  13   0  14   0   0   0  41  31   0  26   0  30   0   0   0   3  40   0  41  42   0  36  47  21   0   0   0  39  39  14   0  24   5  42   2  39   6  48  34  46   0   0   0   0  43   0   2   0   1
  22  15  14  49   8  26   0  50  11   0   0   0   0   0  40   0   0  22   0  27  14   0  39  18  49   0   3   0   7   0   3   0   0   0   0  16  37   0   0   3   0   1   0  43   0  19   0   0   2  39  37   3   0  43  30   0   0   0   0   5  21  39   0   0  39  24   0  25   0  50   0   5   9   0   0   0  38  11  38  30  39  47  40  18  34   0
   1   1  16   0  26   2   2  49   0  13   0   2   7   0  49   0   0   0   0   0   4  40  48   0   0   0   5   0   0  23   0  34   0  29  31   4   0   0   0   0  11   0   0   0  45  41   0  46   0   0  29  30  16   8   0  19   4  34  31   0   0   9   0  14   6   0   0   0   0   0   0   0  50  41   0   0   0   0   0  25   0   0   0  47  33
   0   0  12  33   0  14  32   0   0  49   0   0  10   0   0  49  10   0   0   0   0   0  11   0  16  32   0  22   0   0   0   0  32  32  28   0  33  49  19   0  22  13   0   0  39   0  16  35  43  37   0  30  45   0  21  44   0   0   0  15   0   0   0  13   0   0  40   8   0  10  40   0  36   0  40   0   0   0   0   0  47  31   8   0
  18   0  42   0   0  29   0  35   0   0   0   0   0   0  20   0   0  39   0  43   2   4   0  17  19  12   0  33   8  25   0  23  28   0   0   4  15   0   0   0   0   0   0   0   0   6  23  18   0  42   0  14  41  11   0  22   9   0   1  20   0  47  13   0  12  11   0  27   0   0  35   0  47   0   0  45  29   0   0   0  35  27  34
   0  46   6   4   0   0  11   0   0   0   6  24   8  46   0  12   0  17   0   8  47   0  20   9   0   0  38  31  10   0   2  28   0   0  26  24   0  43   0   0   0   0  45   0   0   0  36  23   0   0   3  33   0   0   0  22   0   0   0  11   0   0   0  50   0   0  30   0   2   0   0   0  15   0   0   6   0   0   0  12  27  16
   0   0  46  14  28   0  26   6   0  18   0   3   0  35   0   0   0  16   0  20  28   0   0   0   0  19   0   0   0  41   0  38   0  47   0   0   0  14  16   0   0   7   0   0   0   0  36   2   0   0   6   0   0  14   0   0  28   0  33   0  28   7  45   0   0   0   1   0  34  24   0   0   0  15   0   0  44   0   0   0  46
  16   8   1   0   0  14   4  15   0   0   0   1   0  41   3  20   0  27  25   0  25   0   0  19   0  43   0   0  16   0  44  32   0  36   0  11   0   0  50   0   0   0   0   0  10   0   0   0  48   0   0   0   5  49  14  19   4  34  27   0  42   0   0   0  11  45  18   0   0  14   0   5  15  10   0   0  37   0   0   0
  22  14   0  36   0  17  13   0  27   8  11  32   0  14  34   0  17  39   0   0   0  47  26  48   0   0   0   0   0   0  36  11  21   0   0   0   0   0  33  29   0   0  16   0  14  25   0   0   0  23   0   0  28   0   0  32   0  47   0  49   0   0  21   0   0  17   0   0   0  29   0   0   4   0  28  35  48   0   0
  46  45  16  25   0   0   0   0  26   0   0   0   0  18   0  45  11   0  21   0   0  18  15   0  12  50   0   0  20   0   0  40  15  48   0  13   0   0  11  22   4  11   0  40  15  42  49  47   0  25  48   0  12  42  38   0  37   0  49   0   0   0   0  47  48   0   0  31  44   0   0   0  12  39   0   0   0   0
   0  31  28  14   2  20   0   0   0   0  39  28   0  42   7   0   0   0   0   9   0   0  18   0   0   0   0   0  13  18  19  28   0  49  16   0   0   1   0   0  42   7  31  21  23   0  49   0  27   0  19   0   7   0  13   0  30  42   0  40  17   0   5   0   0  31   0  49   5  13   0   0   0   0  40   0   0
   0  45   0   0   0  24  29   0  14   0   0   0   0  30  34   7   7  40  21  15   0   0   0   6   0   0  33   0   0   0  11  21   0   0  38  26  17  43   0   0  20   0   0   0  29  12   0   6   0  35   0  22   0   0   0   0   0   0   0  49   0   4  43   0  19   0   0  14  24  16   0  29  43   0   0   0
   0   0   0  15   0  13  32   0  47   0  50   0   0  28  16   0   5   0  22  31   0  25  12  38   0   0   0   0   7  41   0  44  13   0  39   0   0  33   0  23  44  33  20  42   0   0  46  30   0   0  27   0  27   6  48   0   0  25  29   0   0  22  39   0   0  42  21  35   6   0  47   0  23   0   0
  47   0   0   0   4  19   0  35   0  36  44   0   8  26  18   0  24  49   0  25  45  35  18  36   0   0  35   0   0  31   0  23   0  34   0  40   0  46   3   0  10   0   0  24   0   0   0   0   0  41   0  41   0   0  29  39   5   0   0   0  19   0  28   0   0   0  24  26   0   0   6   0   0   0
   0   0  19  33   0  35   0   0  37   0  14   0   0   0   0   0  17   0   0  17  29  12   0   0   0  31   0  17  15   7   0  42  30   0   0   0   0   0   0   0   0   0   0   0  22   0   5   0  24   0   0  34  24  40   1  48   0  31   0   0  49   0   0  34  45   0   0  10   0   0   0   0   0
   0  17  44  26   0  12   0   6   0   0   0  21  31  38   0  42   0   8   0  45   5   0  30   0   0   0   0  22   0  49   3  33  48  24   0   0   0   0  47   0  18   0  29   1  47  19   0  22   4   0   0  22   0  19  33   0   0  39  33   2   0  43   0  44   5  30   0  42   0   0  37  32
   0   0  25  14  42  45   0  44   0  32  32  48   2  38  32  48   0  17  35  36   0  10  27   8   0  17   0   0  31   8   0   0   0   5  34   4   8   0   0   0   0  46   0   0   2  28   0  15  15   0  36   0   0  35   0   0  48   0   0  33   9  43   0  24  19   7   3   0  46  40   0
   0  16  44   1   0  27   0   0   0   1  23   0   0  38   0  18   0   0  36  47   0  35  50   0   0   0   0   0   0   0  38  12   0   0  48   0  25  35   0  45   0  47   9   0  34   0  17  40  40   8   0   0   4  36  27  17   0   0   0   0  50  21  48   0  37   0  43   5  32   0
   0  30   0   9   4  26   2   0   9   0  21   0   0   7  21   0   1  44  34  35   0   0   0  42   0   0   0  36  34   0  40   0  15   0   0   0  46  20   2   0  38   5  48  36  50   0   0  34   0   0  22   0   0   0  41   0  22  40  16  42   0  50  42   0   0  40   0  28   0
   5   0   0  20   0   0   0  42   0  44  16   0  11   0   0   0  37  15  49  42   0   0  16   7   0   0  17  28   0  46  17   0   0   5   0  43   0  10   0   6  20  15  18   0   0   0   0   0  39   0   0   0   0  19   0   0   0   0  13  31   0  14   0  23  21   0  45  37
  22  30  49  22   0   0   0  42   0   0  44   0   0  18  41  32   0  23   0  26  27   7   0  20   8   0   0   0   0  38   0   0   0  26  29   0   0   0   0   4  36   0   5   0   0   3   0   0   0  41   0   0   0   0   5  40  25   0   3  48   0   0   0  35  43  32   2
  40   0   0  50  41  39  31   0  24   0   0  39  38  43   0  40   0  19  25   0  27   0   0  11   0  44  31  19  13  50  39  13   0  16  39   0   0   4   0   0   0  11   0   0   0  23   0   0   0   4  34  48  39   0   0   2   1  32   0   0  28   8  25  40   0   0
   8   0  45   1  15   0   0  42  43  28   0  42   0   0   0  12   0   0   0  28   0   0   0  20   0  12   0   2  23  40   0  36  32   0  12   4   0   0   0  41  34   4   0  38   0   0  28  49   0   0   8   0   0   0   0  31  13  47  41  17   0   0   0   0   0
   3   7   0   0  35   3   0   0   0  28   0   0  28  40   0  11   0  33   0   0  47   4   0   0   0  23  17   0   2   0   0   0  44   0   0  10  44  37  35  14  40   0   0   0   0   0   0   0   0  44   0   0   0   0   0   0   0  15   0   0   0   0  14  28
  26  49  23   0  24   0   0  18   3  14   0   0   0   0  17  40   0   5   0   0   0   0  18   0  50  12   0  38   7   0   0  47  39   3   7   5   0  17  50   0   0  20  12  48  34  15  45   0  14  17   0   1   3  24  17  46  13  13  48   0  50  21  11
   0   5  34   0   0  34  15  11   0   0  19   2   0  16   0  24  22  31   9   0   0   0  44   0   4   0  19   0  46   0  21   0  33  22   0   0   0  10  20   0   0   0   0   0  45  40   0   0   0  50  46   0  26  44   0   2   0  16  11   0  35  50
   6   6   0  33   0   5   1   0   0  26  44  25  47   0   3   0  22  34   0  35   0  44   0   0   0   0   0   0  48   0  18  10  49   0  29   0  47  11   0  17  31   0   0  46   0   0  19   0   0  18   4  32   0   0   0  22  35  27  23   0   7
   0   2   0  44   0   0  43  40   0   0   0   9   0  27  46   0   0   0   0  18   8   0  44   6   0   0   0   0  36  30   0  39   0  11  38   0  15   0  29  43   0   0  25   0   0   0   0  20   6   0  32   0  40   0   0   0  50  46   0   0
   3  39  35   0  30   0  13   0   0  44   0  40   0   0   0   0  43  29  26  35   1   1   0   0   0  46  25   0   0  15   8  37   0  36   0  38   0  35   1   4   0  31   0   0  18   9   0   0   0  49   8  13   0   0   0   0  45  15   2
   0   0   0   0   0  18  45   0  18  24   0   0   0   0   0   0   0  36   2   8  27  34   0   0   0  30   0  33  50  17  30  44  26  31  15   0   0   0  38   8  12   1  27  44  28   0   8   0  45  11  14  30   0   0  40  14   0   0
   0  15  34   0  47   0   0   9  29  24   6  15  42  47   2   0   0   0   4   0   0  29   0   0   0  47  23   0  11   0   2   0  48   0  14  29   0  39  30  40   0  11  39  39   2   0   0   0   0   0   0  47  47  20  30   0   2
  10   0   0   0   0   0  14  22   0   0   0   0  47   0   0  19  16  47   0   0  10   0  49   0   0   0   0   0   0  25  11  44   0  24  23  45  10  13   6   7   0   0   0   0   0   2  22  20   0  50  40   0  35   0  50  29
  33   0   0   0   3   0   0  15  19   0   2   8  13  21  19  19   0  15   0   0   0  48   0   0   0   0   7   0  21   0  12   0   0  15   3   0   0   0   4  33  29   0  41  41  16  25   0   0   0  24  39  21   1  37   0
   0   0  20  44  42   2   0  10   0   0  16   0   0   9   0  28  44   0  30   0   3   0   0   6  47   0  36  16   0   0   0  50   0  42   0   0   0  50  42   0  15   0   0   0  22   6   4  40  18  31   0  22   0  15
   0  32   0   7   0   0   0   0   0  38   2  15   0   0  49   9  33  22   0   0   0  16   0  14  43  46   0   0   0   0   0   0   0   0   1  23  27   0  15   0   0   9   0   0  24  21  24   0   0   3   0   0   1
   4  17   0   0  32   0   0  15  35  42   0  17   0   0  11  36   0  23   0   0   0   0  19  45  36  45   0   0   0  35   0   0  49   0  39  15   0   0  33   0  10   0  25   0   0   0  11  43   0   0   0   8
  12   0   0  38  22   5   0   0   0   0  45  31   1   9   0   0   0  11   0   0   0   0   0   0   6   0   1  32   0  45   0   0   0  39   0  36  44   0   0   0  42  45   0   1   0  43   0   0   2  44   0
  20  17   0   0   0   0  37   0   0   0   0   5  13  27   7   0  45   0   0   0   0  17   0  47   0   3   0  30   0   0   0  18   0   0   0   0   0   0   0   0  41   0   0  31   0  18   0  13   0   0
   0   0  25   3   0   5   0  18   7   5   0  11   0   0   0  42   0   0  32   0   0  31  26   0  46  42   0   0  26   0   0   0   0   0  41   0   0   0   0  47   0  33  33  10   0  45   0   0   2
  48  25   2  19   0   0  19  34   0   0  32  45  30   0  34  43   0  30   0   0  44  26  11  37  30   0   0  35   0  20  25  15   0   0  31   0   0   0   0  21  36  24   9  22   0  22   0  32
   5  27   0  43  40   0  18  17  41  49   0  12   0  49   0   0   0   9   5   0  20   0  29  27  10  19   0  41   2   0   0   0   4   0  50   0   0   0  22  37   0   0   0  20   0   0  50
   0   0   0   0   0  32   0  18   0  50   0  25   1  27  32  50  43   0  21   0   0   0  28   0   0   0  14  40   0   0   0  43   2  35   3   0  26   0  44  15  29  38   0  25   0   0
   9   0  47  24  31   0  44   7  35   0   0  40   0  25   0   0   0   0  35  42  27   6   0   7  12   0   0  43  26   0  35  35  37   0   0  16   0   0   0   0  27   0   0   4   0
   0   0  34   0   3  47   0  32   5   1   0  10  12   0  44   0  37   0   0  43  21   0   0   0   0  24   0   0  49   3   8   1   0   7   0   0  30  48  35   0   0   0  29  34
   4   0  41   0  16   0   0  38   0   0   0   0   0   0   0   0  28  35   0   0   0  47  35   0   5   6  16   0   0   0   8   0  22   0   0   0   0   0  11   0   0   0   0
  38   0   0  16  37  31  25  31   0  13   0   0   5   6   0  49   0  42  24   2   0   0   0   0  18   0   0  41  15  22  23   0   0  30   0   0  18   0  37   0   0   0
   6  38  37  14  32   0  19  46   0  38   1   0   0   0   0   0   0   0   1   0  28  17   0   0   0   0   0   0  20   0  22  15   0   7  45   1   1   0  30  45   0
  38  23  44  33  45  21  22   0   0  37   0  15   0  23  41   9   0   0   0  34   0   0  43  48  23  16  28  36   0   8  36   0   0  50   8  28  25   0   7   0
   0   0   0   0  38  33   0  10   0   0   0   0   0  24   7  43  29   0  37   0  43   0   0   0   0  16   0  39  19  37   0   0   0  16   9   5   0  38  50
   3  34   0  30  24   0  24   0  15   9   0  28   0   0   3   0   6  11   0   0  19  11   0  10   0   7   0   9   0   8  26  41   0   0   0  20   0  10
   0   0  24   0  24  26  28   0   0   0   0  41   0  33   0   0   0   0   0   0  23  48   0   0   0   0   0   7   0  31  41  47   0   0  33  49   0
  25   0  28  31  27   0   0   0   6   0  13   0  15   6   0  18  37   0   7  29   0  43  27  46   0   0   0   0   0  38   0   0  47   0   0   0
   0   0   0   0   1  13  49   1  16  20   0   0  29  47   0   0  30   0   0   0   0   0   0   0  25   0  39   5   0   9   0   0  44   0   0
  21  21   0   0   0  29   0   2  11   0  13   0   0   0  34   0  50  47  47  10   0   0  31   0   0   0   0   0   0  44  11   0  21  19
   0  24   0  35   0   0   0  45   0   0   0  15  42   0  16   0   0  26   0   0  44   2   8   0  40   0   0  43   0   0   0  20   0
   0   0   0  25   1  10   0  37   0   5  35   0   0  44   0  21   0  32   0  30  48   7  28  18  50   0  31   0   0  10  41  36
  12  28   0   0  34   0  16  29  14   9  36   0   0   0  46  43   0  32   6  30   0  50   0   0  14  44  35   0  41  26   0
   0  37  37  11   0  31   0  47   0   5  40  28  22   0  30  14   0  13   0  21   0   0  49   0   0   0  29   0   0  41
   0   0   4  45  21   0  21   0   0   8   0   0  20  29   0   0   4   0   0   0  11   0   0  21  18   0  26   0  22
  15   0   0  13   0   0   0   0  34   0   0   8  46   0  50  50  26   5  23  14   0   0  46   0  38   0  30   6
  26  32   0  30   8   0  43   0  43   9  20  42  47  45  45  27  46   0   0  19   0  50  49   0   0  26   0
  12   0   0   0   0   0   0  48   0  33  22   0  10   0  13  37  45   0   0  26  25   0   0   0   0  16
   0  36   9   0   0   0  40   5  26   4  50  29   0   0   0   0   0  24   0   8   0   0   0   0  10
  22  33   0  39   0   0   0   0   8  21   0   0   0   5  36   0   0  49   0  28   0  30   0  27
  25   0   0   0   0   0  35   0   9  11   0   9  40  36  28  13   0  38   0   0   3  19  50
  16   0  50  28  30   0   0  17  38  49   0   0  10   4   0   4  14   5   0   0   0  10
   0   0   0   0   0  47   9  42  11   0   0   0   0  31   0  30  48  35  43   0  49
  23   0  48   0   0   0   0  11   0   0  24  14   0   7   0   0   6   0  48   7
   0   0   0  33  12  28  35   0   0  16   0  22   0   0   0  44   0  43   0
  41   0  39   0  12   0  41   0   0   0   0  34   0  36  44  50  26   0
   0  37   0   0   0   0  10   0  37  33   0   5   0  34   0  38   0
   0   0  25   0   0  18   0   0   0  20   0   0   0  46  45  47
   0  18  12   0   0  19  48  12   0  15  50  32  18  38  35
   3  31   2   4   0  15  30   0   0  34   0   0  26   0
   9  31   0   0   0  18  23   0   0  23  36   0  43
   0  14   0   7   0   0  28   0  44  36  26   0
   0   0  37  10   0  45   0   0  20   0   0
  27  45   0   0   0   0   0  13  34   0
   0   0  21  14   0  48   0   0   6
  12  39   3   0   0   0  36   0
  26   0  41  36   0   8  26
   0   0   0   0  36   0
   9   0   0  34   0
  17   0  27  19
  50   0  26
   9  25
   0

 115
  23   4   2  19   1  19   2   5  19  24  24  15  16   2  16   8   3  25  18  22   6  10  23   2  20  14  13  10  13   7  13   3  24  15   4   5   6  14   8   2  25  17   6  14   9   5  19   5  13  21  17  25  24  20  18   6  17  16   7  18  24   6   4  14   4  19  18   2  23  22  25   5   8  13  11  23   9  16  24  15  15  23   5  10  24   7  21   1  25  18  18  19  18   8  14  10   5  24  23  15
