 100 
   0  24   9   0  34   0  46   7   0  50  42   0  21   0  48  45  39  21   0  46  42  28  19  42   5   3   0   0   0  49  36   0  18   0  40   2   3  48   7  35  18   9  46   0   0  24   0   8  33  33   0  39   5  49   9  39  32   0  27   0  39  45  25  43  19  28  33  11  40  29  44  28   0   0   0  16  36  37   0   0  21  42  42   0  14  26   0   1   0   8   0  23  31  17   3  29  13  23  29  41
   0   0  23   0  12  29  32  25   0  48   4  15   0  50   8   0  16   9  39   0  13  41  21  48  46  21  49  34   0  16   0  11  33   7  25   0  25   0  25   0  25   0  21   8  40  21  17  39  14   0  32  42   0   0  28   0   6   9   0  44   0  36   0   0   7   0  26  11  40  25  28  31   2   7  17  17   0  47  12   0   0  30  46   0  23  44  21   0  13   2   3  33  28  10   0  46   0  29  38
  48  33  13   0   0  27  23  17   4   0   2  10   0  49   0  49  31  18   0   0  45  27  18   0   7  30  14   0  15  20  21  44   6  24  13   0   0   0   3   0  47  20  39  11   7  24   7   0  46  35  39  31   0   0  36  17  45   0  26  31  30   5  32   0  27  38  18  18  22  44  19  24   0   0  30  39   8  33  13   5   0   0   6  22  22  48  26   0  10  20  27   2  43   0  11  39   0   2
   0  15  22  45  24   3   2  39  12  34  43  34  37  13  25  42   0  13  25   0  10  26  24   7  22  43  44   2   4   0   0   0   0  32  40  31   0   0   5  26  46  45  48   9   0   5  44  45  15   0   0   0   0  42  10  37  21   0  19  27  35  10  33  16   5  21  50  20  35  32  30  42  13  15  11  42  24   0  42   6  32  18  27   0  42  36   7  32   0   1  11  10   1   3   0   0  13
  43   0  34   0  17  43  47  39  20   0  18   0  14   0  33  43  46   0  46  50  34  49   8   2  28  47  43   0   2  42   0   7  19  35   0   0  47   0  17  15  41   0  47  12  45   0   0  33   0  32   2  10  29  31  22   0   3  27   5  15  31  10  14   0  30  40  25   3   0  50   6  17   0  30   6  29  47  28  19  23  29   0  31   9  45  42   5  17  18   0  24   0  15  13  10   0
  11  26  43  50  21   0  37  21  41   0  21  21   8   4  45  32  21  46  20   0   7  43  28  14  41  16   0   0  28  44  24   0   5  42  32  20   3   6  30  27   0   3  13   7   3   0   8   7  34   0  11   5  17  11  44  12   8   8  26  36  27   0   0   0  16   0   0   1   0  41  40  44  33   0  11   0   0   0   0  27  46  16  49  36  47   0  44  22   0  26  27  49   0  19  14
   0  47  35   0  46   7   0   0   0  32  17  10  37  36  50  25   1  35  17  17  30  44  36   0  35   0  20  23   0  38  49  14  20  41   0  37  37  34  11   6   0   0  16  10   0  42  23   0   0  49   5  22  35   9  49   0   4  22  33  50  45  15  41   3  43  24   3   0  29   0  32   0   0  18   0  27  43   0  47   0   0   1   7   5  35   0   3   9  21  33  34  38  24  17
  13   2  26   0  50  16  28  39  43  39  19  28  24  28  27  40   0   7  48   0   0   0  10  49   7  17   6   0  49  39   0  50  18  37  43  50  38  26  46   0  21   4  39  48   0  16   0  39  19  32  17  32   1  25   2  41   0  31   9  43  40   6  30   0  15   0  24  36   0  48  18  12  22  31   2  17   0  16  24  21  37  28   0  21   6  39  20  14  24  21  34  50   0
  11  15  18   0  31   0  38   7  50  20  33   8   0  27  19   0  46   0  41  38  17   0  10  48  22   3  44  23  37   0  39  27  19  36  37  35  21   0  23   2  22  39  43   0  44  10   0  31   0   0   0  23  29   0  34   7   0   0  27  25   4  37   3  36  24  33  26  18   0  22   0  28   4  39  36   0  31  35   0  27  10  33   0  39   0  35  33  47   8  41   0   0
   5  16   0   0  32  31  13  36   0  31   0  26  43   7  25   0  13  31   7  16  22   0   0  44  20  45  32  33   9  47  43  46   0  40  45  32  46  34   0   1   0  10   9  47   0  48   0  21   0  35  50   2  20   0  38  18  37  32   5   4  26  34  42   0  36  35   0   0  47  16  40   0   9  46  42   3  10  31  32  46  39  29  41  40  12   0  35   0  44   4  49
   0  43  10   0   0   4   0   6  38   0  48  14  22  43  29  31  46  49   0  15   3  47  41   0   0  13   0  46  23   0   0  17  11   0   0  14  27   0   3   4  17   6  37  29   2  14  25   0  40  40  10  32  41  42  38  45  12  15  46  44  26  29  39  41   0   8  13  35  47  16  50   0   0   0  24  37   0  43  39  31   3   2  16  29  11  29  26  35  17   0
  43  23   6   6  31   0   0  30  47  44  37  28  24  30   0   4  47  42  48  46   0  46  26  20  36   5  17   9  42  47  18   0  49  43  35   0  43  34   0  43   6   4  17   0  48  20  41  22  20   0  23  16  46  34   5   7   0  45  44  41   0   5  13   0   8  37  32  17   0   0   0  11  28  10  27  28   0  21  17   8   0  20  25  10  40   0   0   0  44
  50   0   0  43  44  16   0   0  42  24   0  36  28  34  12  50   0  40   6  24  17   0   8  19   0  26   0  26  49  39   0   0   0  36   0  10  50  44  32  19  20   0  11   2   0   3   7  10  29   0  12  24  30  21  31  45   6  33  38   0  21  17   9   3   0  47   0  30   0  21  47  42  49   4   0   0   6   7  42  24  27  45  21  16   0   0  45   0
  49  42  10  27   9  34  17  46  50  44   0  20  35  15   9   0   0  19  40  18  16  31  21  15  40  26  39   3   0  36  48  39   0   0  36   0  21  36   0  24  24   0  45  42  38  23  47  40   0   0  50   0   5  42  48  30  40   7   0  22   0  31  43   0  38  28   0   0   0   8  41  25   0   0   0  22   0   4   0  32   4  40   0   0   0  28  30
  16   4  26  48   0   0   8   0  19   1  22  44  45  16  10   0  34  27  10  22   7  15  24  38   0  48  13  49  16  41  46  40   2   6  15   7   5  32  29  33   2  40   0  35  22  27   0   8   0  45  41   1  25   6   0   2   0  36   0  43   0  16  37   2  23  42  45  24   4   9   0   4   8  12  20  44  42  39   0  45   7  33  15   0  47   0
  31  13  29  36  29  47  27   0  28  47   0   0   0  18  22  16  31   0  46  43   0  50  45   0  36  21  47  36  21   0  46  35   0  43  39  12  42  33   6  23   0  42   0  30  40  11  41  44   0   8   0   0  40  24  35   4  17  31   0  23  17  24  12   0  20  14  26  21  29  23   0   2  30  26   0  30  16   0   0  44  49   2   0   0   0
  50  44  10  15   0  45  17   0  34  27  36   4   6  31  46  42   0   4  14  49   7  28  50  26  44  43   1  32  40  44  45  37  44  33  50   0  40   0   0  49   1  40  33  26   0  24  41  18   5   0  41  21  12  29   0  43   0   2   8  32  10  43  32  36  42  27   0  12   0  31  33  19   9   8  43  12   0  11  27   0  21  28   0   8
  28  32  38   0   0   0  47   0  16  19   0   0  38  47  17  48  21   0  47  49  25   0   7   7  34  40  46  38   0  18  26  14   0  50  26  34  23  43  24  48  38  10   0   0   0  23  32  45  25  43  31   0  30  17  26  30   0   0   0  29  50   0   7  43  10   0   6  22  30   9  27  37   7   9  27   0  46  46  20  32   0  23  21
  29  22   3  28  10  33   0   4  25   9  30  40  49   0   8  40   5   5  24  46   6   6  39  11  35  44   2  10  22   0  29   0   0   0   0   0  42  40  37  26  34   0  33  47  20  49   0   8  16   3  46  47  26   0  24  41   0  12   9  33   0   0  29   0   0  17  32   0  34  35  17  19  24  29   5  20  23  22  36   5  20  25
  12  38  32  50   2  14   0  38  26   0  11  38  28   4   9   0  22   0  29   0  43  26  13  28  25   0  24  50   1   8   0  25   0  42  11  38   0  16   0   7  27   0  35   0   0   0   0   0  43   0  42  46  31   0  47   1  13  10   0  19  30  49  23  20   3  37  43  33  19   5  13  47  38  32   1   0   0  12  47  45  49
  37  32  20  10  30   4  23  27  44  34  31   4  14  46  46  39  12  40   0   1  28  15  38  19  47  37   0  17  44  37  12  32  32  33  46  39  48   0  15   0  36  31  11  44   0   9   0   0  13  11  33  50  25   0   0   0   2  14   0   0   0  16   3  15  46   0  42   4   9   7   7   0  15  11   0   0  24   0   0  12
  39  36  42   0  39   0   7   1   0   6   0  28  14   0  11   0   0  33   0   0  26   3  11   1  47  11  41   6  45   3  41   0  43   0   0  40  18  27  45   5  29  16  33  29  38   0  28  31  49   0   3  35   0   0   0  22   2   0  25   0  11   5   0   0   0  43  26   2  16  47  37   3   8  23  18   4  36  37   2
  47  21  46   0   0   0   0  19  24   0  11  40  46  49  20  27   0   0   0  24  39  45   0   6   0   0  19  34  46  29  42   0  48  31  26   0   4  10  45  22   0   0   0  24  27  14   8  50   0   4   5  35   3  41   0  13  16   1  42  28  40  24   0   1  22  35  37  26   0  30   0  50   7  21  35  43   0   0
  13  26  28  34  46  12  50  15  27  16  44   0   0   0   0  11   7  24  47  43  36   0  44  13   0  27  13  13  33   0   7   0  36  20   0   0  31  30   0  22  14  25   1   0  45  37  27  31  39   1   5  21   2   0   0  24   3   0  43  22   0  38   8   0   0  46  10  35   0  28  22  31  19   0   7  34  22
  23  44  20  15   0  49  29  21  13   8  32   0  31  37   8   9   4  12   5   1  17   6  35  23  43  37  44   7  35   0   0  29  25  50  39  35   0   0  45  35  43   0  25  12   0   0  14   2   0  30   0  32  27  37  47  26  40  37  12  10   7  36  47  39  40  20   0   8  29   0  39  27   0   0   4  21
   0  37   5  35  46   0  25   0  19  40   9  21   4  50  40   0   0   0  34  21  28  24   4  40   9   0   0  39  28  48   0  27  26   0  49  47  39  27   0  47   0  33  36  37  26   9  47  17  47   0   0   2   0   0   0  30  12  42  20   4  45   6  43  37   2   0  44   0  12   0  50  18  23  19  37
  47   0  29  17  46  42   0   3  46  50  15   0  23   0   3   0   5  19   0  17  10   0  35  37  49  45  44   0   0   0  40  32  15  36   0  10   8  11  45  18  42  47  50  21   4  14  33  39  17   8  20  29   0   8  30  12   0   0  30  12  14   3   9   4  33  31   0  14  34  43  35  40  16   4
  38  42  22  23  50  26  50  29  40  50   0  42   0  46  44  33  14   0  18   0  14  22  11  43   0  38  24   6  47   0  41  28  10  24  45  43   4  36  29  27  34   0   8   3   0  21   6   0   0  11   0  22   0  30  24  36   0   0  29  13   0  10  20   0   0   0   4   0   4  18   0   0   0
   0  16  40  44   0   5   0  20  12  48   0  35  48   0  33  12  11  12   0  17  21   3  47  49   0  15  36   0  38  29  41  31  24  30   4  11   0  12  29   0  47  11  15  21   8   0  21   0  15   0  32  49  21  40   0  35  19  18   6   0  48   0  37   6  35  33  39  15   1   1  24   8
  45   0  22   0  33   0  49   2   0   9  36  14  23   2  37  44  32  50   5  48   0  31  13  26  46   0   7  37  11  22  40  34  15  25  34  20  41  26  21  15  19   6  43   0  50  13   8  27  46  13  30  29  19  48  17  12  22  46  20   0  23   0  18  32   8  42   0  39  31  19   4
   0  23  42  25   0   0   8  29  49  40  16  36   0   1  45  21  24  49   1  27  27  32   0   3  25   0  33  15  49   3   8  49  47  24  12  11  49  41  25  38  15   0   0  26  48  14  41  17  44  22  40   0   0   5  30  22  10  49   0   0  21  47  27   0  36  15  48  31  19  10
   8  46  14   0  32   1  36  35   1  23   0   0   0   0   6   0  34  36   2  13  12  11  35   8   1  34  14  32  36   7  40  38  34  21  14   0   5  15   0  14   0  38   0  10  36  21  46   0  39  35  48  28   0  37  16  33  38  34  39   0   1  31   5   7  39   0  16   8  20
  43  18  36  15  14  25  46  25   0   0  34  12  29   0   6   0   0   0  26  45  16  30  38   7   6  24  46   0  15   0   0   2  23  48  40  27  10  19   0  45  21  26  20  42   0   0   8  24   0   4   0  13  33  12  15   0   0  21   0  15  15   2   0   0  34   0   0  28
   0   0  44  14  18  37   0  38  28  48   4   0  48  37  43  48  27  34  37  19   1  38  45  49   5   0   6   0  10  20  22   8  25  23   6   0   0   0  10  22  30  13  27   0  48   0  25  29  47  21   2  33  23  27   0   4  24  33   4  28  38   4  50  22  32   0  31
  24  14  12   8   0   2   8   4  39   0  45  30  29  35  50  21  23   4   0  30  27  38  38  50  28  47  20  17   0   0   5  40  18  46   3   0   0   0  22  46   5  25  39  38  31   2  11  23  36   0  37  39  24   0  31  16  16  42   0   0   9  10  50  39  25   0
  24  27   9   0  49  26   0  14  44  24  18  36  33  32   0   5   2  27   0  28  35  19   0   0  15  34   2  33  22  46   6   0  28  18   0   2   1  31  46  23   0   0  44   8   0  27   0  28   0  27  16  16  16   0  20  42  48  29  15   0  41  13  15  40  20
  21  21   0  11  34  20   0  49  28  14  20  13   6  18   0   0  41  48   4  32  17  48  13   0  43  39  43   5  26   2   0  26  47  22  21  36  25   0   0  27   0  44   7   7  44   0  37  11  45  29  17  20  32   0  26  31   0  50  34  16   0  25   0   0
   1   0  50  49  37   0  35   0  39  20  35   2  17  20   0  24   8  23  16   0  19  21  14  33  13  13  31  35  28  14   7  35  27   0  20   7   2  24  38   7  29   0   0  35  44   6  46   0  11  35  10  43  20   0   4   0   1  16  43   0  40   0   0
  20  27   0  14   7  23   0   0  22  16  11  16  47  23  10  36  16  29  35   0  14   0   0  50  40  32  32  12  13   0  32   0  45  18  46  31   0   0  13  43  14   7  44  26   2  14   0  22   0   2   0   0   0  22  28  15  22  28  12  39   0  38
  14   0  24  41   0  30  37  15  12  19  47  44  46   0   0  23   7  35   0  48   2   0   0  15   0  10  13  27  39  32  46   0   0  20   6  11  45   7  20  24   9  17   4  20   5  32   0  22   0   0   0   9  15  36  50  32   7   8  49  31  13
   8   0   0  43  32   0  35  47   7  27  12   8  24  22  45  46  18   0  32  25   0   0  42   0   1  38  46   0  10   6   0   3  41  25   0   3  10  30  31  22   0  18   8   0  33  41  28   6  39  50   8  12   0   0  27  27  50  19   0  40
   0   0  14   3   8  15  50  21  13  12   0   4  18  48  29   0  24  20   1   7   0  29  27  35  12  38   0   6  26   8  46   0   0   0  10  31  19  17  49  24   0  34  40  29   7  10   0  26  40  47  10  31   9  25   0  21  13  30  10
  45  30   0   3  10  23  35  28  33   2  13  31  32  36  18   0   3   7  34  24  38   9  25   0   0  44   0  14  44  20  41  44  18   9  49   0   0  41  27  13  44   0  31  15   6   1  16  45   7  24  27   3  38  23  34  32   0  39
  35  17  13   7   8   4  16   5  11  47  22  14  27  35  34   0  28   8   2  39   3  14  42   0  16  13  43  23   3  37  38  12  31  36   7   5  27   0   0   0   0  47  14  16  34  35  32   1   0   0  25   0  37  50   0  44  25
  28  11  35  17  17  33  48  34  25  39   5   0   8  24  19  39   0   0  11  28   1   8  33  13   0  47  21   0  45   0  46  41  19  46  15  18   0  18  26  36  25  38   0   0  29   6  37   8   1   6  10  38  18   0   0  22
   0   7   0  36  21  36  39  29  20   0  46  44   0  21   2   0  28   0  47   0  38   7  16   0  31  19  17  33   1   0  42  11  39  33  27  11  33  42   0  29  19  39  16   0   8  34   0   0   0   1  25  19  25  38   0
   4  48   0  39   6   6  18  22  15   0  47   0  33  10   0  16  35  43  15  10  17  45  20   2   0  31   0  43  39   0  33  39   8  37   9   0   0  13  28   2   0  20  26   7   7   8   7  46   0  28  26  22  32  37
  40  30  45  34  41   0   0  25   0  10  47  37   6   0   0  23   0  43  39   0  49  48   2   3  18  43   0  21   4  39  25  19  34  29  35   3  38   0   0  14  21  46  49  46  10  13  36  49   0  14  16  34   2
   0   7  41  16   4  31  32   0  50  20  41  23   0  11  37  50   2   0  41  29  12  50  14   5  36  28  48  17   0   0   0   9   0   0  37  23  43  28  39   0   9  42  43  14  25  19   8  25   0  34   2  49
  10   6   0  43  25  23   0  35  11  14   0  39  28   0   3  49  45   0   0  28   8   0   3  24   4   0  31  27  15  26  24  12   4  46  47   5  19  33   0  32   7  27  25  48   0  49  46  26  47  34   2
   7  15  29  27  20  50  25  21  50  19  28   0   0   6   0   0  35  47  15  46  34   0  27  20   0  13   0  34  12   0  29  17  17   0   8  29  12   0   3  26   0  16  19   0   0  32  29  14  40   4
   5  26   0  13   0  43   5  29  38   9   0   0   0  32  50  44   3  42   6  48  36  18   0   0   0   0   5  37   4  25   0  20  23   0  12  47  15  10  41   2   8  13   0  32  16  12  13  28  11
  18   1  39  38   5  44   0  47   0   7  24  29   3  19  12   0   8  19  25  45   0  11  14  14   0  40   7   0  24  12   0  23   0   0  15   0   0   0  17  26  10   0  20  13  27   0   0   0
   0  21   0  17   0   0  48   0   0  46   2   0   0  17  32   0  12   0  34   0  43  24  16   1  11  26  46   0   0   0   4  31   0   0   0  38  17  14  29  36  10   0   0  37   1  44  15
   7   0  32   0  22  19   0  29  20   0  49  14   2   0  15  14   0  12   0  33  44  30   0   0  28  33  31  45  39  22  11  46   0  30  15   0  17   0  10  11  33  36  30  42  15  26
  12  32   0  40   1  47   0  13  43   2  36  18  27   0   0  27  14   0   0  37  32   0  43  33  36  12   0   0   6  21  13   0   8   9  23   0   8  40  24   8  34   2   0  18  49
  37  16   0  11  35  15  30  47   6  44  27   8  25  49  29  25   0   0   0   0  44  17   0  18  26   0   0  49   6  20   7  20  39   0  17  20   4  11   0   0   0   9  16  26
  13   5  26   1  40   5  34   0   0   0   7   3  17  28  30   5  45   1   0  10  34   0  22  17   0  21  34  20  30   7  12  34  33   4  42   0  35   0  43  43   0   0  39
   5   0  16   0   7   0   0   0   0  33  38  31  19  44  21   0  17  26   0  25  42  20  26  48  29   1  47  42  30   7  43   3  49  22  25  14  28  16   0  28  15  47
   3  33  46  28  18  29  48  37   0   0   0  37   9  34  44  20  21   0  42   0  19  10  23   3  32  11  35  50   0   5  47  19   6  33  48   0  27   0  31  12  22
  28  37  21  37   6   9  36   0  11  21  22  18   3  19  16  46  49  40  22   8  31  23   0   0  28  12   0   0   0   0  39  37  25  12   0   0   9   0  28  16
   4  32  22  17   0  12   0  17   0  45   0  19   5   7  49   8   0  40   3   6   0   3   1   4  41  26  48   0  27   0  18   7  39  36   0   0   0   4  27
  45  40  27   0   9   0  41   3   9  44   0  33   0   0  23  37  11  31  17  44  49  13   3  47   1   0   8  10  26   3  14  18  46   6   0  40  47   0
  46   0  10   1  18   0  46  45  46  45   3  33  46   0   0  32  50   5  24  29  44   0   0  14   5   0   1   0   0  38   8   0   0   5   8   4  49
  11   5  18  30  17  40   0  23  31  32  37  38  46  18  46  42   9  40   2  18  35   0  35  36   0  42  33  26   5   0   0   0  15  13   0   0
   0  41  10   7   1   6  33  20  27  30  15  24  43   9   0  25  33  41   7  37   0  33  30  50   0  46   0   4  50   2  44   0  24   3   0
   0  17   0   0  46  16  16  15   7  33  16  27  29   4  49   0  10   0   0   0   5  19   0  27  22  36   0   4  35   8  27  38  48  33
   0  28  21  28  35   7   0   6  34  25  34   3   0   9  27  50   1  44   0   6  43  50   0  17  33   0   0  46  42   2   0   0   0
  24  42  30  41  17  14  14  39  47  25  43   9  35   0   0   4  40  34   0   0  19  15  46   0  26  24   0  50  45  49  31   0
   7  17  26   8  41   0  25  28   0  35  30   0  21   4  24   0  46   0   0  47  34  26   0  13  19   3  19  25  38  15   9
   9  43  35  29   2  18  36   0  36  16  35  14   9   0  24  37   0  10   3  17  42  27  33  19   0  44  49  38   6   0
  34  34  35   4   0  15   3  46   0   0   5  21  34  30   0  33  39  28   0   0   0   0  46   3   0   0  43  10   0
  10  45  16  10   9   0  25  24  50   0  33   0  49  30  11  26  43   2  36  44   0   0  16  47  40  27  26  18
  49   0   0  37   0  19   0  29  10   0  35   0   0  43  30  38  28   3   0  10   0   8   0  26   0  46  39
  41   0  22   0   0   0  35   0   9   0   0   0  14  14  11  35  23   0   0  25  17   8  39  49  49   0
  20   0  11  12   0  50  39  19  27  32   0  22   0   0  30   0   4   9  19  39   0  11   5  44  33
  30  28   0  42   0   0  25  37  10   0   0   0  19  43   0  46   7  17  43  13   0   4  34  18
  12   0   0   9  27  23   3  33  12   0  48   0  33  37   0  27  29   0  50  33   0  37  35
  21  13   7  32   0  17   0  27   5  14  12  42  42   0   0   0  16   0  41  11  10   8
  45  17  35  21   9  31  10  30  24  25   0   0   0  23   0  50   8  40  22  25   0
  31  12   2  25   1   8   8  23  29   5  29   4  21  33   7  43   9   6   0  42
   1   8   0  46   0  29  30  14   6  28  50   0   5   0   7  38   6  11  26
  19  22  27   0   0  43   0   0   5   0   1  32   0   5   0  11   8  20
  28  10  48  38  34  48  32  28  46  17  26  34  37   0  27   0  23
  40  12  18  22  49  13  37  47  12   0  10  37   4   3  42   9
  15  10   9   0  21  28  40   0   0  14   0  10  38  36  24
   1   3  11  37  46  30   0  28  36   0   8   2  47   7
   0  17  25  11  45  24   0  21  30  41  11  46  47
  40  46   0  43   0   0   0  38   6  32  29  49
  42  35  29  21   6  38  37  48  31  21   7
  13  18   0  46  25  37   0   0   0  29
   0   4   2  28  37  48  26   0  40
  32  43  47  24  34   0   0  25
  37  21   0   0  28   8   4
  31  45   1  30  18  36
   0  47  31  44  36
   0  12  26  11
   2   0  44
   0   9
   4

 1002
   5  15  13  12  22   5  13  15   6  18  20  22  20  18  21  14  23  12   4   9   3  14   6  12   1   2  19  16  15  13  21  20   3  24   3  19  15  20  10  18  17  14  20  19   7  21  13   1  14   6   5  21  25  24  25  25  23  24   6  21  16   1  21  11  11   8  18  25   5  24  21  20   9   6  20  18  19   1  17   2  10  19  20   2  15  21  25  24   4   3  10  15  11   5   9  16  21   2  24  14

