 100 
  32   5  17   7   8  28   9  34  16   6  45  39  13  13  50  49  26  39  30  36  33  42   6  28  29   4  16  39   1  22   8  45  34  37  34  19  14  29   2  40  16   5  35  31  22  16   1  29  37  42   6   3  22   4  13   3  14  31  27  17  17   5  29   7   8   5  32  22   5   3   1  24  48   6  12  26  15  43   5   9  42  39  44   2   3   8  12  21   3   3  34   6   8  27  39  10  28  27  27  41
   6  31  33  15  21  31   7  12  16  38  16  47  46  37  48  34  42   1  12  39  31  50  16  30  38  19  38  23  44  43  30  25  25  34  16  22  29   4  33  17   7  49  39  43  46  41  44   1  17  22  26   4  41  18  45   2   2  24  34  22  44  46  48  35  39  48  45  32  35  50  19  47  28   5   9  41  49  33  25  27  18  40  39  47  30  46  29  42  13   2  49   6  16  46  40  28  24  26  19
   1  36  48  12   8  13  15  46  24   3  18  26  19  13  40  21  13  22   2  17  46  30  37  21  40  50  38  39  18   2  30  43  15   3  32  37  42  22  35  31  48  37  19  31  39  19   1  29  18   2  29  46  34   6  43  37  23   5   2   5  42  37  33  46   9  20  17  10  11  14  35  27  31  32  46  32  16   2  20  49  50  27  27   4  41  18  11  48  39  41  34  27  30  42  47  21  18  15
  11  35   3  36  26  31  15  31  27  42   9  24  45  25  41  41  10  37  22  49  22   2   7  33  10  46  16  45  38  18   4  25  26  10  47  40  50  44  18  16   3  29  40  50  18  48  49  20  19  47  15  50  49  21  23  10  26   7  35  21  13  10   2  26  47  41  48  49  43  12  24  13  28  11  27  31  45  45   2  43  16  27   9  23  44  15  14  33  20  20  43  16  47  15  11  44  25
  14  11  35  45  31  50  13  42  45  46  31  39  25  26  33  30  46  48  34  33   1  32  29  11  21   3  45  12  10  37  47  31  44  27  50   8   1  34  45  30  33  29  41  18  43  13  14  36   6  29   5  48  37  15  17  18   5  18  41  22  24  24   7  19  45  32  47  37  25  21  16   6  15  35  14   2  26   8  24  32   7  38  44  46  41  18  35  39  48  23  50  17  31  23  39  21
  20  40  14  48  50   2  16  36   6  23  42  26  22  17  28  44  33   1  20   3  39  50  25  35  24  15  28  22   1  16   3  19  28  35   4  18  33  50  15  27  39  14  24  47   4   3  47  21  30  35   4  10  39   2  10  50  47  30  46  44  33   3  18  37  22  10   6  23   9   5  31  33  26  30  36   7  26  49  27  26   3  49   9  39  24  18  45  45  48  10  10  41  31  30  47
  28  34  19  45  13  37  50  10  11   2   2  47   3  50  29  27   9  25  48  42  19  45  48   6  30  25  48  27  39  34  18  28  20  25  38  44  42  37   6  39  46  35  37   2  17  28   9  39  17  31  48  46  16  15   9   7  44  29  20  44   7  47  24  44  45  26   5  15  13  24   7  39  43  25   6  17  14  11  46  46   8  46  25  24  27   1  27  32  13   7   1  40  46  26
  44  46   7  23  30  50   1  34  36  34  49  39  22  14  20  17  30  25  10  40  40  42  20  49  46   7  21  12  37  21  22  45   8   3   3  33  25  14  23  37  46   4  17   2  30  49  14  25  16  22  46  21  50  19   6  16  33   9  22   9  34  21  32  35   4  39  37  40  40  28   9  13   8   1  41  15  14  40  19  30  28  27  27  19  20   6  49   1   9   7  29  36  49
  42  34  15  38  39  38  29   2  16  49  50  43  33  44  50  30  19  42  43   7   6  38  44   7  41  12  44  29  39  33  32  31  34  31  16  16  21  39  17  10  22  21  19  30  45  17  30  17  42  13  10  27  13  32   1  36  48  47  10  47  36   3  41  17  32  16  13  18  25   6  11  15  27  21  28  16  44  19  40  38  39  16  11  14  45  50  44  45  34   4  34   5
  28  40   5   1  47  29   3  31  44  37  23  12  44   4  10   8  37  34   4  37   1   7  12  29  42  28  13  39  34  44  49  31  29   2  19   4   7  35  13  42  18  40  20  23   3  30  15  32  31  36  45  34  42  49  26  42  17  18  10  35  45  34   9  50   3  22  43  38  34  40  20  25  28  18  26  29  12  37   2  47  14  41  41  38  18   4  34  48   6  15  35
  15  17  46  18  34  16  43  25  13  43  20  42  26  36  33  45  41  41  14  49  24  40  31  45  20  43  32  40  41  49  47   1  26  45   8   2  26  44   1  14  20  45  27  24  15  18  24  13  39  24  45  13  23   5  31  20  27  43  41  11  38  49  24  13   7  25  39  46  44  31  29  10  48  13  33  19  38  33  50  20  25  26  10   8  48  41  27  43  15  20
  16  16  50  40   3  10  20  32  20   6  18  31  15  27  19  44  49  20  11  17  40  16  49  16  29  44  39  34   6  15  50  33  17  43  10  37  25  30  14  42  34  13  44  18  24  45  48   2  23  19  35   9  45  14  17  45  20  35  26   6  38   5  37   2  39   5  28  43  30  12   7  39   2  46  23  34  27  22  19   6  37  20   4   6  15  23   3  17  30
  26  15  17  38  50  37  47  15  11  21  35  45  14  39  32  15  45  25  26  38  11  41  38   1  27  13   6  21  14   2  33  17  34   4  13  13  38   9  13  43  19  49  30  26  25  30  21  32  49  23  25  26  39  50  11  45  39  24  42  37  38  22   9  35  11  23   5  22  34  45  38  50  15  32   3  21   3   3   3  20  25   2  23   5  27  47  49  38
   4  25  17  39  26  27  14   6   9  28  34  12  18  43  18   6  45  45  40  36  22  47  19  22  20  44  28  13  19  39  45  10  15   3  50   7  37  21  29  13   2  17  38  16  20  17  29  29  46  10  46  16  13   2  46   3  21  35  39  17  37   7  44  45  19  31  14  47  26  40  29  47   7  36  17  28  48  18  42  42  34  36  46  13  29  33  33
   4   8  13  14  32  28  27  50  30  26  26  14  48  46  33  38  28   8  49  15  42  26   6  45  16  36  50   9  46  21   3  33  43  30  47  32  13  45  45  35  38  35  43   8  34  41  46  41  42  18  24  47  27  40  11  22  31  29  49  11  46  10  50  45  21  34  12   9  23  32  39  17  30  27  10  34  48  42  33  30  26  42  26  39  31   5
   1  13  40  38   7  23  34  25  21  17  20  40  45  15  34  41  12   3  31   9   4  46  50  38  29  20  49  34  10   3  28  12  47  36  48  45  35  23  33   3  17  46   5  11  10  42  49  41  29  40  50  44  40  16   1  11  30  16  27  45   6   7  11  38  29  40  41  22  11  19  21  24  18  24   4   8  50  18  40  37  29  19  24   6  35
  49  49  35  11  44  48  16  41  35  30  24  16  10  41   9  45  48  31   3  49  23  21  23  47  34  25  30   7  35  32   9  12  50  19  42  20   3  47  30  29  19  47  40  25  31  36  35  37  17  41  15  31   7  25   9  29   7  41  47   9  31  27  48  49  41  21  26   3   6  29   6  25  34  30  24  43  47   6   2   8  49  20  10  12
  30  12  36  42  39  23  29  35  16  13  28  46  22  40   4  22  21  17  28  42  25   6  46   1  13  43  34  30   9  43  26  26  30  14  38  35  49   4  40  20  47  34  25  16  25  30  29  25  17  39  45  12  47  28   3  33  47  40  29  12  20  46  41   3   9  28   1  12  10  12   5  32   7  45  45  39  29  19  40  47   4  20  48
  30   7  18  10  11  41   3   2  25  24  31  13  18  45  24  27  22  50  22   6   2  37   6  47  36  49   4  27  31  42   9  34  48  46  10  20  15   6   5  40  30  45  22  29  15  35  18   6  32   5  21  35  18  14  23   6  48  27  47  39   4  16  42  46  16  48  39   3  38  18  21  38  14  16  48  24  15  19   2  26  38  18
  41  49  45  43  17  33  19  48  38  50  50  23   6  10  34  50  47   4  31  24  38  38  37  16   5  48  49  13  12   2  20  12  45  18  42   3  42  50  29  21  46   9  31  13  18  31  22  45   6  33  39  32  41  25   9   5  12  45  33   5  34  20  27  37  49  14  18  10  30   1  13  50  28  14  31  16  43  22  41   6  35
  36  13  21  31  31   7  14  17   6  23  32  16  43   6   6  28   9  42  48  21  40   1  21  27   9   7   8  31  15  23  10  40   4  14  32  27   1  10  31  32  20   7  10  47  20  32  28  18  36  29   7  37  43  29  24   7   4  14  37   4  21  22  14  35  21  43  17   8   5  38  18  31  12  14  48  23  45  17   3  37
   6  36  19   8  18  19  10  38  30  38  22   3   2  42  47  14  41  13  20   1  14  32  34  16  31  27  36  11  39  44   2  36   5  27  42  40  15  32  12   2  47  32  27  22   3  26  50  12  45  39  50  14  40  45   6  11  50   5  42  31   3  14  23  38  14  20   2  15  29  48  19  11  30  11  14  43  39  46  46
  34  41  42  38  18  38  17  46  20  34  12  25  29  36  19  46   3  35  41  13   6  47  24   8   5  15  19  38  20  45  19  40  16  11  45  38  50   7  44   7  19  40  33  31   9  49  39  38  27  50  20  36  49  40  28   8  30  33  47  11  41  32  37  43  27  43  41  45  37   9  27  29  42  36  50  41   2   7
   5  16  27  28  23   7  14  48   4   5  44  22  32  30  15  36   4  13  28   3  33  16   9  21   4  29  20  27   4   2  22   3  48  21   5  13  32  26   4  37  36  42  12  24  17  49  27  29  21   1  25  50   5  24  32  32   3  31  23  48  21  30  27   8  10  27  39  29  14  18  18  33  21  42  10  42   3
  21   2   2  20  16  23  12  25  47  44  14  19   5  15   9  29  38  31  41  24  33  32  27   2  42  17  35  43  14  15  43  27  47  41   8  21  34  39  27  21  10  19  47   7   5  48  15  39  11  46  44  28  47   8  24   1  34  24   7  12   8   4  44  26  16  22   2  20   6  33  43  11  19  10   1   5
  24  24   4   3  43  46  41  21  44  38  39  30  37  28  36  39  35  32  21   5  45  34  30  13  14   3   5   2  20  13  37  22  19  39  21  45  12  11  31  28  46  21  43   1  13  33   8  23  20  12  46  16   9  45  39  10  35  33  19  44   3  17  31   3   6  42  35  43   2  18  22  34  31  19  33
  15  22   8   1  33  16  45  21  39  13  14  46  29  23  46   6  16  18   8  43  45   7  33  35  21  50  41  26  21  36   3  20  44  41  50  18  10   7  18  27  29  33   4  37   8   7  14   3  10   5  19   4  31  50   9  14  15  22  12  24  18  26   8   3  16  15  38  29  13  12  43  39  16  10
  20  20  10  38  43   4  10  17  30  37   5  38  33   6  42  44  17  19   5  47  41  49  43  14  24  32   9  13   7  34   4  11  31  45  33  32  19  49  27  18  11  26   5  41  37  32  31   2  39  14  50  29  44  10  29  22  17   9  24  10  22  23   1  20  21  25  33  31  48  30   5  34  45
  43   2  48  19  30  43  31  10  18  39   5  42   6  21  23  32  25  42   8  33  26  46  16  22  16  29   6  23  45   2  47  28  29  17  48   5  34  21  48  33  26  48  11  16  45  10   5  43  21  21  25  16  49  19   6  29  32  46  31  29  27  17  42  24  44  15  17  23  41  30   1  22
  44  39  29  44   5   1  47  14  36   4   8   4  18  35  37  26  32  22   3  40  39  46  13  49  15  33  27   2  16  37  24  19  24  13   9  25   2   1  36   2  11  44  42  37  26  41  47  29  29   4  20  44  27  37  11  39  10   3  50  14   9  35  38  45  44  18  32  16  47   5  24
  11  32  39  45  46  41  19  43  15  34  33   6  12  42  21  46  27  15  25  21  48  48  18  45   6  23  19  10  19  46   3  11  16  17  15  28  37  23  28  26  41  32  27   3  34  48  16   2  26   7   4   2  33  24  17  37  39  42  39  38  19  24  14   7  36   4  31  42  10   8
  36  39  49  36  10  18  35   8  45  44  46   4   5  19  45   1  43  25  11  39  38  35  19  29  27  39  25  14  11  30  16  39  26  20  44   5  25   2  50  48  47  16  38  12  20  44  44  50  20  46   6  43  43  50  15  42  44  10  31  13  21   9  48   5  31  23  12  32  35
  43  33  47   6  20   8   7  36  18  50  44  10   3   2  26  24  48  28  12  44  38  24  39   3  14  34  43  39  43  20   3  26   4   8  14  13  39   5  34   1   1  21  30  47  28  17  12  23  50   6  24  37  22  45  32  46  43   3   7  27  43  14  18  28   2  20  19   7
  24  27  34  14   8  48  21  29  31  30  30  34  23  38   8  44  32  15  18  29  46  49  32  15  44   8  49  29  15  36  24   8  17  16  44  42  16  29  39  39   7  23  26  38  42  36  27  44  32  47  12   6  41  24  17  50  49  45  49  48  21  36  18  16  18  37  11
  50  29  23  31  50  46  40  19  17  11   2  12  20  23  44   8  31  24  15  15   2  31  11  43  37  26   9  24  29  14  42  11  23  19  29   8  27  17  47  33  30   8  37  10   7  30  42  41   2  25  16  16  37  40   7  43  31  17  46  39   6  42  50  15  42  20
  17  42  17   8  42   6  11  44   5  45  26  25  35  29  45  25  32  24  12  45  35  33  34  12   2  47  41   8   5  32  49  14  47  17  45  19   8   7  31  50  49   6  30  45   8   4  21  12  25  22  11  49   2  44  45  34   3  20  35  29   9  39  37  38   2
  30  15  36  23  44  16   4  34  44  46  32  39  14  20   5  43  22  22   9  49  34   4  27  37  42  31  32  36  13  38  38  35  42  24  44  19  50  41  33  15  46  40  12   1  16   6  44  31  27  37  13  36  23  49  38  43  50  39  33   7  32  34  18  14
  18  15  25  19  26  48  27   6   8   9  47  34  42  17  14  17  49  22  14  42  30  41  31  40  18  28  34  34  42  11  16   9  27  11   8  15   2  35  12  28  16  45  35  48  33   6  27   1  37  38  29  12   3  34  22  50  49  23  23  47  17   2  48
  29  31   4  21  21  11  48  34  32  43  32  43   1  11  27  31  21   2   4  31  13  35  18  50  43  50  20  50  43   1  21  33  36  43  48  43  15  31  14  40  35   1  30  17  14  11  23   6  24  38  37  46  20  26  18  13  33  24  42  45  39  30
  43  40  38  36  14  15  10  37  31  40  27  33   7  22   6  16   8  13  45  34  21  23  10  31   2  12  42   9  27  45  34  29  25  44   3  44   3  26  34  41  42  25  35  46   1   7  35  11   4  37  22   8  13   4   1  47  30  44  39  22   7
  35   1  44  16  37  48  49  32  10   5  35   9  18  19  39  50  16  46  16   1   7  15   6  19  35  18  35  19  42  17   4  14  11   4  33  37  18  38  34  50  22  23  48  40  48  42  29  21   3  23  25  39  33   6  21  28  40  39   4  19
  12  41  36  26  29  23   6  42   3  11  36  16  45  24  35  39  27  26  28  14  26  40  32  33   4   6  39  46  29   2  20  27  32   7   9  45   8  20  33  35  43  49  21   2  48  24  50   9  39  46   5   6  33  45   4  31  10  31  43
  31  40   9  11  10  14  15  20  45  15  48  16  15  45  29  20  40  15  17  45  46  37   3  49  27  16  44  49   2  43  35  36   7  45  46  29  48  41  27  11  12  16  34  23  23   6  19  47  10  45  43  23  45  16  31   2  42  32
  33  29  43  12  18   1   9  19  48  13  43  46  32  19  48  29  17  30  15  29  15   7   2  33   6  12   1  10  17  35  49   8  32  49  39  15  38  25  25  35  48  15  30  15  27   9  30  16  36  12  11  11  29  10  15  46  18
  20  25  29  40  29  35  28  11   7  44  23  20  14  20  19  18   8  16  31  41  31  22  46   2  44  21  34  13   8  23  20  47  12   2  36  50  30  16  26   5  34  50   6   5  38  29  48  24  33  27  18  28  39   5   9  43
  39  47   9  13  26   4  17  34   7  43  50  28  35  41  24  19  42  49  15  21  46  39  25  35   5   6  49  33  48   7  28  11  25  23  29  12  20  42  10  17  37  20  38  15  11  11  17  19   7  45  27  33   3  46   6
  33  25  37  38  20  35  22  23   7  47  30   1   8  34  24  41  45  27  31   5  31  23  44  41  44  47  50  20  32  23  47  14  28  22   4  37   3  13  11  25   3  26  11  47  32  47   4  19  12  11  19  30  21   4
  36  25   1   6  39   7  50  45  15  41  30  21  33  34  45  26  13  28  39  49  42  15   9   8  33  16  37  35  45   6  13  36  21  47   1  13   2  26  14  15  42  16  19   8  29  30  19   4  20  41  30  44   2
   3  47  47  25   2  47  45   8  47  43   7  23  27  42  43  28  31  48  19  27  44  47  23  46  21  14  28  29  32  27  44  14  47   4  42  33  13  49   3  21  40  46   6  11  34   1  41  47  15  50  47   9
  45  37  45  17  31  39   5  29  28  13   2  11  14  26  20  30   1  25  15  50  31  33  30   1  48  35   7  13  15  50  18  22  42  25  12   7  42  36  48  23  49   7  38  27  46  35  46  16  17  39  45
  40  15  42  39  25   7   1  32   2  15  23  48   4  35  45  11  49  22  14  22  14  48   4  11  44  24  26   7  43  28  39  33  37   9  41  23  48  41  46  48  34  31  24  18  35  33  13  22   8   6
   1  21   9   9  16  25  11  39  31  20  14  21  20  13  35  44  27  41  28  43  13  27  49  41  42  21  43  36  38  38   7  41  43  29  20  49  29  21  16   6  10  15   7  44  12   5   9   7  44
  20  14  32  41  20   4  45  19  15  11   6  47  29   8  10   8  17  23  18  49  47   8   5  20  47  47  34  21   8  49  42   9  10  36  33  32   3   1  23  44  43   2  25  13   3  25  21  49
  33  19  36  15  21  29   9  23   9   2  47  12  16  28  44  12   2  22  50  14  33   4  12  30  33  37  47   4  45  25   7  22  49  48  44  36  43   8  45  33   3  49  16  50  15   6  46
  36   9  11  47  48  32   3  14  13  16  26  46  13  31   2  20  39   8  17  18  21  44   9   7   4  49  36  47  36   4   7  49  43   7   4  26   6  35  39  26  50  50  13  14  12   6
   5  38  24   9   1  19  36  46  45  10   7  31  46  29  45  48  16  32  10   9  47   8  12  46  13  39  25  45  44   5  16   1  20   8  37  21  18  31  14  35  40  12  18  35  38
  44  35  43  49  41  37  21   6  20  18   6  25  30  41  16  40  16  16  31  29  37  19  19   9  50  13   9  50  10  10  16  36  50  40  36  42  36  24  20  22  14   6   5  13
  41   5  24  23  39   6  36  30  27   6  45  23  20  15  49  18  41  44  24  36  13  47  46  46  44  42  34   2  18  44  45   1  22  34  13   6   8  21  21  21  21   6  17
   3  29  18  42   4  28  30   9  49  47  20  27  46  23  17  26  41  50  39  14  11  20  30  12  23  28  14  21  39  23  17  34  17  20  40  22  31  16   2  16   7  45
  25  21  13  15  17  23  41  19  27  32  10  37  13  39  27   7  18   3  32  18  21  22  30  41  16  29  30  50  42  12  32  29  28  50  28  31  10  13  12  39   3
  36  16   9  23   9  15  14  42  29  31  10  26  35  49  28  29  49  11  15  33  25  13  45   5  39  28   6  50  17  26  37  10  17   5  20  30   4  13  47  47
  11  34  10  27  14  24  13  25   9  18  38   5  21  33  15  41  42  13  24  48  36  47  40  23  27  21  11  11  31   6  31   2  47  50  22  10  44  34   2
   9  47  33  27  26  15  13  18  50  39  47  10   8  17  12   3  50  37  16  40  40  48   5   1  18  16  15   8  41  35  30  14  42  16  22  13   4  47
   2  19  33  33  23  38   1   8   7   8  39   3   8  42  31  32  46  44  30  21  22  20  24   3  17  49  10  36  43  49  45  43  35  12   2  10  20
  41  45  45  17  43   7  42  31   5   7  31  16  37  37   8  20  18   7  34  34  37   4  36  31   6  48  49  10   4  43  26  33  49  46  19  15
  16   7  36  11  11  12  24  36  26  48  46  15  48  36   4   9  24  40  14  34  47  34  47   7  26  35  18  35  39  20  18  37  28  12   3
   3  19   3   7   1   4  23  46  21   6  14   6  20  34  29  12  28  21  49  35  34  28  32  15  46  49  23  17   8  34  35  10  31  35
   7  42   4  27  41  24   9  32  16  26   8  10   7  43  21  48  37  42   6   3  30  39  23  38  17  36  39  34  21  49  19  37   8
  45  45  35  28  27  23  48   6  35  12  37  23  50  12  41  34  48  14  37  29  46  48   1  42  17  32  28  43  43  15   1   4
  40  15   1  37  40  32  42  23  43   9  39  40  28  44  23  39  44   6  37  29  35  27   6  18   7  39  10  35  39  27  13
  26  41   3   9  36  31  26  43   5  16  21  25  49   4  32  10  27  37  44  28  19  13  48  14  50  39   4  24  50   6
  42  18  29  29  34  43  38  39  26  20  21  23   9  15   2   7   6   1  10  34   3  27  22  30  14  14  26  26  18
  22  35   8  14   6  14  14   4   6   7   1  13  24  23  21   5  48   2  18   3  16  40  19  35  15  16  43   2
   2  23  34  25  11   9  30  17  39  20  49  48  10  35  14   3  16  24  31  35  13   8  19   9  31   6  11
  11   7  34  16  16  33  23  16  11  15   2  34   2  48  24   2  35  23  21  24   2  28  17  18  12  19
  32  39  26   3   1  34  28  29  48  50   6  32  34  48  47  17   5  34  29  13  47  10  28  36  28
  50   9  46  37   1  15  13  21  23  18  21   6  48  17  44  10  34  18  47  23  11   9   2   2
  48  29   3  28  15  26  38  30   1  39  41   8  50  23  50  49  11  41  46  33   6  18  22
  24  10  25  38   7  19   1  48  27  37   1  43  48   7  33  38  12  35  38  45  39  38
  44   4  45  34  28  49  11   4  11  30  25  40  18  41  30  43  17  19  41  15  27
   7   8  36  26   3  36  23  31  17  39  32  28  13  13  32  30  35  18  15  41
  13  19  24  19  47  38  15  26  13  23   8  10  14  39  31  26  37  44  10
  47   2  12   4  34  20  35  30  14  32  21   6  36  47  46  15  22  17
  39  47  21  49  37  24  21  15  41  50  38   2  12  43  33  40  42
  36  44  13  28   6  27  11  29  46   4  35  42  20  37  18  47
  19  39  40  39  30  49   9  13  20  44  44   3  25  11  36
  17  16  37  34  34  47  15   3  10  34  44  16  45  25
  38  41  37  21  34  46  27  20  46  33   9  24  18
   6  30  26  37  46  48  17   2  16  46  48  35
   7  34  35  37  43  22  14  11  39  43  15
  38   5  44  38  41   3  50  18   2  13
  49   2  26  42  37  11  31  15  32
  22  46  17  26  34  14  44  32
  43  33  13  12  21  28  11
  39  37  30  41  47  13
  20  31   5  43  12
  12  21  19   5
   9  49  28
  21  41
  50

 1040
   2   1  19  22   8   9  22  12   7  23  16  14   5   8   2   9   4  10  17  19   5  12   9  17  23  17  19  23   4  10   7  14   9  10   3  24   8  11   1   6   1  15  17  10  21  22  21  12  19  24   6  24  25  16  23  15  19  23  18  13  17  15  17   2  20   8   1  25   6   2   6   5  21  11  14  21   4  19   2  15   3   6  23  19   2   1  17  18  17  22  12  22  14  10  11  13   4   5   9  11

