 100 
   0   6  37  45  50  20  22   3  46  41  24  19   8  37  28  13  25   1   0  20  32  19  29   0  36   8  13  43  12   0  13  21   0   0   1  18  17   0  13  38  11   3   8  28   0   0  31  14   0   0  25  19  32   0   7  47   0   6   0  26  47   0   0  31   2  32  28  38  48   0  45  40  39  31   2  40  28  21   0  14  35  26   0  37  33  15  39   0  19   2   0  25   6  26   0  19  48  34  46  48
   0  46   0  37  43  26  42   9  22   0   0  42  44  46  45   9  45  49  24  34   1   0   0   5  34  24   0   0  30  11  39  23   0   0  38   1   2   0   0  50   0  19  23   0  50  34  33   8  29  27   7  29  11   0  14   0  21  32   2  19  13  33  48   0   0  30  28  43  20  11  50  21  40  34   0   0  32   4   3  12   0  44  46  29   0  31  27   0   8  44  14  14  31  26  17  30  31   5  30
   4   8   0   0  36  35  26   3  23   4  23   0   0  23   2  16  47  15   0   0  39   7  44  28  17  23  18   2  36  15  19  28   5  39  16   9  38  19  21  24   0  33   0  42   2  13  25  39   1  17   0  40   0  30  14   0  28   6  33  36   0   0   0   4   1  24  30   0  14  28   2  49  30  29  18  26  14   0  30  34   0   0   0  38  16  48   9  47  29  24  18   0   0  35  42  26  19  15
  45   0   4  49  36  47   0   0   0   4  36  23   0  20  34  39  28  14  31  36   0  41  50  34  17  30   9   8   0   2   0  32   6  47  27  38  13  34   3   0  20  34  47  49  34  17  38  41   1   0   6  34   0  41  35  43   0  46   3  23  11  33  45   0   6   0   9   5   4  38  41   0   2  42   9  16   1   0  29  41  45  28  28  33  46  37   0   1  25  10  32  38  18   0  42   0  10
   0  34  47   0  42  15   3   8   5   0  31  24   3   6  26   0   4   0   0  29   0  30   6  31   8  44  47   0  40   0   0  18  16   0  39   7   0  18  19  32  37  20  17  48   2   0  36  10   0   0  25  36  41   0   6  19  28  35  36   0  46   0   0   5  33   0   5  50  40  42  16  32  35  50   0   0  22  22  23  21   0  31  38   0  28  13  37  18   8  31  50  10  47  34  19   0
   9   0  12  39  43  12  10   7  34  16  15  43  15  26   0   0  24   0  11  48  28   5  15  26   0   0  18  32  34  46  41   0   0   0  49   9  48  13  22   0  47   4   0  47  39   0   0   7  46   6  50  18   0  11  37  49  34  47  16   0  20  31  48  13   2  25   0  37  33  21  14  44  38  16  25  13  11  46   0   0  30  10  46  27  27   0   0  44  35  39   0  28  50  22  49
  39   0   0   0   0  23  11  15  47   0  43   7  49   0  28   0  42  29  11  35  45  46  23  12  36   0  15  25  44  25   0  43  19   0  35  21  12  37  50  23   0  14  37   2  32   0   5   0   6  50   0  46  44   0  45  32  22  33  39  41  35   0  24  37  37  37   0  43  45  33  40   1   0  34  49  10   0   0  46  27  47   4  19  41  31  45  32  50   3  33  24   1   0  42
   0   0   0  21   0   1  35  20  23  24  23   0  39  43  38   5  32  14   6  42   2  13  14   7  45  32   2  50   3  46  25   0  20  16  12  10  27  46  45  48  31  16   0   0  14  24  42   6  19  28  15  50   0   4   3  23  43  39  28   0   0  15  24  17  50  12   6  16  29   0  24  45  29  15  11  48  28   5   0  37  34  27  20  46   0   1  14  33   0  35   4   7   6
   0  13  36   0   9   0   0  43   0   1   0   0   0  22  43  48   0  27  13   3  48   4  44  46  46   0   0   0  35  12   0  45   7   5  19  29  33  39   0   0  38   0   0  31   0  20   5   0  23  50   5  40  30  48  15   0   0  36  20  43  18  35  47  39  49   0  40  11  14  46   0   0  41   0  19  38   8   2   0   0  34  19  26   0  45   0  10   0  16   3   3   0
  44  34   0   0  14  30   0  45  15  25   2  46  49  15  17  16  37   0   0  22  30  40   1   0   5   0  19  20   0  47  38  31  31  49   1   0   7  10  20  19  27   0   1  19  26   0  37   5  48   0  13   0   1  37  46   0  19  44  32  28  15  18  30  30  44  19  46  10   0   0  39  32  18  44  21   0  40  27  10  11  47  47   4  39  21  46  29   6  40   0  10
  43  43  47  50   3  17  18  29  44  33  46  10  10   9  43   0   0  46   1  36   0  44   5  25  14   4  33   0   5   0   3  16   0  30  48  12   2   0  39  45  41  23   0   0   0   0  39   0  50   0  35  40   9   0  10   0  13  12  18  49   0  15   0  42   6  21  35   6  16   2  29  11  27  48  41  13   0  44   0   9  40  20  41   8  40   0  22   0  15   0
  30   8   3  17  26   0  39  48   0  16  28   9   0  27   0   5   0  23   0  20   0   7   0  48   0  12   0  13  14  26   0  16  39  30   6  42  50   6   0  17   0  27   3   6  17  24  31  45   2  30   1  29  16  27  49  47  33   3   9  34   0  38  26   0  29  11  12  13  35  29  34   0  24  46  34   0  42  44   0   0   0  14  25  34  48  38   0   0   0
  42   6   0   3  11  44  13   7  10  33  29  35  37  45   0  31  21  32  26  48   3  18  24   0   0  37   0   0  40  30  15  50   0  40   0  38  33  44  14  30   6  14   7  34  15  34  23  41   0  34  24   8  50   1   3   0  30  44  12   0   3  27   3  46  43  33  28   1   8  46   0   0  47   0  35  25   0   2   4  17   0  12  11  47  21  18   0  30
  41  14  36   0  50   0  19  22  19  37  37  17  37  21  30  24   0   1   0   5   0  48  24   0  39   0   5  33  42   9   7   5  27  29   7  16   6  34  41  43  43  33   8  12   3  46  20  35  25  14   2  12  12   7  39  46   0  21  19  11   0   0   8  21   0  24  35  31   0   0   0   0  27  26   0   1  39  20  41   9   0   0  27   0  15   0   0
  49   0   0  37  45  28   0  34  10  43  36  26  16   1  47   0   0  10  13  34   0   6   0  10  21   8  15  10   1   4  28   0   0  44  23  18   0  32  47  28   0  37   8  33  26   4  40  37  49  40  26   0  21   0  27  33   0  32   9  41  19   0   0   0   5   0  32  35  10  48   6  34   5  14  38   0  48  18  21  23  12  40  38  25  17   0
   5  25   0  46  47  27   0  28  33  48  29  36  25  33  50  44  32   3  15   0   0  42  43   0   0  31  16   0  41   0  21  44  41   0  37  29   7  47  39   0  18  14  11   0  24   3  33  47  14  15  33  12  33   0  41   0  30   3   0   0  10  44  17  38  18  13   0  44  29   6   9  32  35  47   0  11  23   0  32  16   0   9  33   0  11
   0  46  42   4  20  13  22  18   0  50  22   0   7  24  36   0   0   0  13   0  34  38  44  24   0   0   0   0  36   0  48   0  47  47  29   0  17   6  27  20  17  28  13  34  21  38  14  30  10  25   0  31   0   6   2   3  20   0  19   0  19  20  20  24   0  38  32  40  13  29  31  40  23  38  39   9  21   0   0  47  44  27   7  14
   0   0  35   0   0   0   4  23   0  31  35   7  13   0  18   0  36   9  47   0   0   0  25  49   0  13   9  36  46  30   0  18  30  17  36  37   5   0  30   0  44  13  29  19  35  26  50  12  11   0   9  15  28  19   0  36   0  19  31   0  21   0  20   0   0   3  15  39  18  23   0  47  28   4  12  21  37   0   0  28  11   0   0
   0  44   0   0   0  48   0   0   0  38  28   0  20  10  31  13   0  17  40  40  22  40  31  44  21  32  43  41   2  33   1  23   6  13  45  20   0  49  38  28   3  24   2  23   4  23   0  45  13  42  42   0  35  14   0  48  46  23   0  21   0  48   1  42  43   7   0  10  35   0   2  28   2  31  16  38   2  18   0   7  36   0
   0  27  22  20   0  30  48   0  34  26   0   1  38  47   0   0   0  35  22  21  22  47  45   5   0  24  23   2  49   7  22   0  11   7  35   3   1  25   0  46   0  21   0   0   8  48  23   5   5  15  15  16  49  38  28  14  12  32  12  12   0   0   0  43  10   6  11  46  36   2  15  47   0  25  25  13  10  50   0  43  39
  43  38  25   1  39  10  21  39  50   0  45   0   6  11  19   8   0   9  39  45  16  27  10  36   3  24  35  24  17  50  41  39  10  15   0  23   7   0  35  28  42  41  29  49  10  18   4  48  19   0  14   0  30  16  13  30  42   8   0   0   0  23  21   5   3  43  33   0   0   4   0   1  37   0  16   0  16  25  38  43
  21   0  33   0  50   9  31  11   3  47  20  20  14   2   2   0  20   5  41  29   0  33   6  21  12   6  43  19  38   0   0   0   0   1   9  32  46  46  40  33  23  35  40   9   0  11   8   0  23  26  11  35   0   9  48   3   0   0  33  10   5   0  27  25  33  17   0  35   2  22  47  48   4  24   1  28   2   0  29
  18  46   0  50   0  10  13   0  19  19   0  37   0  27  32  46  46  16   0  28   0  33  47  20  20  34  50   0   4  49   9   0   7   0   0  35   6   0   0  16   0  19  10  15  44  39   0   9   2  49  17  22  50   0  26  18  18  39  21   0  43  10  17  36  32   4   3  36   0   0   0  23  49  31   0   0  23   0
  47  20  43  16   8  37  23   1   0  17   7  14   0  50   5  45   0  21   0   0  12  28  48   3  42  32  31   6  26  37   4   0  40  46  43  27  49  47  13  32  30   0  45   9  40   0  49  30   0  25  18   0   0  16  38   6  32  32  44  25  47  23  30   0  35  34  39  46   6  41   0   0  36   9  48  36  25
  35  43  15  21  48   0  24  30  49  25   0  28  33  33  23  41  38  48   0  34   0  29  21  34  28  23  43   9  22   0   0  13  22  26   0   8   0  29   9  23  16   0   7  30  50   3  45   0   5  34  45   0   0  11  20  40  32  39   0   0  45  35   0   0  18  12  27  11  11  28  38  48   0   0  15   0
   0  16   5  30   0  49   0  22  20   3   0  25   0   0   0   0  47  12  35  14  43   0   6   0  33  36  41  14  38  34  12  14   4  45  10  21  25   0  31  37  39  26  37  26  47  37  48  35   9  40  14  26   0  42  35  14  11  47  12  31  42   5   0  26   0  26   7   0   0  27  21  46  17   4   0
   0   8  39  35   0  48  41  26  13  23  13  18  42  36   0   0  46  22  27  24  26  27  24  46   0  22  39   9   0   3  31  37   0   0  46  34  32  39   0   6  13   0   4   9  46  25  14  16  11  11  15  44   0   0   0   4   0  14   0   2   6  44  21  20  12   8   0  12  38   2  19   3   2   0
  11  26  11  13  37   0  18   0   8  24  29  50  26  20   0  45   8  18  34  22   0   0  15  31   3   1  18   0  19  31   0  24  49  26   4  40  34  46   0  27   0  29  42  13   0  46   0  20  12  42  19   9   2  41   0  11  18  35   0   1   2  27  23  26  22  11  14  25  10   0  28  33   0
  48  39  23   7   0  34   2   0  49  45  23   0  34   0   9   0   0   0   0  10  32  24  46   0   0  24  16   7   0  42   0  33  38   0  36   0  47   0   0  21  22  20  38  33  24   0  22  13   0   0  49  37   0   1   8  42  29   0  47  24   1  41  15  44  10  15  31   0   9   0  19  26
  18   5  48  35  28   1   0  47  19  14  19  14  46  16  18   8  23  30   5  14  43  14  11   0  41  10  41   0   0  48   0   0   5   0   0  45   1   0   0   1  47   0  12  37  39   8  34  33  45  27  49   9  45  12  18   4  34  26   6  24   0  44  19   6   0  13  21  45  28  33  17
  39   0   6   5  45  20  46   0   6   0  47  22  15  46   0  16   6   0  40  37   0   0   0   0  32  15  24  13  33   0   0  40   3  18   0  42  21  31  48  48  41  11  32   0  24  43   0   8  31  45  45  50  21   0  43   0  17  36  43   0  24  43  47   0  15   0  41   0  28  21
   0  20   0  38  33   3  14   0  25  50  42   7   0   0  41  37   0  46  31  11   0  41   0  13  43  33  10   0  21   0   0  31  42   0   6  19   0  23  11   0   0  18  37   3   0  31   0  34  12  45  46   0   4   0  14   7   3  21  18  21  42  15  18  12  41   7   0   7   0
  44  34  32  45  42  49  32   0   9  20   0   9  43  46  35  37  49   0  31   0  32   0   0  45  37  20  50   0  27   0  41  17   8  20  42  41   0  45  24  39  43   0  24   6  12   0   0  46  22   7  48   3   6  22   3   9  39   0  15   0  20  38  43   0  38   4  36  24
  22  48   0  32  42   0   0  17  48  17  20  25  46  40   9  34  50  19  11   0   1  15   0  37  12  13  36   6   0  41   2   1  39   0  26  16  24   0   5   0  28  34  28  46  17   5   4   0  39  49  22   0  44  36  38   0  18  42  46   8  13  47  14  20  20   0   0
  25  20  26   0   0   4  50   0   4  12   0   7   4  43  37  40  39  40  49  10   1  35  39   0  49  32   0   0   9   3  29  44  23   0  18   0   5  17  13   8  39  28   7   0   9   0  34   0   8   4   0  26   0  32  40  48  25   5  28   0  10  45  11   9  12  26
  36   0  42  28  44  19   9  39   0   0  35  40   0   0  35   0  36  11   0  32   8  22  40  43   0  33   0  35   0  14  50  11  13  47   3   9  28  10  35  12   9   0   0  45  39   6   9  18   1  38   7   0  16   0   0   6   0   6  50   0  31  25   0  29  17
  36   4  30  10   0  39   3  34   0  15  29   6   0  50   0   0   2   0  38  10  27   0   0   0  41  28  36  22   0  17   0   2   8   3  38  49  38   0   0  29   0   7  42  12  11  14  13   0  46  34   7   0  37  32   0  34  17  21  42   4   0   7  44  47
  15  47   0  45   0   0   0   0   0  31  22   7  41  31  22   9   9  48  29  25   0  26   0   4  27  31  28  49  27  29  28  14   3  12   0   0  35  27  33  10   6  28  17   0  44  42  19  45   0  42  40   4  37   0  12   6  36  28  36  18  16   0  42
  23   0   9  25   1   0   1   0  24   0  41  44   0  13  36  26  14  14  12  14  40   0  47  35   0   0   5  12   0   2   1   0  22   6  35   0  42  10   4   0   1  38  25  10   0  39   0  23  21  47  25   1  47   0   0   0   2  10   0  21   0  41
  41  12  33  17  44   0   0  35   3   0   0   0   0  34  10  12  25  16  37  18  13   0   1  19  15  13   0   0   6  31   9   0  48  14   0  47  47  22  32  31   0  45  49  14  14  33  29  27   0   0   0   0  36   9  39  37  17  15  14   5   8
   0  38   1  19  11  23   0  37  28  43  36   0   0  26  26   0  39   5   5   3   0   0  37  50   2  29  36  10  19   1   0  33   0  11  26   0  34  26  44  28  46   2  17   0  37  19  36   9  17  47   6  27   1  10  37  11   1  30   0   8
  15   4  41  33  18   0  41  39   2   0   9  47   0  50   4   0  14   0   0  26   2   0   0   0  40  15  41  12  48   0  45  28  23   0  19   0  38  36   0  32  27  31  39  43   0  33   0  38  33  21  10  23   1   7   2   0   2   0   0
  34  45  37  33   3   4  44   0  42   6  28  23   0   0   7  12  31  45  39  14   3   0   0  45  46  12  45  38   0  27  13  43  23   9  27  10  36  35   7  17  42   5  50   5  39   9  40  38   0  23   0  48  35  12  49  25  32  23
   0  43   3  46  33  41   0  48   0   0  36  45  14  49   0  20  46  36  11   0  46  25  29   0   6   1  39  45   0  43  33  29   0  32  19   4   0  29  36   0   0   0  40  18  11  28  32  26  22   0   0  39   0  15   4  49   0
   0   4  42   0   0  18   5   8  40  46  28  50   2   1  25   0   4   2   2  48   0   0   5  49  39  41  50  19  20  47   0   0  37  21  47  11   0  16  30  12   2   0  23  37  10   0   0   6   9   1  34  31  35  40  41  16
   0   5   0   0  48  50   8  13  43  36  38  10  15  18  21  45  46   0   5  45  23  29   0   5   0  14   0  16  40  15   0  14  28  17  35  25   0   0  31   6  14   0  32   0  27  27   2   0  35   0  11   1   9   0  17
   0  30  22  40   0  30  23   1  33  21  38   4  16   3  10  11   0   5   2  25  14   0   0  32   0   0   0  45   0   0  32   0  27  44   0  22  29  47  14   0   0  45  47   4  15  26  28   7  11   0   0   0   4  15
  16   1   0   0  26   0  35  41  36   6  15  48  25  16   0  22   0   0   6  30   2  18  44  30   0  25  25  46   0  21   0  32  39  29  45   0  24   5  46  29  39  20   0  20  47  13  48  49  22  22   0  47  12
   0  30  50   0  10  21   0  34  40  23  25   0  20  39  31  44  29  40   3   0  47  39  15  49  27   6   8  10  14  34  36   8  39  29  16  32  45   0   8   0  24  33  25   7  14  50  45  50  18   0  38   2
  21  26  50  44   4  37  31  10  33  28  19  20  13  41  14   0   0   8  22   0  25   0   0  43   0  33  25   0  10  23   4   0  28  20   1  25  42  26   0  25   0  32  32   6   5  16   3  29  27   0  44
  15   9   8   0   1  38  33  17   1   0   0   1  39  21  33  13  48   0  32   0   0  12   2  27   0  29   4  44   0   0   0   9  35  30  22  30  23  20   0  26   0  33  32  31   6   0   5  42   9   0
  49   0   0  34  16  18  48  18   0   0  14  23  18  45  24   0  22  49  10  32  29  38  37   7  10  11  10  33  10   0   0  13  34  36  37  43  47  42  48  24  13  49   0  37  49  25   0   0   2
   0  33  45  50  26   0   0   0   6  30  35  30  33   0   7  16  28   0   4   0   0  15  46   0  10   0  23   0  21   1  31  24   6   1  19  36   9  25  28   1  15  28  46  47  45  39   0   4
   0   0   3   0   0  29  17  29  48  43   0  34  19  26  49  10   0  30   0  10   2  12   0  33  41  16  41  39  22   0   0  25  49  24   0  18   0   0  23  25  33   0  25   5  40   0   0
   0  22  15   0  37  34  11  47   9  16   1  20  48   2  24  20  38   0  30   0   5   0   0  15  34  38  35  28  35  11   2   0  49  29   0   4  35   0  47  36   0  35  12  45   6  28
  41  13  49   2  10  37  30   0  46   1  41  23  47   8  26   0  50   0  12  11  28   1  19  16   7  12  43  24   1   0  26   0   1  20   0   0   0   0   7  50   3   6   0  34  11
  24   0  37  28  10   7  15   0   0   8   0  18   0  42   5   0  17  16   0  32  27  31   0  50   0  46  19  50  35  31   8  24  15   0  13  43  12  22  43   9  49  30  27  34
   0  46  45  23   8  21   6   7   0  23   9   7  21   0  13  19  29  35  29  20  16  11   1   0  30  14   0  39  46  18   7  37  18   0   8  41  33  21   0  10   2  35   0
   3  49   1  38  50   0   0   0  13  26  12  17  36  10  47  29   0  37   2   0  12   5  49  30  27  11  12  32   2   0   0  30   7  46  21  10  33   5  39   0  18  20
  26   2  10  16  28   2  42  27  25  38  40  20   0  49   2  47   0   0  15   0   0  11  14  27  17  39  28  43   1   8  25  15   8  39   0  19   1  47  17  44  26
  11  31  21  22  26  13  31  32   0   0   8  10  29   0  33  40  27   0   0   0  47  15  17  50  43   0   0  22  20   0  13   0  15  34  26   0   0  23  20  29
  19   5  29  37  27  32  33  16   5   0  40  27  37   0  17  10  23  28   0   0   0  24  25  14  35   0  27  38  34  27  47   2   0  16   0  30   0  12  11
  38   0  22  23  25  30   0  24   7  36  41  42  10  27   0   0  38   0   0  27   4  18   0   0   0  27   3   0   0  36  11  35  29  49  38  19   0  13
   0   9   4  35  43  21   3  16  16  20   0   1   0  27  21  32   0  42   0   8  49   6  22   0  11  40  29  46   0   3  18   0  19   0  48  48  36
  41  23  26  10  19  25  21  10   0  21  38   8  14   9  41  10  48  48  33  17  25  46   0   9   2   0  37   9  43   0   0  42  49  40   9   6
   0   0  28  34  26  24  20  49  10  41   0  44   2  25   0   0   0   0   1   2  18   3  10  44  19   0  27  36  10  36  35   0  33   0  37
  43  36  21   0  48  42   8  26  37   0  20  11  47  26   0   0  34   0  46  47  32   0  50   8  49   1   2  19  17  17   0   0  10  42
  25  21   1   0  36   0   9   2  22   4  27   0   0   3  27  24   4   0   3   9   5   0   0  18  28   0   0  41   0  47  39  48   0
  39  18   9  32  37   5  13  30  28  19  40  22  37  41  20   4  25  30  35  26  29   0  47   1  36  43  10  40  44  40  16  18
  41   0  26   3   0  29  14   0  33  35  12  29  50  40  25  32  16  25  47   7  32  42  48  28   0   0   0  43  31   0  25
  29  43   3  18  45   0  23  31   0   0   0  13  15   0   9   3  28  47  32   0   0  15   0  50   0  45  43   0   0  10
  27   6   0   0   0  33  31   0  16  13  42  45  40  22  32   0  22   7  22  17   0  45  29  30  37  13   0  35   7
  34  11   8   8   0  50   7  31   0   0  10  38  37  35   0   2   0  48   0  49   7  24  47   0  23  33  46  36
   9  22  36  43  14  50   5  16  29  32  29  25   0   8   0   0   0  43   0   0  19  24   0   0  12  30   0
  27   0  15   0  28  45  44  13  10  37   6  22   0  32   6  33   0   7  28   0   7  27  17  36  32   0
  29   0   0   1  30  32   0  32  39   6  38   0  38  10  31   0  41   2  20  50  39  41  25   0  31
  18  10  33   4   8   3  36  13  27  43  41   0  32  13  41  22  45   0   5  48  49  16  32   0
   0  17  12  39   0   0  33  16   7   9  30  27  38  40  20  28  29   5  19  21  50   0   9
   0   1  37   0   0   4   8   0   0  11   0  20   2  10  44   4  49  42  45  18  19  28
  44  46  25  15  12  37   0  24  31   8   7  48  39  45   0  10  17  27   3  25   1
  23  31  18   8   0  48  42   6  18  11   4  39  35   0   5  29  30  33  49  35
  31  17  48   0  46   7  25   0  47  49   0   0  30  10   5   9   0  31   0
  28  39  37   0   0   0   0  29   0  41  48   0  36   3  45  20   9  21
   0  17   0  29   0  33   5  17  29  47   4   3  42  38   0  43  28
  41  19  43  29  28  22   9  19   0  24   0  27  16   0  31  25
  24   9  43   0   0   0  38  17  18   1  33   0  13  19   0
   0   0   0  35  26  10  20  38  45  49  48   0  20   0
  22  39  36  35  48  41   0   0   0  26   8   0  33
  50   7   0   0   0   0  11  10  34  40  22   5
  29   0   0  35  20  44  42  11  42  41  38
  13   3   0   0  28  25  50  12  46  24
  29  29  10  25  13  47  17  14   0
   0   5  50   0  48   9   2   2
   9  28  29  35  29  39  45
  47   5   0  23   8  21
  33   0  23   0  14
  29  15  17   5
  50   0  10
  27  30
   3

 686
  13  14   9  13  10  21  24  21   3  21   4  13   3  13   5  13  17   1  20   6   1   4   3   6  11   5  11  14   2  13   6  10   7   1  18   9  17  17  13  24  20  18  16  11  12  10  24   9  10   3   2  22  13  17  19   9   8  15  25  24  13   1  10   3   3   6   5  18  25  13   5  13  25  17  13  22  22   1  10  13  19  14  23   8  14   2  11   9  16   5  16  21  17   9   2  18  10  15  10   3

