 100 
   0   0   0   0   0   0   0  26  40  36  36  42   0   0   1   0   0   0   0   0   0   0   0  32  50   0   4   0   0  41  11   3   0  49   0   0   0  42   0   0  18   0   0   0   0   0   0   0   0   0   0   0   0   0   0   0   0   0   0  48   0   0   0   0   0  31   0   8   0  15   0   0   0   0   0   0  49   0   0   0   0   7   0   0   5   0   0   0  28   0  22   0   0   0   0   0   0   9   0   0
   6   0   0   0  37   0   0   0   0   0  42   0  47   0   0   0   0   0  45   0   0  34  24   0   1  12  32   0  45   0   0   0   0   0  46   0   0   0  14   0   0   0   0   0   0   0   0  26  45   1   0   9   0   0   0   0   0   0  20   0   0   2  18  10   0   0   0   0   0   0  29   0   0  39   0   0  39   0   0   0   0   0   0   0  16   0   0   0   0   0   0   5  30   0   0   0   0  21   0
   0   0   0   0   0   0   0   0   0   0   0  19   9   0   0   0   0   0  12   0   0  39   0  18   0   0   0   0   0   0   0   0  35   0   0  27   0   0   0   1   0   0   0  31   0   0   0   0   0   0   0   0   0   0   0   0  24   3   0   0   0   0  23  29  20   0  14  45  16  33   0   0   0   0   0   0   0  32   0   0   0   0  45   0   0   0   0   0   0   0   0   0   0   0   0   0   0   0
  25  30   0   0   0   0  40   0   0   0   0   0   9  47  43   0   0   0   0   0   0  32   0  24   0  44   0   0  15   0  16  43   0   0   0   0   0  39   0   0   0   7   0   0   0   0  19  33   0   0   0   0   0   0   0  46   0   0  33   0   0   0   0   0   0  26   5   0   0   0   0   0   0  19   0   0  26   0   0  47   7   0   0  18  41   0   0   0   0   7   0   0   0   0   0   0   0
   0   0   0   0   0   0   0   0   0  15   0   0   0   6  50   0   0   0   0   0   0  46  50  38   0  25  33  26  34   0  35   0   0   0   0   0   0   0   0   0   0   5   0  48   0   0   0   0   0   0   0   0   0   0  26   0   0   0  43  30  22   0  29   3   0   0   0   0  23   0   0   0   0   0   0  24  23   0   0   0   0   0  32  20   0   0   0   0   2   0   0  13   0   0   0   0
  18   0   0   0   0   0  32   0   0   1   0   0   0   0  42   0   0  47   0  49   0   2  23   0   0   0  36   0   0   0  27  10   0   0   0   0   0   0   0   5   0   0   0   0   0   0  36   0   0   0   0   0   0   0   0  46  37   0   0   0   0   0   0   0   0   0   0   0   0   0  23   0  23   0   0   9   0   0   0   0   0  49   0   0   0   0   0   0   0   0   0   0   0  39   0
   0   0  47   0   3   0   0   0   0   0   0   0  22   0   0  44   0   0   0   0   0   0   0   0  13   0   0   0   0   0   0   0   0   0   0  32   0   0   0   0   0   0   0   0   0   0   0   0   0  32   0   0   0   0  48  18   0   1   0   0   1  33   0   0   0   0   0  50   0   0   0   0   6  30   0  50   0   0   0   0   0   0   0   0  47   0   0   0  25   0   0   0  47   1
   0  44   0   0   0   0   0   0   5  48  12   0   0  38   0   0   0   0   0   0   0   0  30   0   0   0   5   0   0   0   0   0  15   0  30   0   0   0   0   0   0   0  35  48   0   0   0   0   0   0  43   0   0   0   0  12   0   0  21   0   0   0   0   0   2  16   0   0  39   0  38   0  26   0   0   0   0   0  37  17   0  36   0   0  23   0   0   0   0  49   0   5   4
   0   0   0   0   0  48   0   0   8   0   0  30  21   0   0   0   0  16   0  40   0   0  19   0   0   0  26   0  36   7   0  22   0   0   0  17   0   0   0   0   0   0   8   0   0   0   0   0  40   0   0   0   0  27  20   2   0   0   0   0   0   0   0  41   0   0   0   0   0   0  19  35  34   0   0   0   0   0   0   0  13   0   0   6   0  48   0   0   0  38   0   0
   0   0   0   0   0   3   0  12   0   0   0  21   0   0   0  38   0   0   0   0   0  28   1   0   0   0  20   0   0   0   7   0  33  44   0   0   0   0   0   0   0   0   0   0   5   0   0   0  21   4  39  40  17  32   6   0  35   0   0   0   6  29   0   0   0   0   0   0   0  28  44   0   0   0  48  11  12   0   0   0   0   0  34  26   0  19   0   0  42  16   8
   0  23   0   0   0   0  13   0   0   0   0   0  38   0   0  42  50   0   0   0   0   0   0   0   7   0   0   0  43   0  38   0   0   0   0   0   0  33   0  11   0   0   0   0   0  17   0   0  34   0   0   0   0   0   0   7   0   0   0  29  30   0   0  46   0   0  15   0  24   8  31   0  39  13   0   0   0   0   0  32   0   0  24  13   0   0   6   0   0   0
   0  41   0   0   0   0   0   0  12   0   0   0  42   0   0   0   0   4   0  39   0   0   0   0   0   0   0  30   0   0   0   0   0   0   0   0   0  32  24   0   0  16   0   0   0   0   0   0   0   0  23   0  29   0   0   0   0   0   0   0  24  34   3   0  33  10   1   0   0   0   0   0   0   0   0   0   0   0   0   0   0   0   0   0   0   0   0   0   0
   0   0   0   9   0   0  28   0   0   0  23   0   0   0   0   0   0   0  12   0   0  28   0  41  22   0  48   0  27   0  21   0  45   0   0   0   0   0  47   0   0  46  46   0   0  16   0  10   0   0   0   0  13   6   0   0   0   0   0   0   0   0  28  45   0   0  33   0  13   0   0   0   0   0   0   0   0   0   0   0   0   0   0   0   0   0   0   0
  45   0   0  12   0   0   0   0   0   0   0   0  17   0   0  28   8   0   0   0   0   0   0   7   0   9   0   0   0   0   0   0   0   0   0  12   0   7   0   0   0   0   0   0  42   0  13   0  43  14   0   0  20   0   0   0   0   0   0   0  47   5   0   0   0   0   0  34  21  32   0   0   0  35  31   0   0   0   4  46   0   0   0   0   0   0   0
   0   0  43   0   0   0   0   0   9   0  38   0   0   0   0   0   0   0   0   0   0   0   9   0  25   0   0   0   0   0  44   0   1   0   0  50   0   0   0   0   9   0   0   0  33   0   0   0  35   0  40   0   0   0   0   0  19   0   0  30   0   0  22   0   0   0   0   0   0   0  28   0   0  30   0  18   0   0   0   0   0   0   0   0  43   0
   0   0   0   0  38  22  19   5   0   0   0   0   0   0   0   0   0   0   0   0   0  18   0  36  16   0   0   0   0   0   0   0   0   0   0   0   0  13   8   0   0   6  24   0  26   6   0   0   0   0   0   0   0   0   0   0   0   0  16   0   0   0   0   0   0   0  23   0  46   0   0   0   0  38   0  33   5   0   0   0   0   0   0   0   0
   0   0   4   0   0   0   0   0   6   0   0  10   0  15  50   0  18   0  35  41   0   0   0   9   0   0   0   0  49   0   0   0   0   4   0   0   0   0   0   0   0  23   0   0   0   0   0   0   0   0   7   0   0  49   0  18  25  44   0   0   0   0   0   0  16   0   0   0   0   0   0   0   0   3   4   0  26   0  18   0   0   0   5   0
   0   0   0   0   0   0   0   0   0  19   0   0   0  38  27   0   0   0   2   0   0  48   0   0   0   0   0   0   0  23   0   0   0  22   0   0   0   0  26   0   0   0  22   0  29   0   0   0   0   0   0   4   0  14   0  29  44   0   0   0   0  14   0   0   0   1   0   0   0  44   0  14   0   0  43   0   0   0  12   0   0   0   0
   0  21   0  38   0   0  41  36   0   0  42   0   0   0   0   0  34   0   0   4   0   0   0   0   0  11   0  44   0   0   0   0   0   0   0  14   0   0  42   0   0   0  12  29   0   0  19   0   0   0   0   0   0   0  36   0   0   0   0   0   0   0   0  10   0   0   0  24  40   3  36  29   0   0   2   0   0  50   0   0   0   0
   0   9   4   0   0   0  20   0   0   0  49   0   0  19   0  21   0   0   0   0   0  50  42  27   0   0   0  42   0  33   0   0   0  44   0  30   0   0   0   5   0   0   0   0   0   0  18   0   5   0   0   7   0   0   0  15   0   0   0   0   0   0  24   0   0   0   0  43   0   0   0   0   0   0  46   0   0   0   0   0   2
  27   0  31   0   0  15   0  50   0   0   8  32   0  39   0   0   0   0  42   0   0  25   0   0   0  36  23   0   0   0   0  18   0   5   0   0   0   0   0   0   0   0   0   0   0   0  32  11   0   0  19   1   0   0   0   0   0   0   0  50   0   0  30   0   0   0   0   0   0   0   0  27   0  39   0  11  29   0   0   0
  35  18  44   0   0   0  25   0   0   0   0  34   0   0   0   0  38   0   0  39   0   0   0  40   0   0   0  45   0   0   0   0   0   0   0   0   0   1   0   0   0   0   0  37   0   0  26  25  15   0   0   0   0   0   0   0  14   0  49  17   0   0   0   0   0  28   0   0   0   0  31   0   0   0   0  31   0   0  20
   0   0   0   0  25   0  24   0   0   0   0   7   0   0   0  30   0   0   0   0   0   0   0   0  35  50   0  12  46   0   0   0   0   0   0  12   0   0   0   0   0   0  18   0   0   0  13   0   9   0  10   0  23   0   0   0  12   0   0   0  21   0   0   0   0   0   0   0   0   0   0   0   0  46   0   0   0   0
   0  49   0   0   0   0  25  35   0   1   0   4   0   0   0   0   0  10   0  24   0  35   0   0   0  41   0   0   0   0  14   0   0  49   0   0   0   0   0   0   0   0   0   0   0   0  45   0   0   0   0   0  46  33  15   0   0   0   0   0   0  19   0   0   0   0   0   0   0   0   0   0   0  18   0  19   0
   0   7   0  22   0  48   0   0   0  13   0   0   0   0  18   0  41   0   0   0   0   0   0   0   0  14   0   0   0   0   0   0  50   0   0   0   0   0   0   0   0   3  43  42   0   0  32   0   0   0   0   0   0   0   0   0   0   0   0   0  41   0   0   0   0   0   0   0   0   0   0  29   0  20   0   0
   0   0   0   0   0   0  38   0   0   0   0   0   0  32  41  32   0  12   0  43   0   0   0   0   0   0   0  42   0   0   0   0  33  14   0   0   0   0   0   0   0  19   0   0   0  31   0   0   0   0   0   0   0  50  13   8   0  30   0   0  14   0  18   4   0   0   0   0  43   0   0   0   0   0   0
   0  33  22   0  26   0   0   0   0   0  39  12  42  40   0   0   0   0   1  23   0   0   0   0   0   0   0   0   0   0   0  29   0   0   0   0   0   0   0   0   0   0  20  38   0  39   0   0   0   0  13   0  10   0  10  23   0   8   0   0   0  46   0   0   0   0   0   0   0   0  26  13   0   0
   0  24   0   0   0   0   0   0   7   4   0   0   0   0   0   0   1   0  22   0   0   0   0  27   0   0   0   0   0  30  19   0   0   0   0   0  13   0   0   0   0   0   0   0  41   0   8   0   0   0   0   0   3   0   0   0   0  13   0   0   0   0  46   3   0   0   0   0  16   0  36   1   0
   0   0   0   0  43   0   0   0  24  45  26  23   0   0   0   0   0  16   0   0   0   0   0   0   0  24   0  44   0   4  14   0   0   1  14   0   0   3   0   0   0   0   0   0   0  48   0   0   0   0   0   0   0   0   0  33   3   0   0   0   0   0   0   0   0  49   0   0   0   0   0   7
   0   0   0   0   0  16   0   0   0   0   0  33   0   0   0   0   0   0   0   1  31   0  12   3   0   0  18   0   0   0   0   0   0   0   8   0   0   0   0   0   0   0   0   0   0   0   0   0   0  25   0   0  18   0  39   0   0   0   0   0   0   0   0   0   0   0   0   0   0   0   0
   0  29   0   0  49   0  49   0   0   0   0   0   3   0   0   0   0   0   0   0   0   0   0   0   0  26   0  10  35   0   0  10   0   0   0   0   0   0   0   0  14   0   0   0   1   0  11   0   0   0   0   0  43   0   0   0   0   0   0   0  31   0   0  38  48   0  20   0   0   0
   0  47   0   4   0   0   0   0   5   0  34   8  13  39   0   0   0   0   0   0   0   0  23  35   0   0   0   0   0   0   0   0  24  27  24   0   0  33   0   0   0   0   0   0   5   4   0   0  32   0   0  14   0   0   0   0   0   0  23   0   0   0   0   0  33   0   0   0  50
   0  41   0   0   0  16   3   1   0   0   0   0   0   0  48  39   0  46   0  30   0   0   0   0   0   0  28   0  27   0   0   0   0  38  16  25   0   0   0   0   0   0  47   0   0  11   0   0   0   0   0   0   0   0   0   0   0   0  10  35   0   0   0   0   0   0   0   0
   0   0   0  13   0   0   0  37   0   0   4  44   0   0   0   0   0  50   0   0   0   0  25   0   0   0   0   0   0   0   0   0   0   0   0   0  21   0  20  47   0   0   0  36  45   0   0  40   0   0   0   0   0   0   0   0   0   0   0  47   0   0   0   1  20   6  13
   0   0   0   0   0   0   0   0   0   0   0   0   0   0  11   0  32   4   0  41   0   0  40   0   0  15   0   0  45   0   0   0  12   0   0   0   0   0   0  36   0   2   0   0   0   0   0  25   0   0   0   0  44   0  13   0  12   0   3  49   0  48   0   0   0  29
   0   0   0   0   0   0   0  36   0   0   0   0   0   0   0   0   0   6   0   0  31   0   0   0   0   0   0   0   0   0   0   0   0  28  29   0   0   0   0   0  12   0   0   0   0   0  11   0   0   0   0  39   0   0  16  30   0   0  37   0  30  12   0   0   0
   0   0   0   0   0   7  13   0   0   2   0   6   0   0   0   0   0   0  39  33  25   0   0   0   3   0   0   0   0  27  50   0   0   0   0   0  15   0  27   0   0   0   0  44   0   0   0   0   0   2  25   0  10   0  23   0  24   0   0  26   0   0   0  36
   0   0   0   0   0   0   0   0  10  47   9   0   0   9   0   0   0   9   0   0   0   0  13  44   0   0   0   0   0   0   0   0   0   0  30   0  43   0   0   0   0   0   0   0  16   0   0   0   0  18   0   0   0   0   0   0   0   0   0  34  32   0   0
   0   7  44   0   0  26   0  24   3   0   0  14   0   0   0   0   0   0   0   3   0   0   0   9   0  25  12  20   0  21   0   0   0   0  12   0   0   0   0   0  33   0   0   0  11   0   0  40   0  18   0   0  17   0   9   0   0   0   0   0  33  32
   0   0   0   0   0  12  36  20   0   0   0   0   0   0  36  37  36   4  17   0   0   0   0  11   0   0   0   0   5   0   0   0  42  44   0  25  26   0   0  22   0   0   0   5   0  11   0   0   0  49   0   0  39   0   0   0   4   0   0  41   0
  32   0   0   0   0   0   0  15   0   0   0   0   0   0   0  30  43   0   0  47   0   0   0   0   0   0   0   5  46  13   0   0   0   0  34   0   0   0  18   0  37   0   0   0   2   0   0   0   0   0   0  30   0   0  20   0  17   0  20   0
   0   0   0   0   0   0  23   0   0   0   0   0   0   0   0   0   0   0   0   0  28   0   0  19   0   0   0  49   0   0  24   0   0  10   0   0  44  36   0   0   0   0   0   0  28  33   0  34   0  41   0   0   0   0   0  35   0  41  42
   0   0   0   0   0   0  20  30  40  42  13  43   0   0   0   0   0  32   0   0   0   0   0   0  35   0  34  29  42  27   0   0  47  46   0   1   0   0   0   0   0  28  42   0  40   0   0   0   0   0  45  42  26   0   0  29   0   0
   0   0   0  34   0   0   0   0   0  10   5   0  49  26   0   0   0   0   0   0   0   0  17   0   0  23   0  12   0   0   0   0   0   0   0   0   0   0   0   0   0   0   0   0   0   0   0   0   0   0   0  21   0   0   0   0   0
   0   8   0   0   0   0   0   0   0   0  25   0  41   0   0  29   0   0   9  36   0  10  22   0   0  24   0   0   0  15   0   0   0   6   0   0  33   0  22   0   0  50   0   0  21   0   0   0   0   0   0   1   0   0  15   0
   0   0  36  31   0   0   0   6   0   0   0   0  16  28   0   0  22   0   8   0   0   1  21   0  40   0   0   0   0   0   0   0   0  29   0   0   0   0   0  40   3   0   0   0   0   0   0   0   0   0  28   0   0   0   0
   0   0   0  36  36   0   0   1   0   0   0   0   0   0  13   0   0   0   0   0  36  24   0  19   0   0   6   0  32   0   0  16  22   0   0   0   0  44  33  31   0   6   0   6   0  12   2   0   1  28   0   0   0   0
   0  19   0  36  38   0  11   0   0   0   0   0   0   0  34   0   0   0   0   0   0   0   0   0   0   0   0  16  27   0   0   0   0   0  36   1   0   0  40  41   4   0  42  48   0   0   0   0   0   0   0   0   0
   0   0   0   0   0   0   6  32   0   0   0   0   0   0   0   0   0   0   0   0   0   0   0  19   0   0   0   0  20   0   0  47   0   0   0   0   0  32   9  44   4   0   0   0   0  50   0   0   0   0  44   0
   0   0   0  26   0   0   0   0   0   0   0   0   0   0   0   0   0   0   0   0   0  21  36   0   0   0   0   0   0   0   0   0   0   0   0   0   0   0   0   0  20   0   0  40  14   0  27   0   0   0  15
   2   0   0   0   0   0   0   0   0   0   0  41   0   0   0   0   0   0   0  17   0   0  13  32   0  37   0   0   0   0   0   0   0   0   0   0   0   0   0   0   0   0  42   0   0   0   0   0   0   0
  45   0   0   8  16   0   0   0   0  32  46   0  35   0   0   0   0   0   0   0   0   0  15   0   0   0   0   0   0   0  36   0   0  16   0   0   0  17   0  11  48  35   0   0  26   4   0   0   0
   2  21   2   0   0  32   0   0   0   0   0   0   0   0   0   0   0   0   0   0   0   0   0   0  28   0   0  48  26   0   5  40   0   0   0   0  17   0   0   0   0   0   0   6   0  42   0   8
  19   0   0   0  34   0   0   0   0   0   0   0   0   0   0  33   0   0   0   0   0   0  48   8   0   0   0   0  17   0   0   0   0   0  22   0   0   0   0   0   0   0   0  31   0   0   0
   0   0   0   0   0  35   0   0   0   0  23   0   0  19  23  17   0   0  48   0   0   0   0   0   0   4   0   0   0   0   0  12   0  39  33  18  42   0   0   0   0   0   0   0   0   0
   0   0  45   0   0  23   0   3  23   0   0  47   0   0   0   0   0   0   0   0   0   0   0   0   0   0   0   5   3  49  43   0   0   0   7   0   0   0   0   0   3   0   0   0   0
   0   0   0   0   0   0  30  13   0   0   0   0   0  41   0   0  43   0  11   0   0  23  41   0   0  47  43   0   0   0  44   0   0  29  17   0   0   0   0   0   0   0   0   0
   0   0   0   0   0   0  49   0   0   0   0   0   0   0   0  20   0   0  22   0   5   0   0   0   0  27   0   0   0   0   0   0   0  22   0   3   0   0   0   0  25   0  17
   0  30   0   0   0  47   0   0   0   0   0  39   0  50   0   1  25  46   0   0   0   0   0   0  46  46   0   0   0   0  14   0   0  30   0   0  46   0   0  45   0   0
   0  23   0   0   3   0  12   0   0  34   0   0  14   0   0   0   0   0   0   0   0   0   0   0  41  42   0  35  28   0   0  44   0  43   0   0   0  41   0  30  15
  23   0  38   0   0  12   0   0   3  34   0   0  35   0  17   0   0   0   0   0   0   0   0   0   0   0   0   0   0   0   8   0   0   0   0   0   0   0   0  20
   0  34   0   0  22   0   0   0   0   0  12   0   0  28   0   0   0  25   0   0  19   0  39   6   0   0   0  26   0  34   5   0   0   0   0   0  43   0   0
   0   0  17   0   0   0   0   0   0   0   0   0   0   0   0  39   0   0   0  41  39  29   0   0   0   0   0  16   0   0   0   6   0   8   0   0   0   0
   0   0   0   0   0   0  30  36  26  27   0   0   0   8   0   0   0   0   0   0  15   0   0   0  22   0   0   7   0   0   0   0   0   0  23   0   0
   0   0   4   9   0   0   0   0   0   0   0  35   0   0   0   0  46  46   0   0   0  42  49   0   0  43   0   0  46   0   0   0  27   0   5   0
   0   0   0  12  27   0  37   0   0  13   0   0   0   0   4   0   0  20   0   0   0   0   0  26   0   0   0  22  31   0   0   0   0   0   0
   0   0  43   0   0   0   0   0   0  25   0   0   0   0   0   0   0   0  13   0  47   0   0   0   0   0   0   0   0   0   0  42   0   0
  43   0   6   0   0   0   0  26   0  34  46  17  49   0   0   0  32  17   0   0   0  41  42   0   0   0   0   0   0   0   0  29   0
   0  48   0  46   0   0  13   3  25  18  22   0  11   0   0   0   0   0   0   0   2   0   0   0   0   0   0   0  40   0   0   0
   0  10   0   0   0   0   0   0   0   0   0   0  30   0  37  36   5   0   0   0  13   0   0  24   0   0   0   0   0  26   0
   0   0   0   0  48   5   0   0  18   0   0   0   0   0   0   0  37   0   0  17  41   0   0   0   0   0  16   0   0   0
   6  20   0   0   0   0   0   0   0   0   0   0   0  28   0   0   0   0   0  38  38  21   0   0   0   9   0   0   0
   0   0   0   0   0  20  10  29   0  48  10  29   0   5   0   0   0   0   0   0   0   0   0   0   0   0  17   0
   0   0   0   0   0   0   8   0   0   0   0   0  27   0   0   0   0   0   0   0  33  49   0   0   0   0   0
   0   0   0   4   0   0   0   0   0   0   3   0   0   4   0   0   0   0   0   0   0  37   0   0  20  37
   0  29   0   0   0   0   0   0   0   0  22   0   0   0   0   0   0  21   0   0   0   0  45   0   0
   0   0   0  15   0   0   0   0  47   0   0   5   0   0   0   0   0   0   0   0   0   0   0   0
   0  12   0  10   0   0   0   0   0   0   9   0  13  17   0   0   0   0   0   0   0   0   0
   0   0   0   0   4  36   0   0   0   0   0  19   6   0   0   0   0   0   0  12   0   0
   0   0   0   0   0   0  36   0   0   0   0  13   0   0   0   0  14  20   0   0  21
   0  40  40   0   6  19  41   0   0   0  19   0   0   0   0   0   0   0   0   0
   0   0   0   0   0  28   0   0   0  22  30   0   0  30   0   0  20   0   0
   0  27   0  10  17   0   0   0   0   8  15  45   0  28   0   0   0   0
   0   0   0   0   0   0   0   0   0   0   0  24   0   0   0   0   0
   0   0   0   0   0  16   0   0   0   0   0   0  32   0   0   0
   0  44   4  24   0   0   0  19   0  39   0   0  41   0   0
   0   0   0   0  49   2   4  24   0   0   0   0   0   0
   0   0   0   0  18   0   0   0   0  35   0  49  40
  12   0   0   0   0   0  38   0  36   0   0   0
   0   0   0   0   0   0   2  33   0   0   0
   0   0   0  15  32   0   7   0   0  14
  21   0   0  29  39   8   0   0  49
   0   0   0   0   0   0   0   0
   0   0  19   0  36   0   0
   0   0   0   0   0   0
   0   0   0   0   5
   0   0   0   0
   0  10   0
  45   0
   0

 1014
   2   2   5  10  23   7   3  22  17  19   2   1  17   6  12   7  24  15  24  12  17   1  10  23  21  25   6   9  24   1   1   4   9   1  23   6   9  14  11  13  20   1   2  16  23   1   6  21  13  20  10   2  18   5   6  25   4  23  23   3   8  23   1  17  17  19  20   7   5  14   5   8  21  20  11   4   3  13  13  15  17  14  14   9   1   8  25  17   7   9  25  16  17  18  13   3  21  17   6  23

27205.0;27205.0;0.0;0.7;172.0;1
27205.0;27205.0;0.0;0.71;172.0;1
