 100 
  28   6  11   8   7   0  50   0  21  33   6   0   0  50  49  28   0  32   0   0   0  41  43  35  24  32   0   0   0  30  11   0  14   0   4   8   0   0  47  48  12   0  38  38  17  41  11   0   0   0   0   1  38   0   0  28  38  45   0  34   0   0   0  30   0  12   0  22   0  22   0  36   0   0  45   4   0  33   0   0   0  45  39  18  26   0   0  39   0   0  23   0  42   0  27  22  14   9  25  49
   0  28   0   0  18  18  44  47  34   0   0  46   0   0   0   0  35   0  12   0   0   0   6   0   8  39  49   0   0   0   0   0   0  41   0   0   0   5  38   0   0  49  18   0  19   0  15  15  20   0   7   0  28   0   0   0  39   0   0  16  13   0  42   0   0  37   9   0   0   0  35  26   0   0  20  36  27   0   0  49   5  16   0   0   4   0  48   0  29   0   0   0  13   0  35  34   0   0   0
   6   0  17  12   0  20  28  16   5  35   0   0   0   0   0  32   0   0   0   1   0   4  37   3  31   7   0   0  22   0  50  41   0  30  11   0  29  10   0   0  39   5  11  20   0  20   6  36  24  25  22   0  40  21  23   0   0   0  15   0  14  39   0  35   6   9  17  17   0  36   0   0   0  22   0   0  41   2   0   0  28  37   0   0   0  20  36  28   0   0  35  21  19   0   0   0   0   0
   0  42   0   0  48   0  11   0  26   0  13   0   9   0   0  49   0  26   0   0  49   0  31   0  25   0   1   4  39  38   0   0  49   0   0   1   0   0  18   0  21   0   7   0   9   0  32   0   0   5  41  13   0   0   0  46   0   0   0  18   0   0   0   0  33   0   0   0   0   9   0  20  32   0  10  36   0  26   8   0   0   0  42   0   0   0   7   0   2   0   0   0  30   0  39  19   0
  26  33  26  13   0   0  19   0   0  12  28   4   0  22   0  50  21   0  29  33   0   0   0  15  37   8   0   0  29   0  26   0   4   0   2   0   7   3   0   0   0  11  12  46   0   0   0   0  31   0   0   0  20   0   0  50  31   0   7  30  14   0   0  33   0  46  49   7  38  45   0  10   0  13  29  15   0   1   2  34   0  45   4   0  21   0  37   0  33   0   0   0   0  44   0   0
   0  32   0  31   0  47   0  46  22  48   5   0   0   0   0   0   6   1   0   7   0   0  13  10  16  46   0   9  47  10   0  48   4   0   0  28   0   0   2   0  26  13  31  37   0   0  41   0   0   0   0   0  44   0   0   0  17  42   0   2  36   0   0   9   0   0   0   0   6  45  41  12   0  38   0  38  36  32   4   0  31  16   5  19  42  42   0   8   0  34  10  27   5  36   0
   0  22   0   0   0   0   0  47   0  41   0   0   0   1   0   0  11   0  33   6   0   0  39   0   8   0  49   0   0   0  46   0   0   0   0   0  17   0   0   2  24   7   0  47   0  14  21   0  16   0   0   0  37   0  23  23   0  24   6  47   0  27   0  43   0   3   0   0   0  45  37  34  17   0   0   0   0  24   0  27  14   0   0  30  23   0   0   0  12   0   0  33   0  43
   0  24   0  29  25  17   0   0  16  23  31  27   0  32   0   0   0  45   0   0   0  25   0   0  31   0   0   0  47   5  26   0  23   1   0  43  22   9   0  49  14   0  14   0  29   0   0  13   0   0   6  12   0   0   0  48  19  26  14   0   8   0   0  29   0   0   7  12  17  17   0  44  38  38   0  14   0   0  25  35  45   0  49   0   0  35  37   0   0   0   0  31  32
  15   7  18   0   0   0   0   0   0   0   0   0  13   0   8   0   1   0   0   0  20  34  41  10   0  10   4   0  44   0   3  24  11   6   0   0  30  26  28   0   0  15   0   0  30   0   8   0  32  49   0   0  26   3  24   0   0   3  23  19  13   0   0   9   0   0   0   0  31  18  31  46   0  17   0  36   0  42   0  29  19  48   0   0  46   0  25   0  35   0  46   0
   0   3   0  27  30  43   0   0  45  31   5  34   0  33  42   0   0   0  22   0   0   0  30   0   8   0   0  22  12   0  21   8  24   0   0  43   0   0   7  18   5  13   0  33  40   0   0   1   0   0   7  42   0   0  48   0   0   0   0  21   8   0   0  37   0   0  42   0   0  37  13   0  10   0   0   0   0   0   0  23   0   0   0  46  28   0  30   0  42   0   0
   0   0  38  16   0   0  43  47  27   0  33  27  47   0   0  17  22   9  47   0   0   0  31  27   0   0   0   0  21  32  23   0   0   3   0  50   0  42  34   0  37  25   0   0   0  14   9   0   0  20   0   0  30   0   0  33   0   0   0  42  35  40   0  24  12   0   0  30   0  33  23  12   3   0   5  23  48   0  47  34   0  29   0   0   0   0  19   0   0   8
  31  37  38  33  29  12  20   0   0   0   0  10  32   0  18   1   0   0   0   9   0   0   0   0  25  27   0   0   0   5   0   4  12   0   0  34  14   0  50   3   0   0   2   0  30   0   0  16  34  15   0  11  44   0  13   0   0   6  45   0  12  41  28  43  41   0  10  19   0  47   0   0   0   0   0   0  12  21  21  49   0   0   0  21   0   0  15  29   0
  49  38  32   5   0   0   7   0   0   0   0   0   0   0   0   0  34   0   0  16  45  45   0  37   0  38  25  38   0   0  19   0   0   0   0   4   0  24   0  32   9   0   0   2  42   0  29   0   0  28   0   0   0   0  45   0   0   0  14  39   0   0  17   0  12  48   6  12   9  18  22  25  48   0  31   7   0   0   0   0  12   0  29  47  25   5   0   0
   0  27   0   0  26   0   4  10   0   0   0  32  18   0  32   0  10   0  32   0   0  20   0  44  23  22   0   0  25  36   8   0   0  31   0  32  16   0  32   0  31   0   0   3  50  49   0   0  29   0  45  42   0   0  35   0  24   0  34   0   0  45   5   0   0   4   5   0   0  10   0   0   0   0   0  17  22   0   0   0  10  15   0  33  35   0  15
   0   0   0   0   0   0   0   6  25   0  40   0   0  33   2  25   0  49  23   0   0  11  41   9   0  49  19   0  47   0   0   0  33   0   0  22   8   0   0   0   0  43   0   0   2   0   0  41   7   0  23   0   0  19   0   0   0  34   0  36  49   6  23  43  28  47  48  13  27  29  29   7   0   0   0   0   0   0   0   2   0   1   0   7  19   0
   0   0  39   0  12  48   0  19   0  36  15   0   0   0   0   0   8   0   0   0   0   0  35   0  20   0  17   0   0  12  31   0  15  22  28  12   0  33   0  15   4   8  36   0  31  13   0   0  26   0   8   0  26   0  49   0   0  24  43  15  49   0   0   0  42   0   7  27  32  38  44  45   0   0   0  29   0   0  43  41   0   0   0   0   0
  43  37   1   0  20  50   0  33   0   0   9   0   0  38   0   0   4   4   4   0   0  23  32  39   0   0  22  46   0   0  43  25  33  41  12  34  11   0  45   0   0   3  41   0  36   0  38  18  33  30   0  42  43   0  44   0   0   0   7   0   0   0  14  31  11  16   0   1   0  17  11   0  24   0   0   0   6   0  15  50   0   5   0   0
   2   0   0  43  13  29   2  16   0   0   0   0   0  40   0  27  45  27  48   0   0   0  36   0   0   0   0   5   0   0   0   3   3  41  21   0   0   0   0  21   0   0   3   0  44  27   6   0   0   0   0   0  13   0  37   0   0  20   0  40   0   0  17  50  31   0   0   0  21   0  20   0   0   0  13   0   0  44   0  45  29  33   0
   0   0  25  42   9   0  26  10   0   0  47   0   0   0   0  40  14   0  10  39   8  49   5   0   0   0   0  29   3  25  41  22   0   0  19  34  29   0  15   0  38  45   0  12  31   0   0  16   0   2   5   0   4   0  41   0  47   2   0   8   0  29  47  49  40   0   0   0  36   0  37  19  19   1  14  11   0   0   0  25   8  45
   0   0   0  48   0   6   0   0  39   8   0  48  20   0  29   0   0   0   0   0   0  14   0   8  38   0  33   0   0   0   8   0  26   0   0  42   0   0   0  11   0  38  42   0  47   0  33   0   0  33  26  17  38  49  37  28  22   0   0   0  50  43   0  13   0  34  48   0   0  38  40   9   0  16   0   0   0  48  23   5   9
   0   0   0   0   2  13   0  28   0  32   0  30   0  25   0   0   0   0   0  20  45   0   0  35   0   0  28  35  25   0  18   0   4  36   0   5  21  14   0  30  11   0  18  47   0  48   0  42   0  29   0  21  20  46  26   0   6   0   0  44   9  34  25  14   0   0   0  16  18  39   0   6   0  10  34  11   0   0  33  36
   8  45   2   0   6   0  10   0   0  16   0   0  35   0   0  45  25   0  40   0  16   0  28   0  13   0  46  23  44   0   8  49   0   0  34  21  25  12  14  24  47   0  28  13   0  15   0  34  23   9  14  45  19   0   0   0  33   0  18  24  40   0   3  13   0  42   0  26   0   0   0   0   0  36  20  36  43  50  31
   7  23  27   0   0  14  28   0   0   0  18   0  30   0  45  45   0   0   0   0   0  17  37   0   0  15  22   0   2   0   0  50   5   1  21   0   0  42   0   7  18  41   5   0  19  10  16   0  47   0  13  36   1   0   0   0   0   0   0   0  12  22   5   0   0  25   0   0   0   0  39  10   0   0   0   3   0   0
  34   0  39   0  22   0  14  25   7   0   0   0   2  26   0  44   0   0  32  48  18   0  17   0   0  43   0  35  45  47  25   6   0   0   0  34   0   0   0  15  14  20   0   0  45   0   0   0   0   0  26  37  40  20  41  11   4  38   0  41   0  20   0   0  42  37  27  23   0  24   0   0  24  21  20   0  11
   0  50   0   0   0  25   0   0   5  49  13   0  41   0  31  46   0   0  17   0   0   0  38  23   0   0   8  15   0  23  18   0  28   8   0  42  47   0  47   0   0   5  18   0   0   0   0   0   0   0   0   0  12   0   0   0  13  49   0  26  30  44   0   4  50  41   0   0   0   0   0  31  26   0  17  33
  35   0  26  46   0  18  42   0  49   0   0   0   3  20   3  48  38   4  22   0   0   0  27   0   2   0   0   0   0   0  21  36  23  18   0   0   0   0   0   0   0  42  47  32   0   9  19  47  44   4   0  35   0  43  10   0   0   2  16   0   3  46   2  22  35   5   0   0   0   0   0   0  49  20   0
  31   0   0   0   0  19   0  49   7   0  41  46  20  23  48  14   0   0  26  35   0  49   0   0  42   9   0   0  11  31   0   0   0   9   0  42   1  32  29   0   0   0   0  19   0   0   5   0   0  12  13  37  14   0   0   0  28   0  40  15   0   0   0   0   0  37  13  20  29   0  28  16   0  29
  13   0   0   8  42   0  33  18  16  11   0   0   0   8   0   4   0   0   0  39   0  30   0  39   0   0  46   0  20   0  37   0  23   0  44   0  13  33   9  31  34   0   2  32   0   0   8  50   0   0   0   0  15  26  33  37  15   0   0   7  50  17  30  31   0   0   0  30  50   0  37  42  19
   0   0   0   0   8   0   0   7  46   0   0  10  32   2   0  27  40   0   0  50   0  25   0   0  22   0   0  38   3  32   0   0  34   0  44   0   0   0   0   0   0   0  50   9   0   0   0   0  36  23   0   0  31   0   0  47   0   0   0   0   0   0  33   4  32   0   0   0  32   0  48  13
   0  43  12   0   0   0   0  46   0  11  43   0   0   0   0   0  21   0   0   1   0   9   0  30  17   0   1   0   0  19  44   7   5   0   0   4  26  10  11   0   0   0  48  14   0   0  45  28   0  13   0   0   2   0   9   0   0   7   0   0  33   9   0   0  19   0   0   0   0  14   0
   0   0  35   0   0   0  13  21   3  41  35   0   0   0  47  22   0   0  46   3  41  15   0  44  45  16  25  22   0  22  16  11  50  33   0   1  46   0   0   0  40   0  47  48   0  20  29   9   0   9   0  32   0  49   0   0  43   0   0   0  14   0  45   0   0  15  27   0  27   0
  32   0   0   0   0   0   0   0   5   0   0   0   7   0   2  42   0   0   0   0   0  47   0   0  45   1   0  21   1   0   0   0   0   0   0   0   4   0   0  49  23  19  17   0   0  19  31  34   0   0   0   0   0   0   0   8   0  42  14   0   0  48   0   1   7   0  13   4   2
  41   0  19   0  16   8  23  46   9   6   6  39   0   0   0   0   6   0  10   0  36  23  34  21   0   0  45   7   0  31   0  33   0  12   0   0   0   0  25  28   0   0   4   0   0   0  12   0   3   0   5   7   0   0   0   0   0   0   0  30   0  34   0   0  36   0  31  44
   4   0   0   0   0   0   0   0  23  35   0  34   0   0  28   7   0   0   0  15  11   0   0  18   0  20  19   4   0   3   0  46   0  44   0  14   0   0  47   0   3  49  39   0   0   0  32  37  30  11   0   2  31  21  13  17   0  35   8   0   0  46   0  37   0   0  45
  13  23  43   0  20  20   0   0   0  21  28   0  24   0   4   0   0   0  36  42  29   0   0   0   5   0   0   0   0  32   1  35   0   0   0   0   0  14   0  22  42   0  32  27   0   0   7  45  13   0  35   1  18   0   0   0   0   9  45   0   0  45  33  11   0  25
  20  30   0   0  12  31  31   0   0   0  48   9   8   0  16   0   0  50  46  26  13   0  37   0  26  13  46  49   0   0   0  27   0  45   0  13   0   0   0   0   0  48   0   0   0  49   0   0  16   0   0   0   2  50  15  14   0   0   0  11  32   0   0  18   0
   0  30   0   0  33  24  38  45   0   6   0  34   0   0   0  25  23   0   0  41  27  36   0   0  20  13   0   0  25   0   0   0   0   0  23  41  37   2   0   0   0   0   0  46  42  22   0  40   0   0  34  27  37  10  16  10   0  14   0   0  27  15   0   0
   0  14   5   0   0  22   0   0   0   0   0   0   0   0   0  29   0   0  24  44   0  37  33  30   0  10  32   0   7   0   0  43  50  47  40  12   0   0   0   0  44  12   0   8  25   0   7   0   0  16  16   0   0  11  11   8  27  12  40   0   0   0  48
   0  48  43  23   0   3   0  31   0  15   0   0  26   0   0   0  47   0   0   8   7  29   0  44  35   0  44   0   0  12   0   0  48  32   0  43   0   0  42  29   0   6   0  20  34   0   0   9  35   0  10   5   0   0   0  37   0  45   0   0   0   0
   0   2   0   0  49   0  18   0   0   7  49  30  28   4   2   0  24  19   0   0   0   0   0   0   8   0   0   6  43  21  21   0   0   0  32  46  36  24  42  48  45  48   0  17   8  28  39   0   0   0  40  41  20  19   0   0  46  29   0   0   0
   7  18   0  11   0   0  27  46  31   2   0  44   0   0  43   8  18  49   0  37   0  11  20   0  20   0   0   0  49   6  37   0  44  35  43  25   0   9   0  26  47  26   0  13   0   4   0   0  45   0   0   0   0  38  10   0  14  11  22   0
  32   0  41  18  40   0  36   1  24   0  18   4   0   0  34   2  10   0   0  14  16   0   0  22   0  20   5  44   0   0  41   0   0  30  19   0  28   0  17   0   0   0   0   0   0   0  17   0   0  38   0   0   0   0   1  48  43  21  16
   0   0  16   7   5   0  30  43   0   0  31  28   0  49  15  12  47   0   2   0   0   0   6  17   0  23   8  48  14  43   0  45   0   0   6   0  36   0  50   1   0  42   7  31   0  25   0   8   7  45   8   0  21  25   0   4   7   2
  24   0  41  18   0  16  20   0  38   0  15   0   0  33   0   0  24   0  26  36  20  13   0  17   5   0  20   0   0   0   0   0   0  35  28   4   0   0   0   0   0   0   0   0  26  36   0   5  23   0  23  35   2   0   0  23   0
   7  35  25   0   0   5  14   0   0  34  26  21  10   0   0   0   7   3  20   0   0   0   0   0   0  16   0  37  41   0  21  46  37   0  28  11   0  36   0  38  39  27   6   0   0  44   0  29   0   0   0   0  42  36   0  39
  32   0  16  26   1   0   0  26   5  29   0   0   0   0  45   0   0   9   0   0  12   0  46   0  27   9   0   0   0  50   1  32   3  43  13   0  37  30  27  32   0   0   0   0   0   3  47  47   0   0  11  35   0   0   0
   6  42  29  35   0   0  11   0   0   0   0   0  44   0   0   0   0  30  12  13   3   6  46   8  24   0  36   0  46   6  32   0  21  28  47   0   0   0   1  44   0   0  12  20   0   0  21  11  22  41   0  48   0   0
   0  17   3   0  37   0  28   0  50   0   0   0   8   0   0   0   0   0  23   0   0   0   9   0   8  29  27  31  16   0   0  38  13   0  48   0  43   0  22  23  49   0  33   0  19   3  27   6   3   0   0  46   0
  39  36  18   1   0  44  44   0   0   0  29   0  18  16  36   0   0  46  40   0   2   0   0   0   0  10  25   0   0  48  16  10  46   5   0   0  35   2   0  31  31  17  39  20  23   0  31  28  30  35   0  35
  13  38  40  13  16   0   0   0   0   8   0  38   0   5   0   0   4   0  35   0   0   0  31   0  11   0   0  32   0   0  49   0   0  48  45   0  32   0  23   0   8  47  42   0  36  42  20  42  24  17  33
  13   0  27  23   0   2   7   0   0   0  32  41   0   0  17  49  43   1   9   0   0  27   0  32  27   0   0  47   0   0  11  35  22   0   0   5   0  11   5  32   0  24   0   0  29   6   0  19   0  15
   0  14   0  24  30  32   0  47   0   0   0  10   0  31   8   0  30  14   0  31  21  40   0   3  39  17  16   0   0   1  15  28   0   0  11  28  29   0  20   0   0  27  43  33   0  18   0   0   0
   0  31   0   0   0   0  40  13  43   0  46  14   0  48   0  22   0   0   0   0  33   0  47  14   0   0   0   0   0  40   0   0  20   0   0   0   0  48  45  34   7  39   0  33  13  28   0   6
   2  26   0   0   1  10   2  10   0   6   0  27   5  50   0  34   7   0   0   0   0   0   0  38  50  50  42  25  37   0   0  41   0  34   0  19  22  24   0  16   0   0  14   0  40   0  44
  15  12   0   0   0   0  35   0   0   0   0   0  20  28   0  11   0  23   0  25   0   0  14  11  27   0   0  11   0  28  28   0  31   0  38   0   0   0   0   0   0   0  50  21   0   0
   0   0  34   0  17  28  14   0  10  21   0   0  14   0   7   0  48   0  12   0   0  26   0   7  33   0   0   0  43   0  18  32  35   7   0  35  23   0   0  24   6  28  11   0   0
   0   0  30   5  23   0   0   0   7  41   0  45   4   0   4  21   7  23   2  48  27  39   0  49   0   0   2   0   0   0  48   0  33  31   0   0  30  22   0   1   0  47   0   0
  44  48   0  43  39   3  41  38  14  49  35   0   0   0   0  11  36   0  49   0   0  32  33   0   0   3   0  37   0  42  36   0  40   0   0   0  41  36   0  16   0  37   0
  32  17   0  33   0   0  36  45   0  38   0   7   0   6   0   0   0  35   0  32  39   0  22   0   5  47   0  24   4   0   0   0   0  18  22   0   0  31   0  50   0   0
  44   0  29   0  16  44  23   0  15  20   0   0   0   0   0   0   0  33  22   0   0   0  45   5  40  24   0   0   0   0  22   6   3  46  31   0   0  32  28   0  38
   0   1  15   0  41   0  15   0  34   0  28   0   0   0   0  41   0  32  43  33  47   0   0  19  14  41   0  22   0   0   0   0  48   7  41   0   0  45  29  27
   0  16   0   0  38   0   0   0   0  44  34   0   0  44  21   0   0   0  23  19   0   0  36  17   0  15   0   0   0   1  35  48  46  21   0  21  47   7   0
   0   8   9  41   0  41  37   0   0   2   9   0  27  16  37   0   0   0   0   0   8   0   0   0  21   0   0  48  21   3  35  39   0   4  31   0  48   0
   0   0   0   0   0   0   0   0  17  46  46   0   0   0  38   0  17  48  25   0   0  27  22  50  45   0  46   7  46  50  32   0  31   0   5   0  26
   0   0  17  38   0  27  15  30   0   0  10   0   0   0  15  43  45   0   0  40  46  45  12   5  22   0  45   9  47  37   0  38   0  44   0   0
  40  41   0   6   0   6  24   0  22   0  43  49  16   5   0  19   0   0  31   0   0   0  48  47   0   0   0  34   6   1  39  28   0  21   8
   0   9   0   0   0   0   0  35   0  47  11   0  31   0   0  28   5   0  15   0   0  42   0  13   0  40   0  28  47   0  28  27   0  33
   0  46  25   0   0  48   0  21   0   0  20   0  39  47   0   0   0   0   0  13   0  12  21   8   0  24   0  40  37  32   0   0   0
   0   0   7   0   0  12   0  44   0   0  45  20  42  40  25   0  23  10  46   0  49   0   0   0   0  39   0  18  47   5  41   3
   0  29   0   0   0   0  13  12   0  11   0   8   0   0   0   0  26   0  13  29  10   0   0   0  46   0  30   0  34  14   0
   0   0  24  32   0   0   0   9   0  19  14   1  41   0  32   7   0  39  20  44  20   0   0   0  27   4   0   0   0   0
   0  27  23   0   0  43   0  42   0   0   9   0   0  39  47  47   0   0   0  46   0   6   0  49   0  45   0   0   4
   4   0   0  13   0  41  31   0   0  50   0  44   0   0   9  48  43  30   0   0   0   0   0   0   0   6  19   0
  43   0  41   0  40  36  17  15  44   2   0   0   0  25   0  43  22   0  17  34   0  26   0   6   7  27  36
   0  49  38   1  21  50  44  46  50   0   0   2   0   0   0   0   0   0  29   2   0   0   0  29   0   1
   0   0   0   7  19  45   0   0   0  17   0   0   0   0   0   0   0   4   2   2  37  22  29   0   0
  16   0   0   2   0  11   0  11   0   0   0  29   0  50   0  39   0   0  50   0   3  25   0   0
  45  11   0  15   0  21  47   0   0   0   0   1   0  24  43   0   0  29   8   0   0   0   0
   0  15  21  32  25   0   0   0  42  18   0  35   0  44   0   0   0   0  44  19  31   0
  19   0   6   0   0  50   9   0   0  39   0  38   0   4  10  37   0  13   0  15  25
  43   0   0  20   5   0   0   0  47   0   0  11   0  28   0  28  32   0  38  16
  15  40   0  41   0   0  47  11   0   0  20   0   0  11   0  44   0   0   0
   0   0  50   0   0  25   0   0   0   0  49   0   0   0  37   0   0   6
  10  45   0  17   0   0   0  12   2  14   0   0  10   0   9  22  23
  21   0   0   0   0  36   0   0  27  15   0  24   0   0  47  34
   0  45   0   0  33   0  42   0  31  40   0  25   9   0   0
   0   0   0   0   0  19   0  11  17   0   0   0   0   0
  37  35   0  41  23   0   0  45   5   0   0  49   0
  36  42   0   0  48   0  45  17  38   0  30   0
   0   0   0  25  32   9   0   0   0   0   0
  28   0   0  10   0   0   0  22   0  15
  19   0   0  50   0   0  48   0   0
  22   0  25   0  17  22   0   0
   0   0  24   0  43  26  42
   0   0  28   0  17  43
  47   3   0  47   0
   0  40   0   0
   0  22  37
   0  49
  15

 445
  19  11  17   5   2   2   9   5  11   1   1   2  16   8   6  21   5  13  16  18  13  17  21  19  16  21  16  11   1  25  17  10   2  23  11   2   2  18   7  12   6  12  20  19   7  21  19  13  18  16  24  19  18  20  23  10  17  19  20  25  21   6   5   5  12   6   2   4  23  25  10  11  24   7   2  19   2  17  18   3  15  14  14  21  15  11  15  17  20  18   2  16   8  20   3  20  25  19   6  18
