 100 
  35  16  15  20   1   7  43   6  18  14  29   0   0  40  43   6  10   5   8   9  46  40  45  30  28   0   0  24  19  48  50  32  17  38   0   0   0  36   8  39   5   0   8  45  33  26  45  34  46   0   6   0   0  37  32  14  48  25  23   5   0  42   0   0  34  21  38  18   0   0  50  20  29  15  45  19   4  46  35   0  37   0   0   8  48   6  32   0  44  24  27   0   0   0   0   0  50   8  35  39
  43  37  34  34   4  14   0  16  20  47  34   0  37   0   6  14  23   0  21  17   0   0   0   0  30  15  30  47   6  37  37  32  47  49   0   2   0  38  37  36   0  15  31   9   9   0   5  49   8  35  18   2   3  20  35  19  14   1   5   0   0  31  31   4  31  10   1  44   0  42  18   3  34  24  41   5   0  50  39   0  15   0  44   9  29  31   2  24  44   1  49  22  30   0  43  25   3  38  41
  28  17  15   3   0   0  34  46   0   0   0   7   5   8  34   0  48  28   7  49  27   6  44  18   0   0  23   0  36  26  34  23  12   0  23  18  41  44  44  12  15  50  38  42   3  11  22  12  46  28   9   6  17  47   1  34  16  25  36  43   0   0  26   0  19   0  45   0   0  10  35  30  27  31  23  27  16   0  45   0   0   9  44  22   0  24  28  21   0  22  43  15   0  27   0   0  50  16
  41  40   0   0   0  38  46  38  42  19  34  14   0  33  37  31   9   0  22  46  18  46  32   0   0  13   0  26   1  45  33   3  14  30  17  18  23   0   0  19  18   0  16  43   0   0   1  26   0  50  40  33   0  19   0  31   9   9   9  16  22  28  46  38  11   8  21  12  18   0   0   0  11  27  17  14  37  22  18  42  29  40  21  29  44   0  32  17  30  38  45  43  11   8  21   0  49
  11  41  49   3  45  28   0   0   4  20  35   6   0  34   0   0   0  20   9  23  15  24   7  29   9  23   0   0  43  35  23   0  25  48   0   0   0  41  14  26   1  16  48  33   0   0  46  33   1   9   0   9   2  35  47   6  17  17   0   1  40  33   1  37  21   0  14  37  16  18  34  22  10  45  37   0   0  32   3  29   0  31  31  13   0  22  47  28  25   0   0   7   0  30  44  45
  20  43   0  41   3  25  26   3  10  26  41  18  38  23   0   0  45   0  12   0  48   0  40  19  13  13   0   0  46  16  16  50  15  15   0  33  29   0  12   0   0   5   0   0  18   7   1  10  27  22   0  38   0  13  21   0   0   0   0  31  19  39   0  46   9  35  46  44   0  36  22  29   0  23  44  15  18  20  41  36   0  43  37  33  41  39  33   0  17  26  49  11   8  34  23
   0   2  43   0  42   3  35  18  36  42  29   5  50  40   0  34  25   4  27  17   0  12   2  25  39  38   0   0  41   0  31  24  10   0   8   1  29   0   2  23   0  32  35  21   7  33  49   0  21   0  28   0  46   3  34  42  31   0  33   5  25  26  24  33   0  42  37   0   0   0  27  41  37   0   2   0  16  37   0   3   5  11  17   0   0   0  11  17   0  32  43  45  49  48
  43  39  49  27   8  24  33   0  13   0  32  11  32  27  27  36   1  40  44  40  15  32  39  47  13  20  47  24   2  40  29  17   3   0   0  36  38  29  29  25   9   8   0   0  18  28   0  50  25   0  24  36   0  31  15  31  13   0  34  38  42  18  46   6   1   0  20  41   0   7   0  23  46   0  46   4   0  10   0   0  35  29   0   0   0  46  19   0  48  19   9  42  38
   0   8  13   0   0   5  20  26   0   0  46  39   0  47   0   0   0  31  30  17  11  22   0  39   3  44   8  50  47  48  15   0  41   4  39  47  16   0  24  19   0  50   0  35  14  41  15   0   0  35   3  13   0  30   0  36   0   9   0   0  49  10   0   0   0   0   0  44  45   1   0  10  30  39  16  26   0   0   0   0  18  42  46   0  19  33  33  13  40  39  35   9
   5   0  45  34  26  30  23  30   0   0   0  44  40  38  33  35   0  29  47  25  23   0  45   0  42  24  23   0  28  35   0  26  48  14  48  19  27  36   6  26  26  14   0   4  12  19   0   6  42  15  14  10  29   0   0  26   0  14  26  44   5   0  40   0  21   6   0   0   9  34   0  15  43  26   9   7  12   7   6  47  39   5  26  47   0  39  10  18   2  20   0
  24  36  37  20   0   0  49   0   9   0   0   0  26  50  30  18  42   0  19  38  32   0  36  39  14  19  38  49  30   0  28   7   7  26   2  22  49  17   0   0  22   3  38   7   7  25  41  17   0  48  23   0  20  28   0  35   0  45   0  20  14  46  50  42   9  18  17  16  27   0  13   0  25   0  25  33  28   2   0  27   2  13  37   0  25  50   0  50  13  25
   0  49  18  44   4   7   1  17  36   0  30  20  14  47  15   9  10   0  38   0  15   0  49  35   0   0  12   0   7  38  32  35   0   0  34  29  12  32  26  42   0   0  46  34   6   0  44   8   6  30  44  19   0  31  40  18  25   5  50  18   3  50  28  19  24   1  26  27  46   3  38   0  48  49   0  28  28   0  10  46  44  46   0  50  50   0   0  30  16
   5  15  35  34   0   0   0  40  26  39   0   0  10   0   6  49   0  11  46  44  48  21  49  49  21  45   8  38   6  20  32  40  41   0   5   4   0  33  33  48  35   1  32  42   6  48  12   6   0  45  44  12  25   0  44   0   1   0  20  21   4  50   4  26   0   3   2  30  47  26  36  37   0   0   0  17  20  21  40  44   0  45  47  12  44  32   0  15
   0  41   9   0  23  12  43   0   0  24   0   6  20  31  36  18  41  33  29  38   0  11  23   0  43  18  20   0   0   0  24   0  37  19  30  23   4  13  25   0   4   0  24   8   4   0   9   4  18   0   1  33   6  37   0   0  16  31   0  50  27  30  32   0   0   7  37  13   0  48  27  21   0   2   9   0   0  50  31   4  21   3   0  45   0   0  40
  29  19   0  29   0  30   3  30  44  23  13  38  22  48   0   0   0  30  28   0   0  16  50   1   6   0  11  31   0  28  31   0  13   0  20   0  12   0  32   3  39  12  29  17   4   3  48   1  45   6  13  17  44  25  24  40  30  17   1  49   0   0  49   7   3   6  27   0   0  43  44   0  46  24  11  33  44  32   0  40   4  41   0  14  37  27
  18   0   0  23  33  39   0   5   0  36  50  24  15   0  37  20   9  39  35  24   0   1   3  37  24  31  44   0  32  22  35  50  50   7   4  44   7   0   8  33   0  37  49  46   4  14   0  47  39   0   3  22  30  33  10  14  36   0   0  26  34  39  18  50   0  26   0   0  42  10  49  14   0   0  45  21  16   0  40   0  38   2  16   0  22
  28  19   0   0  31  36   0   4  22   0  31  37   0   0  38  11   6   0   0  33   6  23   0  23  20   0   1   0  46  47  21  10  28   0   0  25  38   0  22  31  32  45   0  27  20  23  46  26  13  34  50  12  29  32  14  12   0  39   7  13   0  21  38   0   0  38  33   0   1  22  32  25   0   0   9  23  31  27  42  35  20   0   0   0
  46  41  40  34  28   1   6  30   3  19  26   0  17  29  45   0  36  36   0  50   7  10   0   1   7   0   0   0   9   3  10  29  48  42   2   0   0   0  24  36  21  23   5  27  32   0  44  26  22   0   8  26   0  10  36   0  47   0   0  39  16   7   8   0  10   6  46  50  40   0  30   0   0  44  41  14   0   5   0   0  25  15   6
   0   0  16  15   8  23   0  43   4  47  35  23   0  21  27   0  17  17  36  35  42   0  32  24   3  37  50  15   0  36  32  46  43  16  46  12  13  23   1  45   0  37  45  20   2  30   0  22  23  14  23  21  50   0  50  14  35   9   0  14  48  46  42  10  31   6   0  48   0  19  16  17   0  27  40  16  14   2  11  41  13   0
  46  15  49   0  17  26  17  36   0   5  45  17  23  44  46   0   0  34   4  19   0   7   7  22  14  50   0   0  38  48  29   0  38  18  35  35  14  44  14  25   5  10  23  31   6  13  18   0   0  30  18   4   0  29  22   7   0  32   2  26  46   0  41  32  33  43   0  34  14   0  21  50  19  41  40  49   0   8  12   0   2
   0  21   0  39  39  45  50   0  38   0  26  21  28  43  16  46  37   0  33  19  41   0  46  23  22  47  50  39  42  42  24  39  23  45  34  50   1  38  25   3  36  19   3  15   1  36  35  37   0  16  29  42  36  37   0  49   0  27  28  36   0   0   3  25   0  13  34   0  29  26  33  49  22  23   9  43  42  44  47   7
   0  25   4  12  21   9  50   5  26  29   0   0  38  26   0  18   1  30  50  21   5   3   0  41  26   0  30  16   9  23   8   0  40  11   0   2  43   2  17  37   0  28  11   3   5  22  12  33   9   0  35   0   0   0  41   0   3   9  22  39   0  34  42  19  26  28  23   0  46  27  29  34  28  28  18   0   2  39   3
  23  22  32   5  47   0   0  34  20   2   5  44  20  37   0   0   0   7  32   0  10  13   0   8   0   0   0  21  17  33  30   0  28   0  37   0   2  17  23   1  32  43   3   0   0   0  23   3   0   0  42  48   1   9   0  17  50  47  22  30   0  21   0  44  39  10   0   0  34   0   0   5  13  45  40   0   0   0
  41  33  48  50   5  11  41  26  31  46  22   1   4  49   0  40  26   9  13  30   4   0   7  24  41  27   8  28  16  18  33   4   6   0  45   0  20  21  20  42  37  20  28   0  27  10   0   4  47   7  22  10  26  28  11  26  33  31   0  11   0  21  35  12  37  38   1  40   0  38  13  35   2  34  14  15  19
   0  10  35  46  16  46   8  40   4   9   1   0  30   0  31  37   0  33   0  44  14  25  27   0   0   0  35  32  49  49   0  50   0   0  50   0  20   0  17  44  15  48  39  30  33   0  24  23  10   0  22  10  19   9   0   0  13  48  26   0  10   5  15   1  38  29   0   0  34   0   0   0  47  11  18   3
  35  47  42   0   0  18  43   0  11   0  49  26  28  11  11  41  39  18   0  13   0   1   0   0   0   0   0  25  16  23  32  50   0  31   0   0  24   0  18  29   0  34   0   7  37   5  34  45   0  26   6  33  31   0  30  39  45  20   1   2  50   0  33  23  20  16  30   6  30  25  32   0   0  17  35
   3  25  31   4  44  37  44   3   0  26   0  48   0  35  30   0   0   0   0   0   0  43   0   0   6  46   0  40  39  26   3   0   0  22  26  36  50  41  17  44  38   8   5   8  30   9  26  49   0  25  48  12   6  23  45  45  18   0  41  34  22  48  40   2  18   0  24  27   0   0   7  14   4   0
  44   0   0   7  14   6  25   0  13  25   1  38   0   1  30  42  49  16  29  30  46  15  15   1   4   0  24   5  43  31  34  33   0  45  42   0  47  40  29  42  19   7  36   0  32   5  29  37   0  26  12  29   7  24  31   0   0  26  11   3   7  44  28   0  21  49  41  29   0  50  41   0  19
  15  33  50  16  22  21  41   0   0   0  40   0   0  42  38  21   6  11  18  13   0  46   0  47   0  22  39   0  50   0  49  45   0   0  49  11   0  26  30  28  32  36  30   0  35  39   2  12  18  44  43  29  38  10  20  44  23  27  22  48   4   6  24  14  40  41   0   0   0  21  12  17
   2  42  49  12  28  35  24   0  40  26  16  48   0  16   0  14  41  50  21   0  28   1  35  31  22  39  27  23  27  17   0  46   5  47  14  18  42   0   0   0   0   2  36  34  42  30  49  44   7  38  44  42  42   0  23  26  12  36   7  17  37  43   0   0  17   3  11  24   0  21   0
   0   3  28  37  38   5   6  17   5  36  16   0   6  44  36  42  29   0  15   0  42   2  30  44   0   9  48  42   0  11   0  34   0  28   0   3   0  12  15  33  13  30  36  48  36  47  35  20  48  39   0   0  48  22   0  45   0   0  48  24  48  28  25  42   0  43   0  27  25   0
   0   0   0  12  41   1  47   3   2  19  22   0  43  15   0  47  42  23  12  11  33  48   4   0  46  24   2  50  46   0  49   9  12   0  45   0  35  13  41  45   0   0  25  24   5   0  26  22  34  48  35   6   0  28   2   0  13  13   0  40   1   3   0  11  34  10  46   0  40
  29  15  28   0  31   5  20  13   0  20   0  47  16  20  32  29   3  26  21   0  21  17  47   0   0  31  46  38  30   0  30  33  49  13  32  13  32  50   0   2  46  50  42  41  16  25   3  23   0   0  50   0  30  40   4  48  18  31  29  49  19   0   0  33  21  42  14   0
  49   0  29  33  39  35  43  11   4  12  10   0   8  19   8  40  26  48  24   0   0  45   8  26  21  24   0   0   1   0  27  26   0  10   0   7  34  46  47  13   0  19   8  47  35   0  41  39  40   0  17  29  41  39  45  16   0  22  36  22  21  39  16   0  39   0  48
   2  43   4  36  16  29   2  26   0  49  16   0  40  46  19   0   0  37   0  31  36   0  12   0  43  18  28   7  34   7  26  39   0   7  23   0  35   6  36   0   0   0  49   0  11  34  24   6  13  22  28   3   0   1  43   0  39  20   2  19  40  46  46   3   0  36
  22  15  32  23   4  38  38   0   0   0  24  16  24   0  11  36  30  41   4  48   0   0  10  37   0  47  34  44  23   0   4  14  45  45  20  37  18   0   5  17   0  27  37   0   0  27  28   0   8  16  15  40  22  16   0   5  31   0  47  16  35   0  24  16   0
   0  33   8   1  41  20   0  27  44  14  18   0   0  45  46   0  41   8   0  47  17  43  16  36   5  50   0   0   6  44  44  40  16   0   0  44   0   9  14   0  30   0  14  37   0  16   0  47   1  33  19  19  50   0  31  36  13   0  31   0  29  18  36  24
  39   0  22   0  32   0  48  38  34  14  32   3  28   0  43  40  25   0  20   0   0   0   0   0   3  34  18  39  26  33  19  45   0   0  44  25  19   0   0  49  26  38   0  30  22   0  20  32   0   0   5  26  38   0  12  12  39   0   0   0  20  44   0
   1  29  31   6   0   0  10  33  36   0  29  45  23  35  33  23   2  50  44  14  21   0  46   6   0  23  33  26   3  17   0  46   0   3  34  36  15  48   0  36  37   1  22  43   0   6  50  14  20  31  45   0   0  13   0   0  25  45  42  48  42  40
  14  21  48  25   0  34  40   0   0  36   0   0   7  13  48   2  19   6  39  42  49  29  23   0  20   6  28   0   7  43   0  21   0  18  37  47  48  30  25  29  39  12   0   2   3   0   0   4  37  25  29   2   0  36  41   1   4   0  30  27   5
  36   0  30  48  28   4   0  45  34  37  21  31  30   3   2  16  41   5  16  11  20  11  43  49  17   8  33   0  24  33  42   0  37   0  50   0   0  10  12  15   6  17   7   0  28   8  43  13   0  25   8   0  40  40  37  29  37   0   0  10
  26   0   0   0  21  22  41  21  28  38  15  19  42   0  40  33  35  45  19  48  40  42  11  23  33  46   9  11  19  29  16  40  12   5  47  44  40   0   5  45  33   0  13  11   6  14  28  42   1  31  34   0  50  46  22  16  38  13   0
  15  17  25  33   1   0   0   0   6  37   0  38   0   0   0  49   0  45   8  31   0   0   0  44   0  12  39   0   6  42   0   5  50   0  34  48  50   0   4   6  18  17  49   0  38  13   0   0  31   0  21  31  12  17  23   0  44  29
   0  41   9   0   0  36  11  36  31  10   0  12   0   1  43   0   0  25  27   0   0   3  40   8  12   1   0  50  27  23  23  25   1  31  20   3  37  28  20  43   5   0  43  41   0  11   2   0   0   7  18   0  46  26   7  10   0
   6  10  16   0   3  40  26   1   3   0  11  22  27  28  48  28  46   6  17   8  30   2  31  33   2  14  21  10   0   4   9  34  20   0   1  24  40   0   7   0   0  40   0  13  25  11  48  22   0   0  31  20  41  47  20  49
  37  24  27   0  21  41  37   0   0  34   9  17   0  39  38   0   0   0  49  15  43   0   0  26  22   0   3   0  15   0  31   0  46   0  31  45  10   2   9  41  39  40   0   0   0  13  19   7  25   0  13  28   2  17   6
  38  26  28  24   0   0  17  18  38  33  25  40   0  47   0  22  20   2   0  11  27   0   0  43  24  27   0  36  42   2  40  36   8  42   8   0  29   0  19   3   0   0  31  50  35  44   0   6  45  15  45  37  27  25
  36  25  20   0  18  27   7   0   2  47  36  28  46  18  30  33  19  15   0  12  39  38  41  24  10  29  43  13  27   7  16  38   0   8  45   1  10   0  18   0   0  36  14  31  26   0   0   0   4  49  30   2  41
  34  40  20  46  27  37   0  30  26  10   0  41   7  46   0   0   0  27   3  20  27  14  15  15   0   1  45  10  39   0   9   0  49  46  16   0   6   0   0   0  20  27   0  25   2  27   0  45  21   7   0   0
  45   0  44  16  39  13  39  39   1  50  47   4   1  45  10  26  39  13  13   0   0  19   0  42   0  12   4   0   5  18  30   3   0   0   1  21  48  40  31  50  22  31   7   0  30   0   5  11  46  31   0
   4  21  49  11   7   0  43  32   0   0   0  17  21  22  14   1   0  45   8  25  41  34   0   0  40  12  45  27   7  33   0  32  30  48  45  45   0  40  23   9  29  25  38  42  39  26  26  31   0  17
   4   0  42   9  38  18  11   0   0  30   0  43  28   0   1  50  15   0  42  30  13   0   9  12  20  14  33  16  40  21   8  41  26   0  33   0  32  50  26   0  34  24   1  27   0  29  38  31   3
   0   0   0  24   0  13  30   4   0  12   0  19  18   0  11  40   0   0  40  39   4  28   0  13  29  21  30  46  46   8  26  42  42  49  49  27  22  22  47   0  10   1  32   0   0   0  31  50
   0   9   0   0   7  27  28   0  14  44  43  48  40  15   3  32  23   4  37   0   0  34   0  44  31   0   7   0   0  23   0  40  41  26   0  36  23   6  38  37  31  43  48   7  49  28   0
   0   0   6  42   0   7  42   0   0  48  11  38   0  24   0  43  45  18  20  38  42  16  27  48   6   5   9  37  40   7   0  14  16  21  44  49  11   0  30  22   0  17  47  37  40  42
  31  32  39   0   0   0   0  29  35  36  38  14  29   0  41   0   0  14  42   6   0  19  48  41  34   0   0  25  15  16  31   0  33  23   0  16   0  49  26  30  49  21   0   0  32
   0  17  49  16   3   4  42   0   0  18   0  38   1  22  39  33   0  32   9   2   0  17  39   0  32  43  21  31  20   8  25   0  48  45  37  47  45  33  45   0   3   2   0  33
  22   0  44  39  37  47  20  41   7   0  41  47   6   0   0  24  32  12  24   6  14  22   0   0   0   9  30   9   0   9  17   0  39  18   2  10  27   6   0  15   0   5  46
  12  14  50  12   0  39  34  31  12   2   0   0   0  26   0  26   0  41   1  17  23   0  44   3  25  15  38  36  32   0  41   7  48  14  14  34  18  50   0  13  16  50
   7  27   0  40  31  34  40  28  40  17   0  30   9   0  33  26   2  32  15   9  28   5  17  49  24  16   0   0  22   5   0  44  45  33   3  12  45  44   0   0   8
  22  32  35  38   0  36  32   0   4  39  40   0   0   0  34  42  18  43  30  50  34  42   2  18  26   3  25   0  44  42   0  40  43  25   0   0  11   0  20  40
  26   0  19   0  15  43  45   0   0  13  13   2  36  12   0  18   3  14   0  38   0   0  19  22   6  36  29   0  42  50   1  15   0  47  20  25  37   0   8
  16  47  37  48   0  36  15  23  31   0  41  20   0  20  32  18  41  41  38   3  32  23  46   0  50   6  23   0  22  28   7   0  41  20   0  19  38  15
  11  14  23  32   0   1   0   0  48  28   0  37  38  31   0  39  21   0  35   0   0   0  48   7  20   0  14  30  37   2  50  28  13   0  35   0  14
  39   0   0   0   8   0  29  26   0  26  35  29  17  10   0   0   0  17   0   0  46   5  32  16  25   0   0   4   0  40  16   0   0   6  16   0
  24  11   6  45  23  15   3  15   0  34   0  18  22   0  44  27  47  32  21   5   0   0  13   0   0  24   9  14   0  17  20   7  20   3   0
  41   0  48  32  38   0   0  32  40  19  17  42   1  16  41   0   0   7  27  27  38  16  31  15  36   9  22   0   5  18  47  45   0  19
  24   8   0  20  19  29  10  48   0   0  45  39   0   0  11  45  27   0   0   0  30  46   3   0   5   8  42  19   0   0   0  25  10
   0   5  10  39  17  23  33  37   7  48  27   0  12  33  38  28  18  35  20  23   0   0  47   0  14  21  33  30   3   5   2  13
   0  50  18   0  36   0   0  32  33  13  20   7  39  25   3   0  19  35  47   0   0  17   0  14  27   0  37   0  24  49  20
  38  33   0   0  32   0   0   0   3  15   0  35  43  50  13  10   4  36   5  23  14  24  10   0  11   0  38  49  49  42
  27  22  23  48   5   0   0   4  28  38  14   8  19   0  22   0  13  40  45  50  42  29  48  29   0  36  43  30  41
  10  24  38  50  23   0  42   0  32  33   0  30  16   0  25  39  47  26  32  41   0  30   0   0   3  18  21   0
   0   0  11  47  18   0  41  17  22  11   0   2  34   0  45  35  28   6   4  38   0  42   6   0  28  11  27
  35  47  47  20  34  31   5   0  33  18   9  47   2   0   0  44  11  14   7   0  42  11  34  24   0   7
  49  32  33  39   0   0   0   0  44  12  32   0  37  41   0  27   0  19  41  31   7   0  10   2  47
  50  24  16   0  42  19  39   5   0   0   0  44   0  46   7  37  43  26   0  23  16   0  39   2
   0   0  14   0  14  48  32  48   0   4  43   0  38   0  37  34   6   8  49   0  45  44   6
  10   0   4   0   0  34  48   9   0   5  21   0   2   0  32  47  22  16  29  19  17  35
  30   9  37  33  38   0   3  21  43  45  48   0   0   0  12  20  49  40  25  25  38
  48  30  33   0   9  32   1   0  11  49   0  11   0  27  27   5   0   6   6  31
  45  37  10  21   0   5  12  39   0  32   2  50   0   0  26   6  27  30  49
   0  34   0  48  39  34   0  23   0   0   0  10   5   5  30   0  31  23
  22   0  13  23  42  29   0   0  49  17   0   0   3  28   0  39  48
  26  16   0  35   0   0  28  25  18   0  39   5   0   0   0  49
  47  35  42  40   0   6  14  12   4   0  38  27   3  16  39
   6  25  27   3  32   0   6   1   6  27  16  48  21  25
  23  31  12  25   0   6   3  35  24  20   0  33  44
   0   6  10  50  27  18  14  45   0  20   0  36
  29  20   0  18  24  16  14  16  24  13   0
   0  12  14   0  25   0  33  28  48   0
   0   2  41  22  22  29  17  31   0
  31   0  39   0  44   0  49   0
   0  50  24   0   0   0   1
  19  24   0  30  46  24
   0  29   0   9  26
  11  41  27  10
   0  17  15
   8  17
  40

 888
   3   6   4  24  18   7   2  24  14  17   8  16   7  18   1  17  19   6  14  23  18  19  13   5  22  25  11  19  24  12  21  13   9   9  25  10  17  11  17   7  16  18   5  11   2   3  17   4   7   8   9   6  23  23   1   1  23   7   1  15   9  18  18  19  22  24  21  10  18  21  12  25   9   5   9   7  10  16   3   1  13  19  10  14   7  14   5  12  14   4   7  12   2  18  21   7  24   9  11  20

