 100 
  46   0   0   0   0   0   0   0  39   4   0   0   0  11   0   0   0   0   0   0   0  20   0   0  41   1   0   0   0  17   0   0   0   0   0   0  41   0   0   0   0  29   0   0   0   0  22   0   0   0   0   0   0   0   0   0   0   0   0   0   0   0   0   0   0   0   0   0   7   0   0   0   0   0  47  25  21   0   0  19   0  28   0   0   0  35  50   0  40   0  39   0  21   0   0   0   0   0   0   0
   0   0   0   0   0   0   0   0   0   0   0   0   0   0   9   0   0   0  21   0  19   0   0   0   0   0   0   0   0   0   0   0  50   0  27  36   0   0   0  16   0   0   0   0   0   0   0  45   0  49   0   0  43   0   0   0   0   0  37   0   0   0  38   0   0   0   0   0   0  21   0   0   0   0   0   0   0   0   1   0   0  29   0   0   0   0   0  38   0   0   0  16   0   0   0   5   0   0   0
   0   0  40   0   0   0   0   0  40   0   0   0  38   0   0   0   0   0  12   0   8   0   0  13   0  20   0   0   0   0   0   0   0   0   0   0   0   0   0   0  38  16   0   0   0   0   0   0   0   0   0   0   0   0   0   0   0   0   0   0   0   0   3   0  28   9  40   0   0   0   0   0  26   0   0   0   0   6  18   0   0   0  39   0  43   0   0   0  43  46   0  15   0   0   0   0   0   0
   1   0   0   0   3  17   0   0   0   0  30   0   0   0  38  33   0   0   0   0   0  50   0   0  20   0   0  28   0   5   8   0   0   0   0   0  48  47   0  13   7  48   0   0   0   0   0  45  40  17   0   0  40  14   7   0   0   0   0  32   0  37   0   0   0   0   0   0  23   0  14  13  39   0   0   0   1   0   0   0  46   0   0   0  25   0   0   0   0   0   6   0   0   0   0   0   0
   0   0   0   0   0   0   6  38   0   0  50  18   0   0  49   0   0   0  38   0   0   9   0   0   0  38   0   0  17   0   0   0  35   0   0  19   0   0  43  39   0   0   0   0   0   0   0   0   0   0   0   0   0   0   0   0   0   0   0   0   0   7  42   0   0   0   0   0   0  14   0  41   0   0   0   0  49   0   0   0   0   0  32   0   0   0   0   0  18   0   5   0   0   0   0   0
   0  32  14  15   0  47   0  20   0   0   0   0   0   0   0   9   0   0   0   0   0  36   0   0   0   0   0  47   0  23   0  22   0   0   0   0   0   0  32   0  30   0   0   0   3   0  39   0   9   0  23  26  18  27   0   0   0   0  39  24   0   0   0   0   0   0  33   0   0  26   0  35   0   0   0   0  38   8  42  20   0   0   0   0   0   0   8   0  43   0   0   0   0   0   0
  16   0   0  24   0   0   0  40   0   4   0   0   0   0   0   0   0   0  46   0   0   0   0  48   0   0  34   0  44   0  38   0   0  12  18   0   0   0   0   0   0   0   0  25  23   0   0   0  48   0   0   0   0   0  50   0   0   0   0  16  37   0   0  29   0  24  46   0   0  40   0   0   6   0   0   0   0   0   0  22  29   0   0   0   0   0   0   0  44   0   0  26   0   0
   7   0   0   0   0   0   0   0   0  44   0   0   0   0   0   0   0   0  29  26  30   0   0   0   0   0   0   0   0   0   0   0   0   0  21   0   0   0  26   0   0   0  49   0   0  40   0   0   0   0   0  34  15  45   0   0   0   0   0   0   0   0   0  43   0  35   0   0   0   0   0  12  35  10   0   0   0  21   0   0   0   0   0   0   0   0   0   0   0   0   0   0   7
   7   0   0  42   0  22   0   0   0   0  14   0   0  49   0   0   0  46  27   0  26   0   0   0   0   0   0   0   0   0   3   0   0   0   0   0   0   0   0   0   0   0   0  13   0  13   0   0   0  32   0   0  46  31   0   0   2   8  39   0  42   0   0  29   0  32   6   0   0   0  22   0  11  47   0   0   0   0  40  31   0  26   0  30   0   0   2   0   0   0   0   0
   0   0   0   0  41   0  44  40  19   0   0   0   0   0  14   0   0   0  38   0   0   0   0   0   0   0   0   0   0   0   0  16   0   0   0   0   0   0   0   0   0   0   0   0   0   0  31  26   0   0   0   0   0   0   0   0   0   0   0   0   0   0   0   0  47   0   0   0   0   0   0  41   0   0   0   0   0   0   0   0  40   0  45   0   0   0   0   0   0   0  19
   0   0  22   5   0  12   0   0   0   0  46   0  43   0  39  49   0  20   0  13   0   0   0   9   0   0  49   0   0   0   0   8   0   0   0   0  16  41  17   0   0   0   0   0   0   0   0  48  33   0   6   0   0   0   0   0   0   0   0   0   0   0   0   0   0  11   0   0   0   0  41   0   0  16  25   0   0   0   0   0   0   0   0   0   0   0   0   0  25  13
   0  28   0  19   0   0   0   0   0   0   0   0   0   0  21   0   0   0   0   0   0   7  12   0   0  39   0   0   0   0   0   6   4   0   0   0  31   0   0   9   0  17   0   0   0   0   0  41   0  16   0   0  36  16   0   0   0   0   0   0   0  23  17  15   0  28   0   0   0   1   0   0   7   0  10   0  11  23  24   0  30   0   0   0   0   0   2   0   0
  47   0  44  47   0  33   0  13   0  17   0   0   0   0   0  49   0   0   0   0   0   0   0   0   0   0   0   0   0   0   0  18   0  18   1  26   0   0   0   4   0   0  17   0   0   0   0   2   0   0  34  41   0   0   0   0   0  35   0   0   0   0   0   0   0  21   0   0  31  31   0   0   0   0   0   0   0   0   0  32   0  48   0  44   0   0   0   0
   0   0   0   0   0   0  29   0   0   0  19   0   0   0   0  20   0  16   0  26  47   0   0   0   0   0  14   9   0   0   0   0   0   0  24   0   0   0   0   0   0   0   0   0   0   0  39   0  48   0   0   0   0  19   0   0   0   0   0  43   9   0   0   0   0   0   0   0  34   0   0   0   0   0   0   0   0   0   2   0  38   0   0   0  33   0   0
   0   0   3   0  20  49   0   0   0   0   0   0   0   0   0   0   0  47   0   0   0  20   0  38   0   0   0   8  35   7   0   0   0   0   0   0   0   0   0  42   0   8   0   0   0   0  29   0   0   0  50   0   0   0   0  26   0   0   0   0  24   3   0  47  19   0   6  25  46   0   0   0   0   0   0   0   0   5   0   0   0  12   0   0   0  12
   0   0  26  18  42   0   0   0   0   0   0  16  34  31   0   0   0   0  34   0   0   0   0   0   0   0   0   0  30   0   0   0   0  11   0   0   2   0   0   0   0   0   0   0   0   0   0   0   0   0  25  21   5   0   0   0   0  31  45   0   0   0   0   0  33   0   0  26   0  25   0  15  42   9   0  34   0   0   0  44   0   0   0  41   0
   0  21  37   0   0   0   0   0   2  21  38   0  19  25   0   0   0   0   0   0   0   0  47   0   0   0   0   0   0   0   0   0   0   0   0  26   0   0  18   0   0  47   0   0   0   6   0   0  27  34   0   0   0   0   0   0   0   0   5   0  28   0  35   0   0   0   0   0   0   0  38   0   0   0   0   0   0   0   0   0   0   0  39   0
   0   0   0   0   0   0   0   0   0   0   0   0   0   0   0   0   0   0   0   0   0   0   0   0   0   6   0   0   0   0   0  44   0   0   0  47  20   0   0   0  45  48   0   0   0   0   0   0   0   0   0   0   0   4   0   0   0   0   0   0   0  19   0   0   0   0   4  34   0   0   0   0   0   0  16   0   0   0   4   0   0   0   0
   0  31   0  50   0  25   0   0   0   0   0   0   0  23   0   0   0   0   0   0   0   0   0  25   0   0   0   0   0   0  10   0   6   0   7   0   0  23  18  33  21   6   0  23   0   0   0   0   0   0   0  29   0  48   1  45   0   0   0   0   0  32   0   0   0   0   0   0   0   0   0   0   0  26   0   0   0   0   0  28   0   0
   0   0   0  22  28   0   0  45  44  30   0   0   0   0   0  46   0   0   0  25   0  25   0   0   0   0   5   0  41   0   0   0  47   0   0  24  34   0  21   0   0   0  16   4   0   0  26   0   0   4   0   0   0   0  44  39  41  43   0   0   0   0   0   0   0   0   1  43   0   0   0  29   0   0   0   0  11   0  23   0   0
   0   0   0  16   0   4   0   0   0   0  49  41  48   0   7   0   0   0  32  18  25   0  21   0   0   0   0   0   0  49   0   0   0   0   0   0   0  15   0  37   0   0   0   0  29   0   5   0  35   0   0  28   0   3   0   0   0   0  21  22   0  23  18  25   0  48   0   4  17   0   0   0   0  13   0   0   0  38   0   0
   0   7   0   0   0   0   1   0   0   0   0   0   0   0   0   0   0   0   0   0   0   0   8   0   0   0   0  42   0  18   0  16   0  27  29   0  20   0  32   0   0   0   0   0  30   0  40   0   0   0   0   0   0   0   0   0   0   0   0   0   0  23   0   0  11   3  44   5   0   0   0  44   0   0   0   7  27   3   0
   0   0   0  32   0  30   0   0   0  35   0   0   0   0   0   0   0   0  23   0   0   0   0  36   0   0   0   0   0  50   0   0   0   0   0   0   0   0   0   0   0   0   0   0   0   0  16   0  14   0   0   0   0  16   0   0  17   0   0   0   0   0   0   0   1   4  33   0   0   0   0   0   0   0   0   0   0   0
   0   0  20   0   0  24  37   0   0   0   0   0   0   0   0   0  45   0   0   0   0   2   0   0   0  13   0   0   0   0   0  37   0   0   0   0   0   0   0   0   0   0   0  12   0  19   0  19   0  30  26   0   0   0   0  24   0   0   0  16   0   0   0   0   0  24   0  20   0   7   0   0  16   0  16   0   0
   0   0   4   0  32   0  36   0  46   0   0   0   0   0   0   0   0   0   0   0  13   0   4   0   0  18  44  38   0   0  28   0   0   0   0   0  40   0   0   0   0   0  33  49   0   0   0   0   0   0   4   0  45   0  40   0  49   0   6   0   0   0   0   0  37   0   0   0   0   0   0   0  32   0   0  13
   0   0   0   0   0   0  42   0   0   0  11   0   0   0   0  31   0   3   0   0  36  15  19  35   0   0   0  43   0   0   0   0  13   0   0   0   0   0   0   0   0   0   0   8   0   0   0  28   0   0   0   0   0   0  11  30   0   0   0   0   0   0   0   0   0   0   0   0   0   0   0  11   0   0  49
   0  33  26   0  11   0   0  37   0   0   0  25   0   0   0   0   0  16   0  41  14   0   0   0   0  23   0   0   0   0   0   0   0   0  29   0  41   0   0   0  48  47   0   0   0  39   0  42   0  19   0   1   0  23   0   0   0  13   0   8   0   0   0   4  48   0   0   0   0   0   0   0   0  37
  12   0   0   0  27   0   0   0   0  28   0   0   0   0   0   0   0   0   0  27   0   0   0   0  45   0   0   0  26   0   0   0   0   0   0   0   0  47   0   0   0   0   0  30   0  37   0  16   0   0  31   0   0  12   0   0   0   0   0   0   0   0   1   0   0   0   0   0  46  49   0   0   3
   0  30   0   0   0   0   0   0   8  21  45   0   0   0  46   0   0   0   0   0   0   0   0   0   0   0   0  35  29   0   0   0   0   0   0   0   0   4   0   0   0  27   0   0  49   0  12   0   0   0   0  46   0   0   0   0   0   0  31   0   0   0   0   0   0  28   0   0   0  28   0   0
   0   0  27   0   0   0  34   0   0  32   0   0   0   0   0   0   0  41   0   0   0   0   0  17   0  19   0   0   0   0   0   9   0   0   0   0   4   0   0   0   4   0   0   0   0  11   0   8   0   0   0  46   0   0   0   0   0   0   0   0   0  23   0   0   0   0   0   0   0   3   1
   0   0   0   0   0   0   0   0   0   0  32   0   0   0   0   0   0   0   0   0   0  37   0   6   7  20   0   0  32   0   0   7  21   0   0  16   0   0   4   0   0   0   0   0   0  30   0   0  16  48   0   0  31   0  41  46   0  19   0   0   0   0   0  18   0  28  49   4   0   0
  44  37   0   0   0   0   0   0   0   0  22   0   0   0  31   0  19   0   0   0  14   0   0   0   0  46   0   0   0   0   0   0  11  38   0   0   0   0   0   0   0  15   0   0  34   0   0   0   0   0   0   0  33   0   0   0   0   0   0   0   0   0  23   0   0   0   0  15  33
  48   0  45  29   0   0   0   0   0   0   0   0   0   0   0   0   0   6  11   0   0   0   0   0   0   0   0   0   0   0   4   0   2   0   0  44   0  16   0  33   0   0   0   0  47  10  26   0   0   7   0  17   3   0  48   0  49   0   0   0   0   0   0   0  34  14   0   0
   0   0  12   0   0   0   0  46   0   6   0   0  13  20   0   0   0  50  13   7   0  49   0   0  11   0   0   0   0   0   0   0   0   0   0   0  14  25   0  32   0   1   0   0   0   0  39   0   0   9   0   0   0   0   0  45   0   0  46   0   0   0   0   0   0   0   0
   0   0   0   0   0   0   4   0   0   0   0   0   0   0   0   0   0  43   7  20   0   0   0  44   0   0   0   0   0   0  12   0   0   0   0   0   0   0  32  46   0   0   0  19   0  16   0   0   0   0   0   0  20   0   0   0  38   0   0  28   0   0   0   0   0   0
   0   0   0   0   0   0   0  17   0   0   0   0   0   0   0   0  22   0  33  45  46   0   0   0   0  14  10   0   0   0   0   0  17   0  49   0  27  15   0   5  31   0   0  31   0   0   0   0   0  48  31   0   0   0   0   0   0   0  13  50   0   0   0   0   0
  12   0   0  40   0   0   0  14  29   0   0   0   0   0   0   0   0  11   0   0  30   0   0   0   4   0   0  49   0   0   0   0   0   0   0   0   0   0  49   0   0   0  42   0   0   0   0   0   0   0   0   0   0   0   0   0   0   0   0   7   0   0   0   0
   0   0   0   0   0   0   0   0   0   7   0   0   0  40   0   9  15   0   0   0   0   3  16   0   0   0   0   0   0  34   0   0   0   0   0   0   0   0  31   0   0   0  49  13   0   0  14   0   0   0  15   0   0   0  32   0  46   0   0  42  24   0   0
   0   0   0  23   0  23   0   0  48   0   0   0   0   6   0   0   0   0  11   0   0  35  38   8   0   0  47   0  13   0  20   0   0   0   0   0   0   0   0   0  24   0   0   0  46   0   0  41   0   0   0  45   0   0   0   0   0  39   0   0   0   0
   0   0   0   0  26   0   0   0   0   0   0  43   0   0  41   0  46   0   0   0  43   0   0   0   0   0   0   0   0   0   0   0   0  43   1  12   0  41   0  31  34  37   0   0   0   0   0   0   5  39   0  41   0  13  16   0   1   0  17   0  34
   0   0  24   0   0  13   0   0   0  38  31   0   0   0  25   0   0   0   0   0   0   0   0   0   0   0   0   2  26   0   1   0   0  14   0   0   0   0  15   0   0  44   0   0   0   0   0   0   0   0   0   0   0   2   0   0   0   0   0   0
   0  50   0   1   0   0   0  12   0  11  27   0   0   0  43  29   0  25   0   0   0   0   0   0   0   0   0   0   0   0   0   0   0  41   0   0   0   8   0   0   0  13  10   0   0   0  37   0   0   0  26   4   0   0   0   0   0   0   0
   0   0   0   0   0   0   0   0   0   0   0   0  31   0   0   0  32   0   0  11   0   0  19   0   0   0  22   0   0   9   0  11   0   0   0   0  14   0   0   0   0   0   0  20   0  41   0  32   0   0  17   0   0   0   0   0  21   0
   0   0   0   0   0   0   0   0   0  14   0   0   0   0   0  13   0  47   0   0   0   0   0   0   0   0  22   0  13  26  22   0   0   0   0  24   0  28   0   0   0   0   0   0   0   0   0   0   0   0   0   5   0  41   0   0  27
   6  26   0  50   0   0   0  17  22  29   0   0   0  41   0  48  27   0   0   0   0   0   0   0   0  16   0   0   0  11   0   0   0   0   0   0   0   0   0   0   0  47   0   0   0   0   0   0   0  21   0   0   0   0   0   0
   0  26   0   0  20   0   0   0  16   0  29   0   0   0   0   0   0   0   3   0   0   0   0   0   0   0  32   0   0   0   0   0   0   0   0   0   0   0   0   0   0   0   0  12  31   0   0  27   0   0   0   0   0   0   0
   0  10   0   0  36   0   0   0  39   0   3   0  39  26   0   0  25   0   0   0   0   0   5   0   0   0   0   0   0   6  35   1   0  26   0   0  33   0   7   0  35   0  22   0  19   0  39   0   0  14   0   0   0  25
   0   0   1   0   0   0   0   0   0   0   0   0   0  49   0   0   0  43   0   0   0   0   0  41   0  44   0   0  48   1   0   0   0   0   0   0   0   0  39  45   0  50   0   0   0   0  48   0   0   0   0   0   0
  33   0  31   0   0   0   0   0   0   7  31   0   0   0   0   0   0   0   0  48   0   0   0  13   0   0   0   0   0   0  47   0   0   0   0   0   0   0   0   0   0   0  42   0   0   0  43  32   0   0   0   0
   0   0   0   0   0   0  19   0   0   0  20   0   0   0   0   0   0   0  40  43   0  33   0   0   0  49  46   0   0   0   0   0   0   0   0  15   0   0  49  11   0   0   0   0  13  38   0   0   0   0   0
   0   0   0   0  20   0   0  44   0   0   0   0  17  47   0   0  43   0   0   0   0   0   0   0   0   0   0   0   0   0   0   0  10   3   0  50   0   9  32   0  48   0   0   0   0   0  43   3   0   7
   0   0   0   0   0  22   0  11   0   0   0  46   0   0   0   0   0   8   0   0   0   0  30   0   0   0   0   0   0   0   0   0   0   0   0  37  39   0  47   0   0   0   0   0   0   0   5   0   0
   0   0   0   0   0   0   0  31  12   0   0   0   0  35   0   0   0   0   0   0   0  34   0   0  34   0   0   0  19   0   5   0   0   0  26  36  21   0   0   0   0   0   0  25   0   0   0   0
   0   0   0   0   0   0   2  47  38   0  27   0   0   0   0   0   2   0   0   0   0   5   0   0   0   2  35  33   0   0   0   3   0   0   0   0   0   0   0  31   7  19   0   6   0   0   0
   0   0   0   7   0   0   0   0   0   0   0   0   0   0  12   0   0   0   0   0   0   0  46   0   0   0   0   0   0   0   0  16   0   0   0  27   0   0  44   0  38   0   0   0   0   0
   0   0  26   0   0  37   0   0   0   2   0   1   0   0   0   0   0  42  34  49   0   0   0   0   0  47  25  30   0   0   0   0   0   0   0  39   0  46   0   0   0   0   0   0   0
   0  15  31   0   5   0   0   0   0   0   0   0  28  35  12   0  27   0  13   6   0  38   0   0   0   0  28   0   0   0   0   0  23   1   0   0   5   7   0  18   0   9   0   0
   6   0   0   0  17   0  50  46  24   0   0   0   0   0   0   0   0   0   1   0   0  24   0   0   0  38   0   0   0   0   0   0   0   0   0   0   0   0   7   0  42   0   0
   0   0  50  36   0   8   0   0   0  22   0   0   0  32   0  33   0   0   0  47  19   0   0   0   0  10   0   0  17   0   0   0   0   0   0   0   0  17   0   0   0  15
   0   0   0  19   0   0   0  27   0   0   0  33   0   0   0   0   0   0   0   5  39  21   0  15   0   0   0   0   0   0   0   0   0  14  43  47   0  26   4   0   0
   0   0   0   0  24   0  30   0  40   0  40  46   0   0   0   0   0  46   0   0   0   0  47   0   0   0  33  35  29   0   0   0   0   0   0  48  22   0   0   6
  13   0  10   0   0   0   0   0   0   0   0   0   0   0   0   0   0   0  18   0   0   0   0   0   0   0   0  49   0   0   0   0   0   0   4   0   0  35   0
   0  50   0   0   0   0   0   0   1   0   0   0   0   0   0   0   0   0  31  47   4  48   0   0   0  10   3   0   0   0   5   0   0  43   0   0   0   0
   0   0   0   0   0   0   0   0  35  25   0   0   0  39  13   0   0  31   0   0   0  18   0   0   0   0  45  47  11   0   0   0   0   0   0   0   0
   0   0   2   0   0   0   0   0   0   0   0   0   0   0   0  37  25   8   0  32   0   0   0  34   0   0   0   0   0   0   0   0   0   0   0   1
   0  26   0   0  28   0   0   0   0  14  47   0  27   0   0  41   1   0   0  42  41   0   0   0   0   0   0   0   0   0   0   0   0   0   0
   0   0   0   6   0   0   0  47   3   0   0   0   0   0   0   0  19   0   0  17   0   0   0   0   0   0  40  11   0   0   0   0   0   2
   0   0   0   9   0   0   0  31  48   6  10   0   0  15   8  29  25   0  47   0   0   0  45   0   0   0   0   0  18   0  13  21   0
   0  34   9   0   0   0   0  43   0   0   0  13   0   8   0   0   0  29  11   0   0   0   0   0  26  47   0   0   0   0   0   0
   0  34  27  31  32  44   0  12   0   9   0  15  28  14  39   5   0   0   0  13   7   0  49  29  12  27  16   0   0   0  25
   0   0  10   0   0   0  28   0   0   7   3   0  13  18  36   0   0   4   0  10   0   0   0   0   0   0   0   9  28   0
   0   0   0   0   0  25   0   0   0   0   0   0   0   0   0   0   0   0  36   0   0   0   0  25  25   0  21   0  30
   0   0   6   0   0   0   0   0   0   0   0   0   0   0   0   0  20   0   0   0   0   0   0   0  38   0   0   0
   0   0  28   0   0   0   0   0   0   0   0   0   0   0   0   0   0   0   0  18   0   0   0   0   0  32   0
   0   0   0   0   0   0  46   0   0   0  20   0  38   0  15   0   0   0   0   0  38   0  31   0   0   0
  38   0  29   0   0  11   0   0   0   0   0  46  33   0   0   0   0  37   0   0  34   0   0   0   0
  26  32   0   0   0   0   0   0  27  16   0   0   0   0   0   0   0   0  47   0   0   0   0   0
   0   0   0   0  40   0   7   0   0  49   0   0   0   0  38   0   0   0   0  24   0   0   0
   0   3   0   0   0   0   0   0   0   0   0   0  14   0  25   0  47  10   6   0   0   5
  12  32   0  45   0  26   0   0  25   0   0   0   0   0  26   0   0   0   0   0   0
   0  26   0   0   0  24   0  31   0   0   0   0   0  10   0   0   0   0   0   0
   0   0   0   0   0   0   8   0  22   0   0   0   0   0   0   0  38   0   0
   0   0  21  29   0   0   0  29   0  30   0   0   0  34   4   0   0   0
   0   0  37   0   0   0   0   0   0   0   0   0   0   0  24   1   0
  44   0   0   0  50   0   0   0  18  28   0   0   0   0   0   0
   0  13  33   0   0   0   0   0   0   0   0  10   0   0  26
   0  20   2  15   0   0   0   0   0  17   0   0   0   0
  18  17   0   0   0   0   0   0   0   0   0  32   0
   0  37   0   0   0  48   0   0   0   0   0   0
  47  11  47   0   0   0  37  34   0   0  44
   0   0   0   0   0   0   0   0   0   0
   0   0   0   0   0  35   0   0   0
   0   0   0  29  11  40   0   0
   0   0   0   0   0  47  35
  45   0  25   0   0  34
   0   0   0   0   0
   0   0   0   7
   0   0   5
  46  43
   0

 149
  20  22  23  16  24  18   7   5  12  20  17  21  12  22  20   8  14  18   9  14  23  17   5  17  16   6  25  17  10  25   3   9  11   6   9  18   2  12  12  23  23  23  14   4   9  11  10  19   9  19   9  14   5  14  22   6   7   1  14  13  17  11  21   9  20   4  25  15  19  10  24  15   5   7  13  24   8  20  22  22  20  14  11  10  13  15  11  22  17  15  18  16  20   4  16  22   2  25  18   2

