 100 
  41  19  18   5  32  10   0  12  37   0  25  42   1  25   8  24   0   8   0  28  42   5   1  27  37  22   0  40   0  21  37  24  32   6  28   9   1  14  45   0  23   1  18  44  27   3  23   4  39   8  44  33   0  47  10  33  19   0   0  42  35  43  24  22   1   0  48  26  23   4   4  46  37   0  41  15  10   4   1  17  44  15   0  48   8   0   0  28  35   9   0  28  34   4  22   0  43   0  18  39
   0  35   4  20   0   0  28   0  14  25   0  29  23   6  16  46   0  18   0  36   0  26   0   9   0   3  49   0  18  25   0   0   8   0   0   0  46  27   8  36   0   0   0   0   0  24  36  36  12  40  39  23   0  13   0  25  12  35  30  50  39  42   0  41  44  44   9   6   5  18   0   6  33   0  13  12   0  25  18  35  39  32  24   0   0   7   8   0  11   0  28  34   0  36  41  37  23  15  19
  50   0   9  29   9  13  26   9   0  43  37  23  13   0   7  14   0   0   6   6   0   6   7  26   1   0  36  42  46  31  43  11  19   0   8  12   0  23   0   3  48  21  33  11  17  36  49  10  13   0  49  32  36  33   0   0  40   0   3  43   5  34   2   6   0   0  18   3   0  13  18  15  10  45  46  44  50   6   2  19   3  46   0   3  42   0   0   0  26  49   0   0   8  35   0   0  46  16
   0   0   0   5  31  28   0  15  22  19  30  43   0   7  23  25  36  46   0   0   5  47  42  22   0   0  40  32   7  47   0  32  45   5   0  44  46  50  15   8  16  36   0  40  40  28  50   1  23  13  13   5  31   6  25  47  41  34   0  43  14  44   0   0   3   0   0   0  13  38  18   2   7   7   5  50   0  29  29  50  20   0   2  43  19  41   0   0  32  21  41  30   9  23  10   8  27
  45  46  39   0   0   0  21  23  38  17  29  40  48  15   0  31  44  45   0  41   0  14  17  16  20   7   0   7   0  23  27  10  15   0  27   3  45  41  38   3  29  16  30   0   9  41  32  47  46   3  14  50   7  41   6   0   0   0   0  17  47  36   8  31  13  28  39  43   0  32  20  40  38  34  39  49   0   4   0   6  38  49  50   0  39   0   0  46  41  38  10  39   0  46  12  39
  27  13   0   7  41  44  15  45  19  30  18   0  36   0  20  39  34   4  21  20   0  12  30  32   0   4  34  40   0  11   0   0   0  40   0  45  25   0  31  29   8  30  43   8  12  48  19   0  10   0  11  37   0  24  46   0   0  22  16  32   0  44  32  39   4  39   0  21  26   0   4  47  32   2   0  47  20   0   2  18  42  23  48  40  10   0   0  17  41   0  42  44  45  45  11
   0  41  47  43   6  21   0   1  17   2   0   0  28  38  46   4   0  42  33   0   4  23   0   0   0  49   0   2  40  21  49   0  11   3   3   0  23   5  22  20  14  48   7  35  42  10  40  26   0   0   0  41  22  31  10  35  38   0  13  46   0   0  11  26  35  39   8  26   0  10  33  48   0  38   0  18   8   0  16   4  37  18  13  50  40  34   9  17   0   3  18  21  45   0
   1   6   0  11  15  18  50   0  29   0   0  48  27   0  35  12   0  46  41   0  49  28  25   0   4  37  33   0  17  45  16   0  50  32  11  40  22  40   9  28   0  36  20   0  20   0   8  34  28  22  25   0  23  31  35   0  20  42   0  38  28  22   2   0   9  48  27  40  20  23  26   0   0   0   7  40  42   5  32  19  45  16   0   2  23  25  30  14  30  25   0   2  15
  38   0  37  46  18  27  35   6   0  39  43   0   3   0   0   7   4  16   4  26   7  34   1  29  28   9  11  12   0   0  16   7  25  42   3   0   0   0   0   0  36   8  31  25  16   0  40  35  15  43  40   0  24   0  46   9   9  19   0  14  42  20   0  28   0  37  49  21  35   9   0  41  31  31   0  17  33  36  36  23  30  12  16  46  10   0  21   3  32  36   0  50
  40  23  50  17   6  43  32  42  17  41  30  36  32   0  10  18  30  44  34  39   4   1  35  14  12   0  36  34  21   0   6  18  48   0  12  30   7   8  20  46   0  29  44  38  32   6  48  35  33  17  25  49  22  25   7   9  28  13   5  29  38   0   1   0  23  20   0  19  37  38  18   5  43  22   0  42  16  35   0  30   8  25  40   3   0   0  34  26  36  23  37
  31  34  14   0   0  41   4  21   4  14  13  19   0   5  24  18   6   0  22  10   0   0   2  49   4  26  30   8  26  25   0   0  18  15  18  37  43   7  26   0   8  10  16   0  48   0   0  49   7  28  40  31  46   0  38  49  17  35  14  49   6   0  17  43   0   0  31   0   0   4  50  45  19  27  42   0  36  19  37  34  49  30  36  16  44  39   0  33  44   0
  41   0   0   2  43  13  39   0  38  13  22   0  34  29  41   0  43  43   7   0   0   0  35  40  41  26  26   0  45   0   0   0   9  12   0  42  35   0   1  15   0  46   8   0   0  18  15  41   8  26  35   0  13   6  20  37  23  38  44  20  30  21  31   0  27  42   8  42  28  33  11  29   3  20  13   0  42   0  42  44   6   0   0  31  15  18  44  34  18
  16  35   0  24  18  14   5   0   9  45  34  38   0   0   4  45  37   0   0  43  27  16  25  15   0  26  38  16   0  22  18  13  12   0   0   6   2  27  39  30   4  30  38  36  50   9   0   0  50   0  28  10  25  21   4   1  13  49  33  40  22   9   8   0   0   1   0  12   0  19   0  20   8   9   0  27  47  29  15   0  15  23  18  48  29  14  13   2
   0  50  14  50  50  28  21  13   5  39  39  16  38  26  41   0   0  45  26   0   0  37   0   1  36   0   9   0  45  23  44  50   0  50   5   0  13   0  11  31   0   0  30  31  40  14   3   9   0  29  12   0  38  27   0   1  44  38  41  35  16  20   1   0  40  47  48  12  39  49   7  42  23  50   0  15  38  32   0  25  12  28  10   7   7   0   7
   0   7  32  19  47  30   4  24   9  49  31  50   0   0  39  32   0  10  31   0   5  30  30  31  41  49  17  34   0   0  43   7  22  11  23   0  44   0  36   0  12  26  45  45   6   8  20  29   0  31  41  48  36  38   6   8   0  14   0   5   0   0  30  26  26   9  16  24  14  50  47  33  28   0  23   0  47  38   4  39  41  22  21   6   2  12
   0  41   9   9  38  40  33  22   0  43   0   5  40  22  47   0  30  26  18  27   0   8   7  28  44   0  17  23   0  44   6   0  32  13  44  41   0   0  47  20  20   0  37  36  40   0   1   1   0  34  23  13  32   0  44   3  14  28  46  15  50  18  23   0   0   0  29   0   0  43  28   0   0   0  13   6   0   3  40   4  29  44  27  28   1
   0   0   0  30   0   0  33   0   0  25  37  30  15  37   0   0  39   0   3  43  29  20   6  33   9  46  25  46  49  33   3  27   0   5  13  32   0  28  18   4  19   0   7  14   0  11   0   0  37  50   0  13   0  29  10  42  13  28  18  22  12   5  23  46  25   0  25  46  35  16  29   0  33  20   0  13  39   0  12  12  50  44  30   0
   8  46  25  40  18  47   0   0  24  35  28   0  29   7  31  30  10  34  34  29  42  39  19   4   0   9  13   4  49  16  45   0   0  26  24  22  42   3  45   0  42   0  11   8  43   0   0  45  26  34  48   0   0  32   8  12  19  16  36  46  35   6  42  38  48  32   7   0   0   1  50  34  37  24   0   0   0  46   0  32  27  26  46
  39  21   0   7  26   0  27  23  20   0  23   5   8  32   0  45   0  11  34   7  49  41  42   0   0   0   6  30   8  21   0  24   1   0  23  38  41   8  27  25  32   0  45  41   7   0  31  34  26  24  10   6  31   0  48  50  43   0   0   0  24   2   4  18  20   8   0  39   0  39  21  34  49  31   0   0  10   0   2  47  39  23
   0  48  50   2  14  30   0   6  16  22  24  10  17  47  27   1  14   0   9  11  28  15   0  29  13  33  10   0   0   1  24  20  11  44  29  31   0   0  12  18   8   0  12  42  30  10   2   7   0  32  18   0   9   2   8  34  22  46   0  42   4  50   6   3  26  12   0   0   0   0  34  46   0  19  37  18   2   6  13   0   0
  50  39  22  10  27  12  35   0   3   0  31  45   2   9   9   0  27  26  12   0  45  16   0  43  23  25   0   0   4   0   0   0   0  21  35  43  34  12   9   8   1  12   0  28  25  26   0  43  41  13   6   4   0   4   6  16   0  24  17  21   1  29  12  48  30   8  44  38   0   2  19  27   0  27   0   0   0  46  49   0
  25   3  18  36  47   0   0   9   0  35   0  39   9  22   5   0   7  12  23  18  10   7  43   2   1  27   0  32  40  32   5  36  14  30  30  21   0  18   0   0  48  42   3  29  49   7   0   4   0  24   0  41  41  10   0   0   1   2   0   0   6   7  32  14  33  13  24   3  15   6  49   0  24  22  47   8  11  16  34
   0   5  41   0  24  37   5  11   0   0   0   1  42   3  11  36  14  42   6  44  33   6  35  31   3   3   0  31  37  14  34   8   4  28   3  30  15   0  23   0   7  24   1  16   7   0   0   0  25  33  46   0   6  10  42  41   0   0   1   8   0   0  32  13  20  32  37  36  35  18   3  26   3   5  47  37  45  17
  45  27   0   0   1  37   0  24  34  12   7   4   0  34  19  24   0  26  20  42   7   0  28  45   0  20   4  25  33   0   0  47  36   0  29  39   0   2   9  33  18   0   2  22   0   0  18  13  27  17  45  33  15  38   0   3  26   0  17   0  44  16   0   1  10  11  10  18  32  23   8   0   0  44  45   0   0
   0   0  28  10   0  31  45  43  29   3  17  31   0  27  34  18  35  29  19   0   0   0   0   2  26  22  46  49  50   0  29  44  32  31  14   0   0   1  27  36  12  45  30  18   0   5  46  41  28   0  40  14  49  43   0  18  13   4  11   3  44  43  11   0   0  15  42   0  18  12   0  36  35   0   0  45
  49  19  32  33   7  18  42  19  36  38   0  21   0   0  41   0   4  50  34  47   6   0  14  20   6   0  24  11  16   0  12   0   0  36  23   0  17  38   0   0  32  24   0   6   0  31   0  47  21  10   0  13   0  18  36  44  18  10  35  28   0   0  47  48  14   0  21  31   0  44   0  48  25  33  45
  40   0  12   0  37  33   0   7   0   6  48   0  49  14   7   0  27  22   0  48   0   0   0  26  21   4  13  10   0  26  20   0  45  15   0  13  12  33  26   0   4  27   0  24  17   2  41   0   0  22   3  22  36  45   0   0   3  46  15  45   0   0  32   0  33  13   6  42   0  48   5   0  50   0
  42  35   7  36  13   0   0   0  15  40  14   0   0  13  48  14  38  18  13   4  50  47   1   0  39  10   0   1  46   0   0  21  40   0   0   7   0  30  26  24  48  12  44  18   1  35  18  29   5  30   1  39   0  20  14   0   0   1   4   9  12  45  15   0   0   0  20   0  33  31  20   1  10
  17  29   8   5  21   1   5   0  29  33   4  14  29  42  18   2  26  21  17   0   4   0  23  19  42  19  48   8   4  43   0   0  49  40   0  31  42  37   0  44   9   0   9  15  36   0  14  29   0  43  22  42   6   0  41  45  13  35   0  50  34  26   0   0  44  27  26   7  46  20   0  46
   0  26  48  49   0  10  13  34   6   9   1   0  33  44   9  28  13  50  20   0  18   7  37  20  12  10  50  19  18   2   0  31   0   0  26  25  20  42   0   0   0  11   1  13  49  34  15  29   8  40  45  12  25  30   0  33  39  20   0   0  42  21  42  49  20  45  27   0  18  46  45
  38  24  41  17   0   0   0   5  18   7   8  39  17  34  12   4   7  25  24   8  44  40   0  33   0   0  16   0  16  41  25  23  29  37   0   6  26   0   1  50  26  42  44   0   0  37   0  40  47   3  47  48   7  36  10   9  17  44   1  27   1   4  26  49  24   0   0   0   2  22
  45  41  21  47   6   0  28  20  45  33  27   9   0  10   5  21  35  39  11   0  39  14   3  48   1   3  33  20  17  50   0  17  12  29  32  43  43   0   0   9  48   6  27  44   0   0   0   3  10   5  39  12   0   0   5  15  13  45   8  48   0  32   0  13  44  14   0   0  27
   0  45  24  48  31   5   0  10  10  26   6  35  36   8  20   0  28   0  28  28   0   1  21   2  30  45  42   0  31   0  18   0   0  36  36  50  22   0  39   0  41  43   0  28   0   0   0  17   7  44  50  18   4  42  42  14  10  13  30  29  46  47  42  46  23  42  19  33
   0  14   0   3  23  50  19   9  22  48  18  42  41  50  18   4   0  29   6   0   0   5  14  13  43  32  43   0  33  44  29  50  36  42   2  39   0   0  35  10   8  32   5  39   0  39  44  10  38  45  39  47  38  25  13   0   2  28  43   4  39   0  26  36  48   0  34
  27  41   7   0  17   9  21   0  34   0  45  43  27   4  28   0  16  34   1   0   3  29   3  39  24   9  11  47   0  23   8  24   1  25   3  30   0   7  28  17  22  16  50  50  12  32  40  16   0   8  34   0   0  39  38  30   0   0  10   0  24  12  36  24   0  36
   0  39   0  13   8  21   1   0   1   0   0   0  18  41  14   5   8   0  40  45   0  33  33  37  26   0   0   9  20   0  29  24   0   1  45   0   0   2   0   0  21   0   0   0   0   0  46   6   1  49   0  23  27   0  28  34   0   3   8  44  22   2   0  49  41
   0   0  38  46  37   0   0   0  35   0   0   5   5  28  33   0   5  30  46  14  29   5  20   0  10  34   0  28  41  36   0  25   9   0   0  10  35   0  33  45   5   0   0  42   3   0  30  22   8   0  31  28   4  49  45   3   0  34  32  50  10  31  18   0
   7   9  17   0   1  12  12  46  29  50  17   7  25   0   0  40   0  47  40   7  31  13   6   0   0  40  35   0  47   0  20  15  31   0   7   0  31   0   5  37  44  37  18   9  49  39  37  31   0   0   0   0  44  11   1   3  32   0  24   7  35  19   5
  21  10  33  37  49  35  29  27  35   0  26  15  34   0  30   0  40  43  12   3  24  36   5  38  15   0   0   0  31   0   7  42   0  33   0  29  48  33  45   2  27   7   0   3   4  21  26   0  42  18   0   0   0  24  19  43  49   0  36   0  39  26
   5  45   3  35   0  20  23  13  28   3  32   0  35  37   0  42   0   0  25  19  21  40   7  45  40  18  44  20   4  13   0  30  29  36   0  12   0   0   2  35  50   0  38   0   0  21   0  47   9  24  41   4  41  44  41  28  28  19  13   9  28
   0  21  12  21  37   3   0   0   0   0  15  39   0   0  28  38  45  30  33   0  14   6  32  16  28  13   0  40  24  13  47   6  47  28   0  41  23  48  29  39  29  29  19  31   0  23  25   0  17  16   0  23  46   7   1  37  16  38  39   0
  43  37   0  42  28  21  25  18   9  36  34  32  15   0  42  22   0   0   5   0  33   8   0  36  33   0  38  34   0  31  10   0  17   0  22  40  43   2  27  29   0  30  19  43  49   8  47  38  29  19  33  50  44   1  18  19   0  39   0
  18  24  42   0   0   0  35   0   4  30   0  39   0   8  35   0   0   0  16  41  25  18   5   0  35   0   0   0  46   0  44  22   9  14  14   4   0   0  36   0  42   0  16  34   0   0   0  22  31  12  39   0  25   6   0  27  27  49
   8  41  26   0   0  38  23  30  39   0  39  29   0  14  26  39  28  32  41  18   0  18  20  40   7  14  16  35   2   0   0   0  49  42  45   0  11   0   5  32  11  33  34  49   0  26  20  16  47   0   3  44  10  13  45  38  13
  35  44  16  20  36  45   0  15   0  27  35  30  20   0   1  34   0  48   0   0  30   1  32   1  38  12   0  30  42  34  19   0  32  49  28  35  49  33  26   0   1  46  39   0   0  36  39  47  14  29  21  49  15   0  28  45
  38   0   0  41  48   5  32   0   0   0  26  49  48  14  46  29  14   0  34  16  35   0   0   0  31  10  16   0  48   0   2  34   0  20   0  38  32  16   0  14  24  44  21  32  34   0   0  10  21   0  41   0  25  47  34
  18  25  40  11  26  17   0  28   0  48  47  35  47  27  15  31  22  44  48  24  45   3   0  44  33  44   0  28   1   1   0   0  39  38   0  19   9   0  17  19   3   3  37   3  36   0  38   0  15  14  44  48  22  14
   0  35   0  32  10   3   0   0  40  42  24  11  33   0  40  16  32  45  29   0   0  24  45  49   0  41   8   2   6   0   0  46   0   0   0   0  47  16  37  29  39   0  13  30  29  37   0   6   0   1  26  41  30
  34   9  20  46  12  16   0   5  13   0  34   0  36   3   0  31  29  18   0   1   0   0   0   0  43   0   0  21  45   0  26   0  20  18  38  24   3  38  40  12  24  19  42  38   5  29  31   0   1  25  27  45
  39  16   0  20  40   0  38   8   0   0  42  44  29  32  30  21  18  43  14  30  12  21   2  36   0  18  25  39  48  22  37  10  19   0  50   0  44  22  11  44   9   5  50   1  37  36   0   0  39  11  29
  38   7  37  38  30   0  18  22  41   0  11   2   0  25  48  23  40  41  30  30   0   0  23  19  28   2   7  28  33  16   1  20   0  47  46  36   5  13  33  33  41  15   0  29  27  49  41  16   0   0
   0  37   2  31  17  36   7  15   0  47   0   0   0  40  43  28   7  34  24   0  22  19   0   0   0   0   0  29  45  11  39   0  25  43   0   0  24   0  13   4  49  11  42  28   1  39   0  10  15
  42   0  43   0  26  38  19   0   0   0  10   2  27   0  45   2  30  17  50  11   0   0  25   3   0  48   0   0   0  18  13  19   0   0  26   9  17   0  16   0  10  19  47  47   1  38  10   0
   7  36   0  23  29  19  36   0  16  26   6  32   0  34   1   0  11   0  39   0  36  46   0  10  27   9   0   1   0   5  27   0  10  26   0  34  50  29   0   6  11  32  32  26  16  45  31
   0  17  17  21  30  36  25  24   0   0  49   0  23  49   0  10   1  43  12  35  38  36  37  49  37  25  21  12  11  47   0   0   0   0  11   0   0  27  12  32   7   7  24   0   0  13
  24  25  46   4  31  40  23  42   0   0  17   9  10  39  19  25  13   0   3  45  27   0   3   0   1  15   0  13  15   5   0  49  10  33   0   0   8   0  15   8  14  36  27   0   0
  12   0   8  42   0  40  19   5   0  27   9   2   0  12  35  44   0  16  28  32  33   2   0   3   0   1   8  33  50   0  16  50   7  38  15  16   9   9  48   0   0  12   9  44
  30   0  42  26   0   0  11   0  49  16   0   0   8   0   0   0  29   6  33  47   0  44  32  14   0  31   1   0   0   0  36  29  32   0  14  48  32   0   0   0  24  38  37
  36  24  28   3  46  18   0  13   0  27   9  17   9   5  16   0  16  47   0  45  49   0   0  19  11  40   0   0   0  30   0   0  19  25  24  42  20  34   0  46  15  40
  33  46  29  22  30   0  22  13  21  41   0   0   8  10  38   0  49  14   0  33  15  17  31   8  31   0   0   0   7   0  27  28  18  46   0  43   0   0  39   4  30
  19   0  43   3  18  25  21   2  11   2   5  47  20   0  33  35  46  31  28  43   0  27  26   0  48  19  47   0  43  22  12  21  24   0  25  40   0   0   0  31
  47   0   6  46   0   0  29   0  39  16  49   8   1  44  17  32  24  21  46   0   0   0  16  26  26  14  39  16  42  14  40  35   9  17   5  16  45  34  19
  30   2  15  42   0  43   1   0   3  35   0   5   2   0   9   1  37  37  11  27  38  34   0   0  37  45  34  11  36  20  25  41   0   0  33  44  36   6
   4  43   3   2  45   9  21   0  12  44   7  25  30   0  20  30  38  16  15  28  42   0  46  31  34  36  18  33  47  26  40  20  50  14   8  31  35
   0  15   0  21  11   0  17   0   2  17  15  46   7   8   6  17   0   0  32   0   2  43  25   4   0   0  22  35  15  13  48  45  15   0   0  33
   0  30  22   0  24  27   0   2   1   0  22  26  49   9  34   0  34  33  22   0  23  14  38   0   1  47  19  12  14   0  14  32  18   0  13
  20   0  24   5   0   0  46  18   0   8  45   5   0   9   0  38  20   0  48  16  38  41   8  45  26   0  40  10  40  35  43  20   8   0
   5   0  41  11  20  16  42   0   1  30   0  16   4   0   0  13   0   4  17   0   1  12   2  11  35  16   7  37  13   8  24  41   0
  14   0   4   0   4  50   0  48   0   8  37  50   3  36   5  18  18  17   3   6  24   0  39   0   0   5   3   0   3   0   4  27
  44  32   5   9   0  42  25   0   0  37  43  13  17   4   0   8   0   9   0   5  22  19   0   0   0  35  48  47   0  13  29
  49   0   0  24  50  30   2   8   2  14  19   0   7   0   0   0   0  22   0  47  33  28   0   6  42  40   0   7   2  50
  17   4  47  47   0  23   4  10   2  36  47  23  13  20  34  12  19   0   0  14  47  48  37  24  12   7   0   0  44
  50  28  34  18   8  13  24   0   3   1   0  38   8  31  22   0   5  35  26   0  39   0  11  29  50   0   7  35
  26   0   0   0  29  47  35  10  43   0  39   0  39  27   9  13   3  42  35   0   8  12  32   0  18   5   2
  50  50  22   0  46   0   0   0   5  10   0   6   0  44   0  27  26   0  24  42  29  11  18  32  40   1
  35  31   3   7   4  47  27   0  44  28  14  45  17   7   0  36  29  41  37  27  21   6   0   0  26
   0  14  15   2  15  43  16  10   0   6   0   8  15  23   0   0   6  13   0   6   0   1  17  21
  49   1   0  39   0  19   0  39   4   0   0   6  27  12  21   0   6   0  24   0   0   7  20
   5   6  45   0   0  34  32   0  31  22   0  39  16  33   0  15   1  13   0  23   1  32
   0  41   5  38   0   0   0  39   0  23   2  20   2   8  18   0  38   0   0  45  11
   0  24   0   0   0  13   0  19  50   1   8   7   0   0  48  47  30  48  45   2
  28  14  17  27  32   0  32  30  49   1   1  28  29   0   0  47   0   9  49
  30   1  19   0  18  49  10  35  22  17   0  13   0  18  43  24   0  12
   0  36  20  33  43  34  36   5  10   0  26   0  49   4   4  49  25
   0  11   8  36   2   0  20   0   0  31  12   7   0   0  46   0
  50   0  43   7  28  36   0   0   0  19  15   8   0   5   6
  16  35  47   9   6  27   0  46  38  48   0  49   0   0
   0  30   0   0  47  25   8   0  28  20  32  38   0
   0  11   0   0  42   5  33  40  23  11  42   0
  38   3  25  24  44  24  43  45   0   0  13
  19  18  27  43  39  18   6   4  46   0
  49  31   0  28  37   6  38  50  16
   0  29  41  46  49  46  13  34
  18   0  46  23   0   0   4
   9   0  28   0  43  44
  15   0   0  42   0
  44  38  24   0
  37   4   0
  16   6
  29

 973
  19  23   8  11  19  23  16  22  21  23  10  19  22  25  24  19  21  23  12   8  11  11  23   8  14   9   4  21  10  11  23  14   1   3  13   8   6  10   8  25  23   1   7   2  16  17   5   6  18  18   5  11  14   5   4  14  25  20   8   2   1   4   1   5  24   6   6   2  11   2  25   8   7  13  22   3  22  24   5  14  11   4  13  23   9  16  17  14  13  10   7  17  21  17  11   1   7  10  10  13

