 100 
   0   0  35  14   0   0   4  14   0   0   0  41   0   0   0   0   0   0   0   0   0   0   0   0   0   0   0  48  27   0   0   0   0   0  11  34   0   0   0  27   0   0   0  35   0   0   0  42   0   0   0   0   0   0  18  13  45   0   0   0   0   0  38   0  25  40   0  20   0  45   0   0  10   0   0  22   0  37   0   0   0   0  35  42   0  45   0   0   0   0   0  41  50   0  24   0   0   0   2   9
   0   0   0   0  30   9   0   0  26  12   0   0  21  25  24   0   0   0  11   0   0   0   0   0   0   0   0  32  46   0   0   0   0   0   0  16  27   0   0   0   0  30  49   0   0   0   0   0   0  33   0   0   0   0   0   0   0  37  38   0   0   4   0   0   0   0   0  11  30   0  30   0   0   0   0  41   0   0   0   0   0  14   9   0   0   0   0   0   0   0   0   0  21   0  32   0   0  32   0
   0   0  27   0  33  47  49  21  44  36   0   0   0   0   0   0   0   0   0   0   0  16   0   0   0   0   0   0   0   0   0   0   0   0   0   6  24  10   0   8   0   0   0   0   0   1   0   0   0   0   0   0   0   0   0   0   0   0   0   0  37   0   0   0   0   1   0  29   0   0   0   0   0   0   0   0   0   0   0  23   0   0   0   0   0  47   0   0   0  12  31   0   0   0   0   2   0   0
   0   2   0   0   0   0   0   8   0   7  28   0   0  13   0   0   0   0   0  33   0   0   0   0   0   0   0   0   9   0   0   0   0   0   0   0  37   0   0   0  46   0   0   0  14  13   0   0   0  48   0   0   0   0   0   0   0   0   0  26   0   0   1  38  44   0   0   0   0   0   0   0   0   0   0   0   0  17   0   0   0  40  37   0   0   0  47  40   0   0  15   0   0   0   0   4   0
   0   0  15   0   0   0   0  30  45   0   0   0   0   0   0   0  42   0  41   0  16   4  25   0   0  28   0   0   0   0   0   0  39  39   0  16   0   0  42   3   0   0   0  28   9   0  25   0  44   0   3   0   0   0   0  27  12   0   0   0   0  48   0   0   0   0  20  42   0   0   0   0   0   0   0  23   0   0   0   0  31   9   0   0   0  49  28   0   0   0  12   0   0   0   0   0
   0   0   0   0   0   0   0   6   0   0   0   0   0   0   0   0   0   0   0  28   6   0   0   0   0  17   0   0   0   0   0  12  49   0   0   0   0   0  26  13   0   0   0  41  37  44   0  40   0   0   0   0   0  34   0   1   0   0   4   0   0   0   0  45   0   0   0   0   0   0  19   0   0  23   0   0   0  30   0   0   0  48   0   0   0   0   0   0   0   0   0  33   0   0   0
  46   0   0   0   0  26  23   0   0   0   0   0   0   0   0   0   0  30   0  28   2  36   0   0   0   0   0   3   0   0   5   0   0   0   0   0   0   0   0   0   0   0   0   0   0   0   0   0   0   0  38   0   0   0   0   0   0   0   0   0   0  28   0  36  49   0   0   9  11   3   0   0   0   0  29   0  44  23   0   0  27   0  40   0   0   0   0   0   0   0   0   0   0   0
  31   0   0  48   0   0   2   0   0   0   0   0   0   0   0  26   0   0   0   0   0   0   0   0  15   0  22  19  28   0   0   0   0   0   0   0   0   0   0   0   0   0  43   0  14   0   3   0   0   9   0   0   0  47   0   0  25  29   0   0   0   0   0  38   0   3   0   0  46   0   0   0   0   0   0   0  11  31   0  39   0   0  14   0   0   0   0  24   0  41   0   0   0
  36   0   0  32   0   0   0   0  31   0  37   3   0   0  45  47  26   0   0   0  15   0   6   0   0   3   0   0   0   0   0   0   0   0   0   3  48   0  37   0   0   0   0   0   0   0   0   0   0   0   0  18   0   0   0   0   0   0  44  27   0   0   0  43   0   0  22  21   0   0   0   0   0   0   0   0   0   0  31   0   0   0   0  15   0  38   0  21   0   0  23   0
   0   0   0  47  14   0  45   0   8   0  20   0   0   0  10   0   0   0   0   0   0   0   0   0  35   0   0  16   0   0  24   0   0   1   0   0   0   0   0   0   0  38   5   0  29  11  20   5  12   0   0   0   0   0   0   6   0   0   5  17   0   0   0  10   0   0   0  29   0   0   0   0   0   0   0   4   0   0   0   0  12   0   0   0   0   0   3  16   0   0  46
  20   0   0   0   0   0  48  44   4  32   0  25   0   0   4  22   0   0   0   0  40  31  28   0  41   4   0   0   0   0   0   0   0   0  18   0   6  11   0   0   0   0   0   0  17   0   0   0   0  31   0   0   0  12   0  49   0   0  12   0   0   0   0   0   0   0   0  32  29   0   0  21   0  19  34  34   0   0   0   0  19   0   0   0   0   0   0   0  34  36
   0   0   0   0  41   0   0  41   0   0  34   0  46   5   0   0  33  31   0   0   0  26   0   0   0  31   8   0   0   0   0   0   0   0   0   0   0   0   9  33   0   0   0   0   0   0   0   0  38   0  13   0   0   0   0   0  42   0   0   0   0   0   0   0   0   0   0  27  46  38   0   0  15   0   0  40  44  26   0  26   0   0  50   0   0  21   0   0   0
   0   0  32  39   0   0  17   0   0  49   0   0   0   0   0  50   0   0  30   2   0  36   0   0   0   3   0  46  49   5   0   0   0   0   0   0   0   0   4   0   0  23   0   0   0   0   0   0   0   0   0   7   0   0  45   0   0  47   0   0   0  50   0   0   0   0   0   0   0  15   0   0   0   0   0   0   0  23   0   0   0   0   0   0   0   0   0   0
   0  14   0   0   0   0   0   0  26  21  46   0   0   0   0   0  10  49  18   0   0   0  19   0   0   0   0   0   0   0   0   0   0   0   0   0   0   0  15   0   0   0   0   0  50   5  49   0   0   0   0   0   0   0   0   0   0   0   0  41   0   0   0   0   0  35   0   0   0   0  34   0   0   0   0   0   0   0   0   0   0   0   0  29   0   0   0
   0   0  48   0   0   0   0   0  41   0   0   0   0   0   0   0   0   0   0   0   0   0   0  43   0   0   0   0   0  44   0   0   0   0   0  22   0   0   0   0   0   0   0   0  20   0   0   0   0   0   0   0   0   0   0   0   0  29  11   0   0   0   0   0  11  38  15   0   0   0  26   0   0   0   0  17   0   0   0   0  16   0  29   0   0   0
   0   0   0  24   0   0  10  39  23  22   0  39   0  20   0  42   0   0   0   0  37   0   0   0   0   6   0   0   0   0   0   0   0   0   0   0   0   3   0   0   0   0   0   0   0   0   0   0  12   0   0   0   0   0   0  31   0   0   9   0  35   0   0   0   0   0   5   0  20   0   0   0   0  10   0  46   0   0  24   0   0   0   0   0   0
   0   0   0  14   0   0   0   0   0   0   0   0   0   0  25   0  34   0   0   0  47   0   0   0   0   0   0  34   0  31   0   0   0  31   0   0   0   0   0   0  44  44   0   0   0   0  50   0  46  22   0   0   0   0   0   0   0   0   0   0  31   9   0   0   0  43   0   0   0   0   0   0   0  38  27   0   0  42   7  39   0   0   0  27
   0  34   0  10  47   0   0   0   0  38  46  42  19   0   0  41  29   0  14   0   0   0   0  42   0  41  10   0   0   3   0  14   0   0  33   3   0   0   0  34   3   0   0   0   0   0  13   0  10   0   0   0   0   5   0   0   0   0   1  47   0  20   0   0   5  17   0   0   0   0   0   0   0   0   0  32   0   0   0   0   0  11  38
   0   0   0   0   0  45   0   0   0   0   0   0  18   0   0  32   0   0   0   0   0  27   0   0   0   0   0   0  26   0  13   0   0  37   0  50  36   0   0   4   0  27   0   0   0   9   0   0   0   0   0   0   0   0  48   0   0   0   0  35   0   0   0   0   0  32  43   0   0   0  44   0   6   0   0   0   0   1  16   0   0   0
   0   3  19   0   0  38  41   0   0   0   0   0   0   0   0   0   0   1   0   0  44   0   0   0   0   0   0   0   0  21  23   0   0   0   0   0   0   0   0   8   0   0   0   0   0   0  23   0   0   0   0   0   0   0   0  48   0   0   0   0   0   0   0   0   0  41  35   0   0   0   0   0   0   0   0   0  47   0   0   0   0
   0   0   0   0   0   0   0   0   0  46  29   0   0   0  18   0  19   0   0   0   0  44   0   0   0   0   0   0   0   0   0   0   0  32   0   0   0   0   0   0   0   0   0   0   0   0   1   0   0   0   0   0   0  30   0  17   0  50   0   0  39   0   0  14   0   0   0   0  13   0   0   1   0   0   0   0   0  33   5  13
   0   0   0   0   0   0   0   0   0   0   0  22   0   0  39  27   0   0   0  24   0   0   0   0   0  49   0   0   0   0   0   0   0   0   0   0  23   0  50  45   0  11   0   0   0   2   0   0   0  13   0   0   0   0   0  15   0   0   0   0   0   0   0   0   0   0   0   0   0   0   0   0  49   0   0   0   0   0  25
   0   0   0   0   0   0   0   0   0   0   0   0   0  21  21  38   0   0   8  32   0   0   0   8   0  33   0   0   0   0   0   0   0   0  34   0  25   0   7   0   0  42  17   0   0   0   0   0  31  46   0   0   0  22   0   0   0   4   0   0   0   1   0   0  29  16   0  31  11  38   0   0   5   0   0   0  25   0
   0   0   0   1  22   0   0   7   0  21   0   0  16   0   0   0  19   0   0   0   0   0   0   0  49   0   8   0   0   0  21   0   0  25   0  18  46  26  50   0   0   0   4  10  14   0   0   0   0   0   0  48   0   0   0  46   6   0   0   0   0  33   0  25   0  36  49   0  21  23   0   0   0   0   0   0   0
   0   0   0   0  48  34  22  14   0  12  22   0  37  10   0   0   0   0   0  18   0  11  20   0  28   0   0   0   0   2  44   0   0   0  28   0  22  24   0   0   0   0   0   0   0  47   0   0  47   0   0   0   0   0   0   0   0   0  48   0   0   3   0   0  25   0   0  14   0  32  25   0   0   0   0  42
   0   0   0   0   0  38   0   0   0   0  39   0  46   0   0   0  22   0   0  24   0   0  31   2   0  34   0   0   0   0   0  23   0   0  16  36   0  21   0   0   0   0   0   0  10   0   0   7  25   0  22   0   0   0   0   0   0   0   0  44  21  44   0  33   0  48   0   0   0  24  26  24   0   0   0
   0  14  35   0  32   0   0   0   0   1   0   0   0  46   0  50   0  21   0   0   0   0   0   0   0   0   0   5   0   0  10   0   0   0   0  30   0  30   0   0   0   0  39  22  44   0   0  50   0   0   0   0   0   0   0   2   0  49   0   0  32   0   0   0   0   0   0  44   0  46  28   0   0   0
   0  28   0   0   0   0   0   0   0   0   0  31   8   0   0   0  30   0  50   0   0   0   0   0   0   5   0   0   0   0   0  21   0   0   6   0  14   0   0  38   0   0   5   0   0   0   0   0   0  17  14  19   0   0  37  24   0   0   0  24   0  42   0  12   0   0   0  40   0   0   0  16   0
   0   0   0   0   0   0   2   1   0   0   0  26   0   0   0   0  11   0   0   0  22   4   0   0   0   0   0   0   0   0  24   0   0   0   0   0   0   0  37   0   0   0   0   5   0   0   0   0  47  28   0   7   0   0   0   0  12   0   0  20  23   0   0   0   0   0   0  17  35  15   9   0
   0   0   0   0  20  49   0   0   0   5   0   0   0   0   0   0   0   4   0   0   0   0   0   5   0   0   0   0   0   0   0   0   0  23   0   0   0   0   0   0  28   0   0   1   0   0  30   0   0   0   0   8   0  19   0   0  14   0   0   0   3   0  50   0   0   0   0   0   0   0   0
   0   0   4   0   0   0   0   0  40   0   0   0   0  24  33  17   0   0   0  35   0   0  11   0   0   0   0   0   0   0  42   0   0   0   0   0   0   0   0   0   0   0   0   0   0   0   0   0   0   0   0   0   0   0  12   0  26   0   0  11   0   0   0   0   0   0   0   0   0   0
   0   0   0   0   0   0   0   0   0   0   0   0   0   0  23   0   0   0   0   0   0   0   0   0  21   0  25   0   0   0   0  41   0  27   0   0  36   0   9  38   4   0   0   0   0   0   0   0   0   8   0   0   0   0   0   0   0   0   0   0   0  11   0   0   0  34   0   0   0
  34  43   0   0   9  34   0   0  27   0  36   0   0   0   0   0   0   0  44   0   0   0   0  41   0   0  19  45   0   0  19   0   0   0   0   0   0   0   0   0   0   0  32  18   0   0   0   0  32   0  22   0   0   0   0   0   0   0   0   0   0   0   0   0   0   0   0   0
   0   0   0   0   0  47   0   0   0   0   0   0   0   0   0   0  26   0   0   0   0  10   0   0   0  45   5  11   0   0   0   0   0   0   0   0  30   0  38   0  23  42   0  10   0   0   0  35   0   0   0   0   0  42   0   0   4   0   0  26   0   1   0   0  38   0   0
   0   0  21   5   0   0  19   0   0   0   0  47   0  18   0   0  47  42   0   0   0   0   0   0   0   0   0   0   0  27  15   0   0  28   0   0   0   0  14  18   0   0   0   0   0  50   0   0   0   0   0   0   0   0   0   0  18  30   0   0  10   0  33   0  40   0
   0   0   0   0   0   0   0   0  13   0   7   0   0   0  10   0   0   0  30   0   0   0   0   0   0   0   0   0   0  19   0  32   9   0   0   0   0   0   0   0   0   0  50   0   0  30   0   6   0   0   0  43   0   0   0   0   0   0   0   0   8   0  33  12   8
  47   0  41   0   0   0   0   0   0   0  37   0   0  15   0   0   0   0   0   0   0  40   0   0   0   0   0   0  18   0   0  27   0   0   0  17   0   0  18   7   0   0   0   0   0   0   0   0   0   0   0   0  46   0   0   0   0   0   0   0  20  15   0   0
   7   0   0   1   0   0   0  18   0   5  18   0   0   0   0   0   0   0   8  47   0   0   0   0   0   0   0  47  15   0   0   0   0   0   0  34   0   0   0   0   0   4   3   0  34   0   0   0   0   0   0   0   0   0  38   0   0  25   0  14   0   2   0
   0   0  36  42   0   0   0   0   0   0   0   0   1   0   0   0   0   0   0   0   0  41   0   0   0  49   0   0   0   0   0   0   0  28   0   0   0   0   0  15   0  27   0   0   0  41   0   0   0   0   0   0   0   0   0   0   0  17   0  28  18   0
   0   0   0   5   0   0   2   0   0   0   0   0   0   0   0   0   0  50   0   0   0   0   0   0  30   0   0   0   0  12  35   0   0   0   7   0   0   0   0   0   0   0   0  36   0   5  29   0   0   0   0   0   0  25   0   0  38   0   0  30   0
   0  44   0   0   0   0  23   0   0  12   0   0   0   0   0   0  42   0   0  24  32   0  35   0   0   0  26   0   0   0  35   0   0   0   0  28  33   0   0   0   0   0   0   0  29   0   0   0   0   0  22   0  31   0   0  11   7   0   0   2
   0   0   0   0  17   0  39  43   1   0   0   1   0   0   0   0   0  14   0  44   0   0   0  42   0   0   0   0  10   0   0  42   1   0   0   0   0   0   0  45   0   0   4   0   0   0   0   4   0  26   0   0   9   0  19   0  17  48   0
   0   0   0   0   0   0   0   0   0   0   0   0   0   0   0   0   0   7   7   0   0  40  34   0   0   0   0   0   0  19   0   0   3   3   0  46   0   0   0   0   4   0   0   0   0   0   0   0   0   0   0  22   9   0   0   0   6  35
  23  37  31   0   0   0   0   0   0   0  41   0  40   0   0   0   0   0   0  41   0  15  28   0  19   0   0  42   0   0   0   0   0   0  13   0   0  25  17   0   0   0   0   6  22   0   0   0   0   0  15   0  30   0   0   0   0
   3   0   0   0  11   0  10   0   0   0   0   0   0   0   0   0   0   0   0   0   0   0   0   0   0   0   0  15   0   4   0   0   0   0  14   0   9   0   0  27   0   0   0  22  11   0   0  46   0   0   0   0   0   0   0   0
   0   0  21   0  48  15  12   0   0   0   0   0   0   0   0   0   0   0   0   0   0   0   0   0  13  16  25  45   0   0   0   0   0  22   0   0   0   0   0   0   0   0   0   0   0   0  13   0   0  21   0  50   0   0   0
   0  14   0   0   0   0   0  38   0   0   0  47   0   0   0  19   0   0   0   0   0   0   0   0   0  19   0   0  44   0   0   0   0   0   0   0   0   0  35   0  47   0   0   0   0   0  45  19   0   0   0   0   0   0
   0  47  39  14   0  18   0  19  29   0  50   0   0   0   0   0   0   0   0   0   0   0   0   0  11   0   0   0  19   0   0   0   0  20   0  18  42   0   0   0   0   0   0   0   0   0   0   0   0  25   0   0   0
   0  41   0   0  16   0   0   0   0  29   0   0  36  35   0   0   0   0   0   0  29   0   0  44   0   0   0   0   0   0   0  26   9   0   0   0   0   0   0   8   0   0   0   0   0   0   0   0   0   0   0  42
  13   0   0   0   0   0   0   0   0   0   0   0   1   0   0  49   0   0   0  23   0   0   0   0   3   0   0   4   0   0  47   0   0   0   0   0   0   0   0   8   9   6   0  20   0   0  22   0  34   0   4
   0   0   0   0   0   0   0   0   0   0   0   0   0   0  14  25   0   0  46   0   0   0   0   0  50   0   0   0   0   0  20   0   0   0  33   0   0   0   0   0   0   0   4   0  17   0   4   0   0   0
   0   0   0   0   0   0   0   0   0   0   0   0   0  25  12   0   0  15   0   0   0   0  26   0  48  12  45   0   0   0   0  33   0   0   0  19   0   0   8  25   0  41   0  16   0   0   0  23   0
   0   0   0  47   0  23   0   0   0   0   0  27   0   0   0   0  14   0   0   0   0  39   0   0   0   0  33   0   0   0   0   0   0   0   0   0   0  23   0   0  15  23   0  14   0  23   0   0
   0   0   2   0   0  34   0  20   0   0   0   0   0   0   0   0   0   0   4  28  22   0   0   0   0   0   0   0   0  15   0   0   0   0   0   0   0   0   0  13   0   0   0   0  28   0   0
   0   0  19   0   0   0   0  12  29   0   6   0   0   0   0   0   0   0   0   0   0   0  39  48  36   0   0   0   0   0  10   0   0   2   0   0   0   0   0  24   0   0   0  35   0   0
  48   0   0   0   0   0   1   2   6   0   0   0   0   0   0  14   0   0   3   0   0   0  24   0   0   0   0  19   0  26   0   0  25  10  21   0   0   0   0   0   0   0   0   0  31
   0   0   0   0   0  18   0   0   0   0   0   0   0   0   0   0   0  46  32   0  46   0  24   0   0   0   0   0   0   0   0   0   0   0   0   0  41   0  36   0  47   0  47   0
   0   0   0   0   0   0  30   0   0   8   0   0   0   0   0   5  31   7   0   0   0   0   0   0   0   0   0  47   6  38   0   0   0   0   0   0   0   0   0   0   0   0   0
   0   0   0  16   0   0   0   0   0  30   0   0   0   0   1   0   0   0   0   0  28   0  37  35   0   0   0   0   0   0   0   0   0   0   5   0   0   0   0  36   0  50
   0   0   0   0  14   0   0   0   0  22   0   0   0  48   0   0   0   0   5   0   0   0   0   0   0  23   0  48   0  44   0  12  45  24   0   0   0   0   0  37   0
  19   0   0   0  48   0   0   0   0  44   0   0   0   0   0   0   0   0   0   0   9   0   0  45  10   0   0   0   0   0   0   0   0   0  10   0  33  18  36   0
  26  31   0   0   0   0  35   0   2   0   0   0   0   0   0   8  41   0   0   0  42   0  35  50   0   0   0  12  39   0   0   0   0   0   0   0   0   0   0
   0   7   0  44  31   0   0   0   3   0  26   0  48   0  18   0   0   0   6   8   0   0  40   4   0   0   0   0  21  18   0   0   0   0   0   0   0   0
   0  38  38   0   0  47   0   0  38   0  15   0  42   0   0   0   0   0   0   0   0   0   0   0   0   0   0   0   0  22   0   0   0  30   0   0   0
   0  22   0   0   0   0  36   0  11  20   0   0  33   0   0  10  22   0   0   3   0   0   0   0   0  24   0   0  17  32   0  28   0   0  45   0
   0   0  47   0   0   0   0   0   0   0  44   0  28   0   0   0   0  31   0  29   0   0   0   0   0   0   0   0   0   0  46   0   0  32   0
   0   0  30   0   0   0   0   0  41   0   0   0   0  45   0   0   0   0   0   0   0   0   0   0   0   0   0   0  32   0   0  22  50   0
   0  30   0   0   0  44   0  26   0   0   0   0   0   0  23   0   0   0   0   0   0   0   0   0   0  35   3   0   0   0   0   0   0
   0  31   7   0   0   0   0   0   0   9   0   0  43   0  34   0   0   0   0   0   0   0   0   0  38   0   0   0   0   0   0   0
   0   0   0  43  11   0   0   0   0   0   0   3   0  30   0   0  19  20   0   0   0   0   0  19   0   0  38   0   2   0  14
   0   0   0   0  12   0   0   0   0   0   0   0   0   0   0  47   0  31   0   0   0   0   0   0  16   0   0   0   0   0
  25   3   0   0   0   0   0   0   0   0  20   0  18   0   0   0   0   0   0  24  16   0   0   0   0   0   9   0   0
  16   0   0   0   0   0  14   0   0   0   0   0  49  26   3   9  15  49   0   2   0   0   0   0   0  41  19   0
  17  47   0   0   0   0   0   9  49   0   0   0  48   0   0   4   0   0   0   6   0   0   0   0   0   0   0
   0   0   0   0   0   0  12   0   0   0  19  43   0   0   4   0   0   0   0   3   0   0  38  30   0   0
   0   0   0  17   0   0   8   0   0   0   0   0   1   0   0   0   0   0   0   0   0  21  48  25   0
   0   0  30   0   0  34   0   0   0   0   0   0   0   0   0   0   0   0   0   0  14   0  31   0
   0   0  12   0   0   0   0   0   0   0   0   0   0   0   9   0   0   0   0   0   0   0   0
  34  23  24   0   0   0   0   0   0   0   0   0   0  16   0   0   0   0   0   1   0   0
  27   0   0   0   0  48   0   0   0   0  20   0   0   0   0   0   0   0   0  35   0
   0   0   0   0   0   0  29   0   0   0   0   0   0   0   0   0   0   0   0   0
  43   0   0  34  17   0   0  34   0   0   0   0  16   0  43   0  26  46   0
   0   0   0   0   0   0   0   0  32   0  20   0   7  18   0   0   0   0
  11   0   0   0   0   0   0  26   0   0   0   0  19  43   0   0   0
   0   0   0   0   0  36   0   0   0   0  18  20   0   0   0  37
   0   0   0   0   0   0   0   0   0   0   0   0   0   0   1
   0   0   0   0   0   0  34   0   0   0   0  24  42   0
   0   0   0   0  22   0  44   0   0   0   0   0   0
   0   0   0   0   0   0   0   5  45   0   0   0
   0   0   0   0  17   0   0   0   0   1  27
   0   0   0   0  36   0   0   0   0   0
   0   0   0   0   0   0  14  36  46
  21  35   0   0   0   0   5   0
   0   0   0   0   0   0   0
   0   0   0   0   0   0
  18   0   0   0   0
   0   0   0   0
   0   0   0
   2   0
  42

 399
   8   1   1  20  22   8  11  15  25   9  23  18  14  16   9   4  25  17  19   3   1  20   6   6  15  19  25   9  24   3  15  25   6  12  18   7   9  10  22   8  15  17   2  16  18  24  15   4  25   5  23  18   9  18  21  24   7  19  24   1   5  18  20   9  11   7  11  24  21  18  13  21  13  25  12  15  14  13  15   2  17  24  17  21   8   4  11  16  21  13   3  17  17   7   2   5   5  23  11  18

