 100 
  37   0  46   1   0   0  11  48   0  16   6   1  23  36  25   0  48   0   0   0   0   0   0  46   0   0  34  35   0  21   0  29   2  21   7   0  46  33  40   0   0  32   0   0   0   7   0  46   8   0   0   0  49   0   0  15   0  27   0   0   8   0   8  47   0  22   6  50  22   0  49  16  12   0   0   1   0   0  38   5   0   0  28  32  48   0   3   2   0  35  11  37   3   0  32   0   0   4  14   0
   0   0   0   0   0   0   0   0   0   0   0   9   0   0  31  11  36  20   0   0  31   0  30  15  20   0   0  10   0   0  21  29   6  31  12   0   0   0   0   0  35  29  46  29   0   0   0   0  11  10   0   0  42  18   0  15   2  12  43  18  44   0  48   0   5   0  34   0  41  26   8  18   5  12   0  50  40  38   7   0   0   1   7   6  20  25  30   0   0   0   7  47  19   0   2  48  15  24   0
  11  38   0   0   0   0   0   4  27  23   0  28  14   4  44   0   0   0   0   0   0  44  12   0  35  38  29   1   7   0  47  48   0  27   0   0  37  35  47   0   0   0  10  14  47   0  16  11  27   0  46   0  20   0  37   0  34  22   0   0   1   0  46   0  12   0  32  31   0   0   0   0   0  22  30   0   0  34  42   0  40   0  37  16   0   0  48   0  19   0   0   0  14   0   0  31   0  14
   0  36  46   0   0  32  34  28   0   0   9   0   0   0  35   0   0   6  10   0   0   0   0  19  37   0  31   0  32  41  17   9   0   1   0   0  25   0   0   6   0   0   0   0  11   0  35   0   0   0   0   0   0   0   0  29  39  24   0  18  26   4  42   0   0  37   0   4   0   0  13  13   0   0   0   0  10   0   0  19   0   0   0   0   0  18  16   0   0  36   0  46   9  20   0   0  21
   0   0  45   0  13  27  42   0  35   9   0  35  22   0   0  24   0   0   0  14   6   0   0   0  20  22   0   0  39  45   0   6   9   0   0   1   0   0  14   1  44   0   0   0  27  18  37   0  40   0   0  31   0  11  14   0  32   0  45   0   0   0  48  47  16   0   0   0   0   0   9  23  26  13   0   0   0  33  46   0  26   0  39   7   0   0  17  27  42   0   0   0   0  44  30   0
   0  38   9   0   2   0   3   0   0   0  45  10   0  48   9   0   0  36  29  50   0  30   0   5  44   1   0   0   0   0   5   0   0  41  43  21   0  30   0  43   0   1  21   0   9   0   0   0   4   0   0  19  29   0  16   0   0   0  17  19   0   0   0   0   0   0   0  30  37  48  15   3  49   0   0   0   0  19   0   0  12  17  37  46   0   0   0  48   7   0  27   0   0   0  35
  48   0   0  21  39   0  18   4  26  28  36   0   0  12  42   0  11  34   8   0   0   0  38   0   0  14   0  50   4   0  38  13  19  12   0   0   0  15  16   0   0   0  40   0   0  12   7  26  30   4   4   0   0   0   0  43   0  49  16  14   0   0   0   0  30   0   0   0   0  37  49  32   7   0   0   0  41   0  46   0   0   0   0  50  14  30   0  26   0   1   0  38  22  30
  36  38   0   0  39   0  33   0   0  13  47  27   0  27  12  13   2  48  46   0  12   0   0   0  37   0  35   5   0   0   0  26  49  50   0   0   0   0  15   0  19  31   0   0  42   0  24   0   0  24  29   0   0   0  37   0   0  15  23   0   0  39   0  21  10  33  47   0   0  33  50   7   0  16  14  34   0  33   0   0  29   0   9  21  19  31  40  36   0  39   0   0   0
   0   0  41   0  13   0   0  14  38  34   0   0  34   0   5  40  31  18   0   0   0   4   0   0   0  26   0  42   0  27  50  12   0   0  36   0   0   0   0   0  28  20   0  26  47   0   0   0  50   0  39  46   0  21  32   0   0   3   6  47   8   0  31   0  28   0   0  12  11   0  27   0   0   0   0  45   0   0   0   0   0   6  45   0  35   0  48   0  21   0   0   0
   0   5   0  40   0   0  19  26   0   0  15  41   0   0  40   0   0  29  36  47   0   0  31   0   0  38   0   0  13   0  22  24   0  17   7  35   0  17  32   1   0  17   0   8   0  32   0  36  45  43  27  48  43   0   0   0  11   0   0  27   0   0   0   0  47  12   0  45   4  10   0   5  50   0   0   0   0  32   0   8  15   0  14   0   0   0  27   0  23   0  21
   0   0   0   0   0  42   0  12   0  16  44   0   0   4   0   0   0   0   0   0   0  22   0  36  17  29   0  30  23  15   0   0   7   0   0   2   0  27   0   0  12   0   0   0  46  22   0   0   0  11   0  44  32   0  13   0  21   0   0   0  23  49   0  30  26  38   9  50   0  38  35  50  11  42  35  24   0  35  49   0   0   0  28  45   0  18  14   0   0   0
  17   0   0  49  34  47   0  32  48   0   0   0   0   0  15   0   1   0  13   0  43  44  10   0  36   0   0   0   0   0  30   0  26  50  22   0  35   0   0   0   5  11   3  30   0  42   0  11   0   0  27   4   0   0   0  40  45   0   0   0   0   0   0  15  27  16   0   0  21  49   0   0   0   1   0   0   0  22  29   0  16   0   0   0  34   0   0   0   0
   4   0   0   0   0   0   0   0  28   0  22   0   0   0   0   0   0  15   0   0   0  17   3   0  45   0  40  24  40   0  34   0  24   0   0   0  21   0   0   0  49   0   0   2   0   0   0  15   0   0   0   0   0  37   0  18  24   0   0  34   8   0  38  23   9   0   6  24  41   0   0  40   0  49  47  25   2  48   0   0   0   1  32   0   8  42  38   0
   3  49   0   0   0   0  50  45   6  32  48  20  15   0   0  11   0   0  33   9  34  32   0   0   0  22   0   3  17   0   3   0  11   0   0   0  22   0  23  14   0   0  42   0   0   8   0   0   0  23   0   0  28  27   0  44  32   0   0  44  14  27  35   0  38  24   0  38  14   0   3   8  29   0  32   0   0   0  50   0  46  41  26   0   6  11   0
  28  45   0   3   0  19  22  16   0   0  27  39  21   0  20  40  44   0   0   0   0  21  15   0   0  26   0  23   0  48  33   0  26  40   9   0   6  12   0  10   0   0  39  22  10  28   0  47  34   0  19   0  11   0   0  24   0   4   0  35  25   0  16   0   0   0   0   0   0  35   2   0  10   0  31   0  42   1  44   0  32  20   0  48  35   0
   3   0  45  22   0   9   0   8   0   0   0   0   0  36   0  35  48   0  25  22   0   3   3   0   4  23   0  26   0  33  15   0  24   0   0   0   0   8   0   0  31  10   0  29  20  22  19  25   0  32   0   0   0   0   0  35  48   0  39  27   0   0   0   0   6   1  13   1  40   0   0   0   1  24  38   0   0   0  22  39   0   0  24   0   0
   0  28   0  47  33   0   0  38   0  50   0   8   0   0  14  12  45   0  34   0   0  34   0   0   7  28   0   0   0   0   0  50  33   0  23   0   0  34  34   0   0   0  29  14  19  11   0  27   0  33  28  11   0  39   0   0   0  22  10  12   0   0  16  26  39   0   0   0  49   0   5  33  41  26  17   0  23  27   0  32  39  32   0   0
  40  37  22   0   0   0   0   1   0   0   0   0  29   2   0  20  44  21  21   0   8   8   0  26  19  36   0   0  28  43   0   0   0  11  45   0  40   0   0   0   0   0   0   0  28   0   0   0   0   5   0  42   0  18  21   0  49   2  32   0   0   4   0   0   0   0   0   0  18  32  34   0   0   0   0   1   0   0   0  14  28   0   0
   0   0  18   0  28   0   0   8   5   0  25  25   0   0   0   0  17  33   0   0  42   0   0  48   3   0   0   0  47   0   0   0   5   0   0   0   0   2  19   9   0  24   0  28   0   0  27  14   0   0   0   0   0   0   6  44  31   0   0   0  29   0   0  11  14  32   0  21   0   0  16  37  24   0  15  38  26   0   8  47  42  32
   0  49  18  42  45   0   0   0   0   0  22  43   0   0  45  25   0   0  37   0  21   0   0  32  27   0  23   0  19   0   0  17  33   2   5  48   0  13  18  31   0  32   0  15   0  17   6   0   0  12  15   0  15   0   0  18   0  40  28  30   0  11  30  12   0  44  43   4   0   0   0   0  11  26  25   0  47   0  29   0  14
  23  37  30   0   0   0   5  21  18   0  26   0   0   7   0   0  13  34   0  11   0   0   0   0   0   0   0   0   2  11  32   0   0   7   0   7  50  35   5  20   0   0   0   0   0   0   0  42   0  27   0  22   0  28   1   0  43   0  16  34   0  50  46  47  17   4  40   0  45   0   0  37   0   0   0   0   0  43   0  15
  23  40   0   0  32   0  45  46  27  47  22   0  16  42  42   0   0   0  20  41   0   0   0   0  33   0  35   0   0  16   0   0  24   0  42  15  34   0   0   0  42   0   0   0  11  23   0  12   0  12  45  48   0   0   0  24   0   0  32  49  24  11   0   0   1  39  26   0  24   0   0   0   0  21  48  37   0  32  47
   3  20  24   7   0   9   0  39   0   9  35   0  22   0   0  29   0   0   0   0   0  10  17  42   7  45   2  37   7  24  39  10   0  37   0   0   0   0  42  39   0  49   0   0   0   0  26   0  33   0   0   0  34  21  20   0   0   0   4  11   0  11  11  29   0   0  42   0   0   0   0   0  36   0   0   0   0   0
   2  16   1   0  48   0   0   0   0  29   0   0  29  42  43   0  15   0  12  50  32  35   0   0   6  12   0   0  16  10   0  33   0   0   7   0   0  10   0  32   0   0  44   0   0   0   0   0  14   0  35  46  40  21   0   0   0   0  22  24  24  45   4   0   0   0  29  11  50   0   0   0  29   0   0  24   0
   0   0  27   0  42   0   0  13  50   0   0  29   8   0   0   0   0   0   0   0  37   0  38   5   0  13  26  37   0  37  36  45  34  42  40  35   0  16   0   0   0   0  35   9  24   0   0   0  19   0   0  24   0   0   0   0   0  46  36  33  25  36   0   0   0  37   0   2   0   7   0   0  38   0   0   0
   0   0   0  43  15  10  40  18  16   0   0  10   5   0   6  23  18  29  13   0   7  15  12   0   0   0  15  34  35   0   3   8   0  33  27   0  12   0   3  31   0   0   0  42  43   0  22   0  27   0  35   0   6   0   0   4   0   0  24   0   0   0  31  36  19  47   0   0   0  47  47   0  32   0  44
   0   0  49  12   0  44   7   0  16   0   0   5   0  22   6   0   0  33  26  46   2   0   6   0   0  23  17  32   0  27  47   0   6   0   0   0   0  43  16  24   3   0   0   0   8  47   1   0   0   0   0   0   0  26  46  37   0  26   0   0   0  25  37   0   0   0   0   0  25  49  15  33   0   0
   0   0   0   0   0   0   0   0  44   0   0   0   0  29   0   3  35  26   0  48   0   0  39   0  18   0   0   0   0   9   0  49   0   0  14  29  12  24   7  19   0   0   0  16   0  45   0   0   0   0   0  34   0  32  44   4  44  42   0  41   0  39   0   0   4  44   7  49  23  24  12  12   0
   0   2  11   0  12  19   0  15   0   0  16   0  24  36  44   0   2   0   0   0   3   0   0  11   0   0   9   1   0   0   0   0  26   9   0   0   0  42   0   0  29  29   0  27   0   0   0  15   0  44   4  43   0   1  36  45  46   0  10   5   0   0  10  17   0  13  33   0   0  46   0   0
   0  25   0  19  27   0   0  38  14  24  13  13  19   0  34   0  17   0   0   0   5   0  35  24  29   0   0  35   0   9   8   0  34   0  13  41  50   0  27   6   0  31  13  24  23   7  35  50   0   0   0   0  50   0  12   0  41   0  16   0  29   0   0  36   0   0   0   0   0  34   1
   0   0  26  22   9  42   0  23   0  27   0   0   0   0   0   0  38   0  50   0  16   0   0   0   0  46  41  46  15  31   0   0  11   0  44  21   0  48  15  38   9   0   0   0   0   0   5   0   0  43   0  32   5   0   0   0   0   0  19   0   0  50  14  15   0   0   0  25  15   3
   0  31  47   0   0   0   0  16   0  20   0   0   0   0   0   0  27  32   0   8  48  26   0   0   0   0   0   0  21  20  23   0  13  12   0   0   0  45  33  13   4   0  14   0   0   0   0   0  34   0  40  21  16  32   0   0  35  12   0   9  33   0   0   0   0  16   0   0   0
  20  32   7   3   0   0  43  46   0   0   6  27   0   0   0  16   6   0   0  12  19   0   0   0   0   0   0   0  34  48   0  14   0   0   0  26   0   0  46  43  41  10  27   0   0   0  43  43  29   0   0   0  29  25   0  47   0   2   0   0   0  14   6  43   1   0  15  45
   9   0   5   0  30   2   0  29   0  47   0   0   0   0   0   0  33   0  47  31   0  29   0  24  21   0   0   0   0   0  17   0   0  21   0   0   0   6   0   0   0   0   0  42   0  21  37   0   0   0   0  50   0   0   0   2   0   1   0  20   0  31   0  22   0  25  31
   0  47   0   6  12   0  28  13  10  28   0  14  47   0  22   0   0   2  38   0   0   0  26   0  43   1   0  42  23   0  50  20   0   0   0  48   0  44   1   0  43   0   0  32   0   0  35  43   0  39   1   0  26   0   5   0  33   0   0  39   0   0   0   0  45   0
   8   0   0   0  13   8  26  14   0  41   0  50  40   0   0   0  25  43   0  44  34   0   0  43  39  42   0   7  50  33  14   0   0   0   0   0   0   0   0  15   0   0   4   0   9   0   0  46   0  48  39   0  42   0   0   0  24  16   0  37  36   0  18   2   0
   0   8  32   0   0   0   0   0  32  14  49   8   0  30   0   0  43   0   0   0   1   0   0   0   0   0   0  10   0   0   0   0   0  26  22   0  11   0   0  28  44  50  47   0   4   0  25   0  21  34   0   0   0  44  41  21  42   0   4   0   0   0  35  14
  35  45  30  44   0   0   0  11   0  17  10   0  17  35  37   0  14   0   0   0   0  10  41  49   0   0   8   1   0  18   7   6   0   0  49  12   0   0  27  49  26  18  50   0   0   0   0   0   0   0   0   0  16  15  46   0   0   0  18  17   0  50   0
   0  23  33   0   0   0  38   0  17   0  48  39   0   0   0   0  36   0  16  46   0   0  25  33   0   0  21   0  33   0   0   5  29   0   0  17  13   0  18   1  15  18  14  41   0  48  42  30   0  24  19  23  43   0  35   0   0  25   0   0  13  41
   0   0  22  27  48  48   0   0  16   0  12   9  29  38  38   0   0   0  32  30  43  16   0   0   0   7   0   6  43   0  40  15   0   0  44   0  35   0  21  24   9  33  39  13   0   0   0  45   9  13   0  50   0  23   0   0  29  50  38  46   0
   0   0  24   0   0   0   0   0   1  26   0  39   0   8   1   0  16   8   0   1   2   0   0  49   0  20   0   0   1   0   0  19  41   0   1   6  35   0  17   0  40   2   0  48  32   0   0  18   3   0   0  40   0   0   0   0   0   0   0  23
  13  46   0   0   0   0   3  43  20  47  18   0  24  10   0   0   0  36   0   0  36  20  40   0  35   0  29   0  18  21  19  26  10  40   3  35  26   0   6  42  28   4  48  15  31   0   0   0   0   0  22  39   0  33   0   0  12  38  10
  33  47   0  41   0  48   3  47   0   0  24   0   0   0   4   0  34   0   1  40   0  37   0  44   0   0  30   0  19   0   4   0   0   0   6   7  17  30  17   0  50  38  27   0   0   0   5  12   0  29   0   0   0   0   0  29   0   0
   0  15  40  37   6  34   0  12   0   1  42   4  34   9  40  28  44  27   0  40  40   0  41  37   0   0  28  38  50   0  37  49  11   0   0  46   0  12   0   0   0  31   2  32   0   0   0  12  18  10  22   0  44  12   0   0   0
   0  38   0   0  41   0   0   0  34  44   0   0   0   0   0   0   3  21  33  23  11  17   0  42   0   0  10  22   0   0  14   0   0   0  10   0  20   0   0   0  41   9   3  29  45   0  38   0  10   0   0  13   0   0   0   0
   0  11   0   0   0   7   0  49   0  29  12   0  42   0  31   0   0   0   0   0   0   0   0  46   0  28  27   0   0   0   0   0  27   0   0   0  27  20  25   0   7   0   2   0   0   4   0   5  35   0  30  26   5  42   0
   0  36   0  22  17   0  14  40   0   8   0   0   0   0  23   0  38   0   0   0   0   0   0  38   0   0  33   0   0   0  48  41   0   0   0  31   0   0   0   0   0  43   0   0  47   0  33  26   8  20   0   0  19   9
   0   0   0   0  19  37  48   0   0  38  20   0   0   0   0  47   0  32  15  33   0   0   0  41   0  17   0   0   0   0   0   0   3  24  18  46  45   0  48  29   0  13  26   0   0   3  31   0  44   2  37  12  10
   0   0   9   0   0  12   0  11   0   8   0  19   0  47   0  50  29  44  32   0   0   0   0   8   0   0  41  43   0  42  40   0   0   0   0  45   0  17  17   0  13  26   5   0   0   0  13   0   0  36   0  27
  48  20  14  25   0   0   0   0   0  24  18  39  17   0   0   6   0  44   0   0   0  46  22  37  33  34   0  12   9   0   0   0  24  28   0  32   0   0   0   0   3   0   0   0   0   0   0   0   0  11   6
   0  18   0   0  46  35   1   0   0  19   0  42   6   0  25  28  40   0   0   0  44   0  46   4   8   0  16  35   0  29  12  34  46   7   0   0   0   0   0   0   0   7  29   0   6   0  43  45   0   0
  45   0  10   0  16  23  25  48  36   0   0   0   1   0   0  24  44   0   0  42  48   0   0   0  37  29   1   0   0  18   1   1   2   0  10   0  10   0  18  25  27  16   0  32  43   0   0   0   0
  21  13   0   0  16  38  13   0   0   0  19   0   0   0   0   0   0   0  50   0   0  14   8   2   0  32   0  39   0   0  33   0   0   0   0   0   7  45   0  14   0   0  22  50   0  28   0  31
  31   0  17  48  37  15   0  26   0  13   5  20   2  28  23   0  30   0  39   0  20   0   0   0  30  26   0   0   4   0   0  50  42   0  23  45   0   0  41   0   8   0   0   3   0   0  18
   0   0   0  49   0  30   0  17   0   0  38  24   0   0   0   0  15  31   0   0   0   0   0   4   0   0   0   0  35   0  46   1   0  34  27   0  31  47  20   0   0   0   0  10   0   0
  50   0   0   0   5  12  46  33  48   0  10   0   0   1   0   4   0   0   0  35   0  37   0   0  27   0   0   0   0   0  11   0  38   0   0  19   0   0  48   0  41   1  32   0  20
  31  40   0   6   7  44  30   0   0   0   0  28   1   0   0  35   7   3  35   0  27  44   0   0   0  17   0   0   0  45  26  20  22   0   0  49   1   0   6   0   0  25   0   0
   0  19   0   8  22   0   0   0  21   0   0   0  50   3  50   0   0   7  18   6   0  14  45  34   0  27   0  34   0  31   0  36   0  11   0  25   0  49   8   0   0   0  39
  48  29   0   0   0   0  36   0   0   0   0   0  36  36   0   0   4   0  42   0   0   0   0  44  16   0   0   0  16   9   3  49   0  29  36   0   0   4   0   0  45  36
  13   0   0   0  14   4   2   0  23   0   0  11  41   0   0   0   0   0   0  36   9   0  30   0  10  24   0  28   0   0  28  42  30   0   0  13   0   0   0   8   0
   0   0   0  37   0   0  48  12   0   0   0   0  35   0   0  11   3  44   0   0   0   0   0   0  13   0   0   0   0   0  34  46   0  19  26   0  43   0   6   0
   0  22  22  44  12   0   0   0  31   0   0   0   0   0  47   0  27  33  30  37  37  33  48  50  29   0   0  10   7   0   0  38   0   5  40  30   0   0   0
   1   0   0   0  34   0   0   0   0  47   0  36  29   0   0   0   8   0   0   0   0  47   0  46  48  40   0   0   0   0  13  34  38   0   0   2   0   0
   0  33  45  14  19  33   0   0   0   0  18   0  44  16   0  28  11  48  39  21  31   0  46   1   0   0  24  33  50  47   0  39  29   2   0   0  24
  41   3   9   0   0  11   3   0   1  25  13  30   0   0  26  19   8   0  12  32  19  24  13  49   0   0  24   0  45   7   0   0  44   0   0   0
   0  36   0   0   8  40   0   0   0  39  47   0   0   0   0   4   0  38   0  48  48   0   5   0   0   0  37  21   0  16   0   0   0  42  23
  49   0  39  13  20  27  43   0  13   0   1   0   0  41   0   0   2  28   0   0   6   0  24  21   0   0   0   0  10   0  10   0  22  28
   0   0   0  30   0   0   3   3   2   0  26  47   0   0  14   0  46   0   0  20  41   0   0   4  10  37   0  43   7   0  19  29  14
   0   0   0   0   0  48   1  35  41  23   4   0   0  30  47  32   0   3   0  26   0   0  35  41   0   0  13   0   0  25   0  32
   0   0  26   0   7   0   0   0   8  22  15  26   0   0  45   0   0  33  37   6   5   0   0  34   0   0   0   8   0  15   0
   0   0  28  16   0  41   0   9   0   7  44   0   0   0   1   0   0   0   0  13  11  38  49   0  19  43  28   0  25   0
   0   0   0   0   0   0   0   0  34   0  32   8   0  40   0   0   0   0  15   0  31   0  21  36   0   0  40   0  15
  22   0   0   0   0   1  35   0   0   0   0  24   0   0  30  36   0   6  35   7  23   0   0   0  34   0   0   0
   0   0   0   0   0   0   8  47   0   0   0  35   0  31   7  30  48   8   0   0   6  10  15   0  23  14  44
   3  47  44   0  20   2  44  20   1  49   0   0   0   0  16   0  20   0   7   0   0  42  13  23  42  39
  19   0  44  28  43   0  10   0  45  22  18   0  31   0   0  32   0  36  14  27   0   5   0  38  50
   5   0   0   0   0  49  35  14  25   0  16  19  24   0  16   0   8  10  23  19   0   0   0   3
  43  36   6  38  26  37   0   8   0   0   1  12  42  30  40   4   5   0   0   0   0   2   0
   8   0   0  25   0   0  49  39   0  10   0   0  24  43   0   0  34  47   9   0   5  47
   0  25   0   0  47   0  11   0   0   0  37   8   2   0  35  12   0   8   0  11   0
  44   0   0  33  20   0   0   0  17  14  38   0  15   0  47  20  27   0   8   0
  21  36   0  43  15  19   1   0  13   0   0  16  12  35   0   0   0   0   0
   0   0   0  38  33   3  46   8  21   0  41  23   0  36   0   0  36   0
   0   1  17   0   0   5  22   0  17  24  14  18   0   1   0   0   0
  38  28   0   0  36   0   0  49   7  12  29  35   0   0   7  40
  44  23   0   0  13  11  27  22  44   0   0   0  16   0   0
  40  25   7  38   0   0   2   6   0   0   7  41  32  22
  12   0   0   0   0  49  13   0   3  50   7  25   0
   0   0  31   0   0   0   2   0  10   0   0  27
  17   0   0   1  40  10   0  47   0  23   0
  37  33   0  25  37   0  34  25  29  50
  40  10   0   0   6   0   7  28  38
   0   0   0  15   7  20   0  12
   0   0   0  39  22   0   6
  23  12  30  43   0   0
   0   0   0  29  19
   0   8  50  13
   0   0  32
   5  26
   0

 784
   3   6   4   1   2  20  22  24  18  11  13  21   8  10   9  17   7   8  21  22   6   5  17  15  22  23   4   9  16   3  12  25   9  14  21  22   7  25   2  15   1   9  12   2  23  11   3  16   9  18   4  23  18   6  21  17  24  24  19  14   4  12   1  11  16  17  22  16  22  13  18  18  14   9  14  21   3  22  23  17  23  22   6  11  12  20  19   8  11  15   4  22  21   4   4   5  22  15  19  24
