 100 
   0   0  40   0  10   0   0   0   9   0   0  35   0  11   0  50  25  12  14   0  40   0  43   0   0   2   0   0  27   3  14  15   0   0   0   0   0  22   4   0  34   0  27   0   0   0   0  43   0   0  33   3  20   0  18  10   0   0  46   0   0  25   0  13   4  12  20  20   0  40  48  44  33   0   0  36  38   0  18   0  34   0   0  24  31   0   0   0   0  40   0  23   4  50   3  26  35   0  49   6
  32  15   0   0   0   0   0   0  14   0   0  21   0  42   0   0   0   0   9  13   0  30  24  10   0  27   0   0   0  29   0  18   3   0  44  11  37  45   0   0  12  14  36  33   0  23   0  34  12  34  18  22  50   3   0   0   4  22   0  14  27  45  21  18  46  47   0  21  21  48   3   0   0  16  28  46   0   0  42  11   0   8  43   0  29   0   0   2   0   0   0  33   0  28   0   0   0  35  38
  21   0   0   0  21   2  42  40   0  31   0   0   0  40  46   0  16  11   0   0  22   5   0  12  18   0   0   7   0   5  26   0  45   6   0   0  28   0  20  41   0   0   0   1  43   0   0  19  19   0  42   0   6   0   0  15   0   0  16  27  19  24   0  29  24  28   0   0  15  17   0  45   0  50   0   6  10   0   0   6   0   0  24   0  24   0   0  11   9  34  20  11   6   0  39   0   0   0
  42  34  12   0   0   0  43   2   0   0  16   0   0  40   0  40  28   0   0  12  35  10   0  15  26  31  34  48  23  22  35   0   0   0   9  35  46  37  11  12  12  41   5   5  23   0   0  31  47   0   0  36   0   3   0  11   0   0   0  40  42   0   0   0   0  39  25  29   0   0  25   0   0   0  20   0   0  14  44   0   0   0   0   0   0   0   0   7  19   0   0   0  46   0  15  48   0
   0   0  41  35   0  29  38   0   2  42  33   0  44   0   9   0   0   0  42  31   0   0   0  15   0   0   0   0   5  20   0  20  32   0   0   0  35   0   3   0  44   0  36   0   0   2   0  26   8   0  26   0   0   0   0  43  13   0   0   0   0   4   0   0   0  34   2   0   8  14   0   0  19   0   0  16   0   0  47   0   0   6  13  27   0   0  32   0  21   0   0   0  13   0   0   0
  15  24   0  11  37   0   0  46  44   0   0   0   4   0   0   3   9   0   8  27  38   0  17   0   0  16   7   2   0  49   0   0   0   0   0   0  49   0  41  38   0   0   0  39  31   8   0  44   0   0   0   7  20   0   0  44  46  38   0   0  44   0   0  23   0  17  17  36   0   0   0   0  45  47   0   0   0   0   0  35   2   0   0   0   0   7   4   5  43   0  41   0   0   0   0
   0   0  14  37  40   0   0   0  33   0  49  16   0   0  34  16   0  10  11  44  14   0   0   0  39  19   0  26   0   2   0   0   0  43   0   0   8  41   0   0   0   0  14  42   0  49   0   0   0   0  29   0  48  39   8  14  19   3  15   0   0   0   0   5   6   0  18  25  29  16  36  47  36  17  40  25   0  42   0  18   7   3   0  23  13   0   0   0  18  25  16   4   0   0
   5   0   0  11   0  36  41   0   0   0   0   4   0  37   0   0   0  23   6   0   0   0   6  42   0   0   6   0  38   0   0   0   0  42  32   0  42   0   0   0   0   0   0   0   0   0   0   0   0   0   0  38   0  12  39   1  10  13   0   0  38   0   0  46   0   0   0   0   0   0  43   0   0  31  13  35  40  18  19   0   1  42   0   0  33  17  38  21   0   0   0   0   1
  14   0   0  31  23   0   0   6   0  44  26  20   4  24   0  20   0   0  46  50  12   1   0   0   1   0   3   0   0  44  28   0   5   0   0  10  28   0   0   0   3  34  26  23   0  14  27   0   3  32  13   0  25   0  23  39  16  47  15   0   0   0  43  42  38  10   0  15   3   0  10   1  12  18  14   0  46   0   0   0   9  44   0   0   0   0  45   0  37  18   0   0
  32   0  38   0   0  12   0  45   0   0   0  40  27  32   8  43   6  33   0  39   0  28  25   0   0  22   0  34   0   6  43   2  38   0  10  21   0   0  45   0   0   8  16  48   0  40   0   0   0  49   0   0   0   1   0  43  46  40  49   0  20   0  10   0   0   0   0   0   0   3   0   0   4  46   7  36  50  32  49  49  27  15  25   0   0   0  49   0   4   8   0
   3   0   0   0   0   0  15  34  15  48  47   0   8   0   0   0  29  22   0  46   0   0   0   0   0   9   0   8   0   0  39   0  12   0   0   0   0   0  49   0   0  14   3  28   0   0   0  44  12  31   8  46   0   0   0   0   0   0  16   0   2   0  42   6   0   0  12   0  44   0   0   0   0  29   5  33   0   0  28  48   8   3  30   0   0   0   0   6   0  16
  29   0   0  29   0  30   0   0   0   0  45   0   0   0  15  30   0   0  49  45   0   0   0  19  38   0  22   0  32   0   0   0  15  48  24  42   0   0   0  48   0  29   0  16  44  35  13  48   9  13   0   0   8   0   9  10   0  19  49  49  23   0   0   0   0  48  40   0  18   0  31   0   2  15   0  44  49   0   0   0   0   0  29   0   0  28   7   0   0
  27   0  49  27  18   0  48  16  11   0  12   0  11  13   0   0   0   0   0  48   0  22   0  12  17   0   0   1   0  23  29  13   0   0  14   0   0  35  19   0  14   0  12   0   0   0   0  23   0   0   0  48   0   0   0   8   0  24   0   0   0   0   0   0   0  48   0   0   0  32   0   0  42  43   0   0   0  43   0   0   0  42   6   3   0  17   0   0
  20   0  27   8  27  27  19  25   0  36   0   4  32   0   0   0   0   0   5   0   5   0  19   0   0   0  22   0  12   0  47   4  24   0   0   0   9   0  35   0   0  11   0  24  38  16  20   0   6  19   0   0  17   0   0  49   0   0   0   1   0   0   0   0   0   0  11   0   0  10  23   0   0   2  41   0   0  26   0   0   0   0  24  45   0   0  24
   0  34   0   0   3  39  48   0   0   0   0   0  15   0   4   0   0  33   0   0  27  19   0   0  43   0   0   0   0   0  27   0   0   0   7  13   0   9   0   0   0  23   0   0   0   0  30   0   0  42  17  21   0   0   0  13  16  33  50  41   0  19  23  32  43  40   0  45  25  16  48   0   9   0  36  22  50  38   0   0  32  50  21   8  35   7
  27   0   6  30   0  46   0  18   0   0   0   0  27   3   0   0   0   0   0   0   0  39  44  49   0   0   0   0   0  19  43   0   0  47  43   7   0   0  47  21   0  16  37   0  12   0  40   0   9  50   8   0   0  39   0  35   0  34   0  28   0   0   0   0   6  44   9   0  11  36  32   3   0   0   5   0   0  22  35   0  29   0   4  15  46
  44   0  18  10   0   0  21   0   0  13  29  49   0   0   0  50   0   0   0  28   0   0  20   0   0   0   0   0   8   0   0   0   0   0  11   6   0  15   0   4  42   0   1   0  15  24   0   9   0   0  48  38   0  26   6   0   0   0  50   0   0  30   1  29  26   9   0  32   0  25   0  16  41   0   0  16  21  35   3   0   0  21  39  29
  17   7  15   0  10  50   0   0  14  19  43  11   0   0   0   5   0   0  32   0   0   0  43   0   0   0  10   0   8   0   0   0   0   0   5   0   9  20  37   0   0  48   0  21   0   0  22  21  11   0  50   0  18   0  22  33  29   0   0  19   0  37  12  33   0  11   0   0  37   0   0   0   0   0  20  49  47   0   0   0  31  24  20
  22   0   0  29  49  25   0   0   0   0   0  23  12   0   0  44  16  15   0   2  21   4   0   0   0  23   0   0   0  34   0  17  41  28  49   0  14   5   1   0   0   0  11   0   0  13  17   0   0  20   0  11   0   0  40  12   0   0  33   0   0   0  27  48  33  17   0   0  24   0   0  16   9  33  46  11   0  39   0   0   0   0
  50   0  12  49  24   0   0  26   0   0   0  16   0  40  39  22   0  40  38  22   0   0   8   0   0  17   0   0   0  13   0   0  37  46   0  48  13  29   0   0   0   0  22   0   0  26  15   9   0  20   0   0   5  21  19  25   0   0  44   0  32   0   0   7   0  49   0   0   0   1  33   8   0  21  40   0   0  10  46  28  25
  36  31  28   0   0  26   5   0   5   0  35   0  31   0   0   0   0  40  34  18   0   0  37   0   0   0   0  46  36   0   0   6  13   0  41  50   7  49  16  29  38  31  42   0   0  35   0   0  10   1  33   0   0   6   9   0  13  30  40  49  21  25  29   0   0   9   0  36   0   0   0   0  44   0   2   0  35  14   1   0
   0   7  32   0   0   0   0   0   0   0  13  23  36   0   0   0   1  29   0   0   0   0  11   0  36  50   0   0   0   0  22   0   4  29  10  11   0  44   0  50  23   0  33   8  42  27  41  24   0   0   0  48  39   0   0   0   0   0  19   7   0   5   1   0   0   1   0   0  20   0  13  43   0  20  36   0   0  16   0
   0   0   0   5  47  39  40  32  49   0   4  18   0   0  40  38   9  30  20  26  44   0   1  22  12  47  20  33   0  30   0   0   0  30  28   0   0   0   8  50   0   0  47   0  50  26   0   0   0  13   2  32   0  43   0   0   0  43   4  19  20   0   0   0   0   0   0   2   0  46   0   0   0  43   1  19  21  27
   7  26  18   0   8   0   8  31   0   8  38   0   0   0  41   0   6   0   0   0   0   0   0   0   4  34   0   0  16   4   0  16   0  26   5   0  33   0   0   0  40   7  23  50   7   0  23  36   0  28   0   0  11   0  18   0   0  20   7   0   0  38   0   0  48  24  29  30  14   7   0   0   0  32   0   0   0
   7   0   0   0  16   0   0   1   0  17  30   0  13   0  42   0  41   5   0  41   0  43   7   4  46  48  40  18   8   0  18  35   0   6  14   0  10  21   8  26  35   2   0   0   0   0  19  30   1   0   0   0   0   0   0   0   0  49  35   0   0  16   0  47   0  18  17   4  46   0   6   0  38   7  33   0
   0   7   0   0  39   0   0  16   0   0  31  23   0  20   0  19  47   0  15  36  35   0   0  12  14   8  14  20   0  38   0  22   0   0   1  11   0   0  42  25   0  34  45  32   4   0   0  16   0   4  43   0  42   0  12   2   0   0   0   0   0  34  22   0  21  42   0   0   0   0  44  36  27  12   0
   0  37   0   0  12   0   0  43  10  49   0  14  18   0   5  49  49   0  48   0  43  32   0   0   0  47  45   0  43  18   1   0   0   0  11   9   0   0  26  36   0  37   0   0  17   0   8   0   0   0   0  26   0  28  50  49   0  38   0   0  50   0   0  15  17   0   0   0   0   0   0   1  34  14
   6   0   9  16  17  14  33  48   0  27  18  14   0   0   0  42   0  24   0  47  24   0  31   0   0   0   0   0  23  30  31  43  48   0  21   0  23   5   0  13   0   0   0   0   6   0  17   0   0  25  26  22   0   0  36  23   0   0   0  22  32   0  10   0  27  32   0  39   0   0   0  11  37
   0  15   9  29   0   0  11   0  23   0   0  24   0  37   0   7   0  29  18  38   0  27  38   0   0  50  22   9   4   0   0  13  26   5  22   0   0  31   0   0   7   0  45   0   0  38  31  19  13   0   0   2   0  34   0   0   0   0   0   0  29   0   0  26  18   0   0  14  37  10   0   0
   0   0  49  24  24  15   0   0   0   0  32   0  44   0   0   0  32  23   0   0  12  27  36  20   0   0  45   0   0   0   0   0   0   0  28   0   0   0  28   0   0   0   0   0  27   0  10  30   0   0   0  40   0  36  13  46  34   0  32   0   0   0   0   0   0  39   0   0   0  38   0
  44  19   0  35   0   0   0   0  44   0   0  12   0  30   0  25   0  23   0   0   0   0   0   0   0  44   3  42   0   0   0  18  15  24   0   0  20  25   0   0  44   6   0  24  11   0   4   0   0   7   4   0   0   0   0   9   0   0  27   0  45   0   0   0  45   0   0   5  40   0
   0   0  40   0  16   0   0  21  18  25  42   3   0   0   0  43  42   0   0   0   6  26   0  21   8   0  43  11   0   6  38  37   0  24   0   9   0   7  31  27   0  50  31   0  40  12  16   0   0   0  37   0   0  28  50   0   0   0   0   0  50  49  33  43  18   0  10   0   5
   0   0   0  26   0   0  36  38   0   0  11   0  29   0  31   0   0  37   0   0  37  48   0   0  32   0   9  21  17  16  29  46  36  15  11  16  45   0   0   0   0  29   3   0  17   0   0   0   0   0  26  36   0  45  27   0   0   5  40  28  21  27   0  28   0   0   0   0
  15   0   0   0   0   0   0   0  39  31  28   0  25   0   0   0   0  16  42   0  19   0  43   0  42   4   0   0  26   0  46   9  36  45  37  12  21   0   5   0   0   0   0  17   0   0  35  28   0   3   0  43  38   0  45   0   0   3   0   0   0  34   3   0   0  40   0
   0  45  29  24  45   0   0   0  44   0  26   5   0   4   3   0  14   0   0   0   5   0   0  22   0   0   0  39   0  41  45   0   3  11  16   0   0   8  21   0   0  36   0  19   7  45   0   0  15   0   0  36   0  23  14   0   0  40  39  49   0   0   0  46   0   0
  34  13   0   0  14   0   0   0   0  48   0   0   0  35  28  42  13  33  38   0  24  44  19   2  17   0   0  32  15  47   0  34   0   0   0   0   0   5  18   9   0   0   0   0   0  38   3   0  17   0  44  39   0  19  11  20   0  48   4   0   0   0   0   2  26
   0  23   1  39   0  18   0  10  40   0  35   0   0   0   0  31  43  17   0   0   0  42   0   0  29  22  44  50   0  27   8  27   7  12   0  18  35  43   0   0   0   0   0   0  37  37   1  16   0   1   0  10   7  24  47  29   0   0  24   0   0   0   0   0
  24   3   0   0   0  37  18   0  20   0  21   0  27   0  30   0   0  20   0  16  32  30  15   0  26  44   0   8   0  34   0  30  43   0   0  26   0  16  43   0   0   0   0   5   0  33  31   0  37  50   0   0   0   0   0  14  14   1   0  39   0   6  13
  35   0  34  18  28  41   3   0  38  11   0   0  25   0   0  48  27  46   0   0   0   0   0   0   0   0   0   0  31  21   0  11   7   0   0   0  33  14  47   0   0   0   3   0   0  41  12   0   0   0   0  23   0   0   0  42   0   2  20  47   0  42
  27  50  28  14   9  30  34   0  23   0  39   0  15  41  35   7  32   0  35   0  13  18  45  43   0   0   0   0   8  22   0   0  36   0   0   0   0   0   0   0   0   0  21   0   0   0  19   0   0   0   0   8  42  13  35   0   4  50   0   0  33
   0   0   4   0  22  47   0  36  27   0  10   0  14  42  38  27   0   0   0   0   0  10   0   6   0   0  23   0  38   0   4   0   0   0  36   0   0   0   0  42  34   0   4  21  21  14   0  14   0  17   7   3  19   1  27   0   0  16   0   0
  29   0  48  19   0   0  27   9   0   0  16   0   0   0  43   0  11   0   0   0   0  47   0  44  21   0   0   0   0  45  21   0  44   0  27   1  41   0   0   0  44  11  23  24  20  36  16   0   5  33   0   0  26   0   0  49   0   0  13
   7   0   0  48   0  20  46   0   0  10  37  14   0   0   0  15   0   0  24   0   0   0   3   0   0   1  28   1  32   0  46   0  34   0   0   0  28   0  25  36   0   0   0   0  28  19   0   0  23   7  14  19   0  32   5   0  47  42
  20   9  46  48  27   0  32   3   8  34  17   0   0   0  16   0   0  16   0   0   0   0  20  29  41  15   0   0   0   0  48  18  43   0  27   0  21  26  37  26  28   0   0  31  29   0  44   0   0   0  43  35  40   6   0  24   0
   0  29   0   3   0  50   0   4  44   7  38   0   0  12   0  33   0   0   0   0  15  20   0  36   1   6   0  36  17   0   0   0  34   1  32   0  11  31   0   0  27  32   0   0  21  34  17   7  15  46  11  30   0   0  48   0
   0   0  44   0  39  26   0  35   0   0   0  40  27   0  46  10   0  45  37  35  16  38   3  49   0   0  33  33  39   0  49   1   0   0   0  46   0   0  15   0   0  48   0  21   0  22  13  14   0   8   0   0   0  16  30
   0  45   0   0   0  16   0   0  13   0  29  27   0  17  14   8  22  12  39  29   0   0  35   0  10   0   0   0   0   0   0   0  26  29   0   0   0  26  44  10  27  15  31  48  40  25   9  39  20   0  27  10   5   0
   6  40   0  10  12  22  20   3   0   0   0  12   0  25  49   0   0   6  22   0   0   4   0  23   0  25   3   0  21   0   9  28  12   2   1   0   0   6   0  35  22   0  14  10  44   0  12   0   0   0   8   4   0
  28   0  11   9  49   0   0  45   0  46   5  47   0   0  11   0  32  50   0   0  31  42   0  26  22   0  47   0   0  34   0   9  32   0   0  40  17  46   8   0   0   0   9   0  27   2   9   0   0  38  41   0
   0   9  47   0  24   0   0   0   0   0   8   0   0   0  35  31   0   0   0   0   0  42   0  28   0   0   0   5   0   5   0  40   0  10  28  44  33  33  25   0   0   0  50   0  19   0   0  21   0  25  40
   0   0  22  19   0   0   9   0  34  26   0   0   0  31   0   7  26  28  26   0  14   0  34   0   0  27   0  37   0  34  13  36  15   0   0  32   0  21   0  47   0   0  10  28  42  11  30  16   0  45
  34  23  32  47   0   0   0   0   6   0  46   0   0   0  42  22   0  39  14   0   0   0  35   9   4  21   0  38  33  37   0   0   8   0   0   0  37  46   0  34   0  23   0   0   0   0   0  34   0
   0   0   0   0   0  39   0  42  21   0   0   0   0   0   0   0  43   0   0   7  42  10   0  23   0   0   0   0  20   0   0   0   0   0   0   5   0   0  16   0   9  12  30   0   0   0   0   0
   0   0   0  46   0  49  17   3   9   0   0  42   9   0  47  34   0   0   0   0  27   0   0  46  31  36   0  40   8  34   5  43   0  11   0  16   1  47   0  45   6  37   0   0  25  14   6
  40   0   0  44   0   0   0   0  16  35   0   0  33   0  25   0  45  43  42  39  15   0  10  20   0   0   0   0   4  18  50  37   0  42   0   3  40  11   0  29  13  23   0  16   0  32
   0   0  39   0  38   0  41   0  27  34   0  41   0  42   0   0   0   0  34   0  46  30   0  22   0   0   0  32  19   0  10   0   0  48  28   0  20   0   0   1   0  16   0   0  36
  50  48  10   0  10   8  10  23  28  18   0  18   0  28  46   0   0   1  28  29  14  40   0  36  39   3   3  39  31  10   0  29   0   0  35  40   6  15   1  19  44   0   0   0
  15   0   0   0   0  13   0   0  15  18   0  45  22  43   0   7   8   0   0   0   0  35   0  14  33  40  21  44   0   0   0   0  23  20   0   0   0   0  40   0   0   0   0
  36  37  40   0   1   0   0   0   0  19   0  40   0   0  14   7   3   0  11   0  32   0  41   5   9  22   0  32   0  32   0   0   0   0   0  30   0  28  30   6   0   0
   0  38  48   0   0   0  21   0   0  28   0   4  43  35  24  42  19   0   0  18  22   0   0   0   0   7  15   0   0   0   0   0   0  38  42   0   7  36   0   0   0
   0   7  21  46   0   8  26   0  16  12  46  29  47  50  48  48  22  35   0  22  29   0  23  11  17   0   8   0  14   0  38  26   0   0   0   0   0  32   0   0
   0  44   0  14   0   0   0  38   0   0  20   0   7   4  41  37   0  10  32   0   0  37  20   0   5   0  36   0   0   0   0   0  11   0  26   0  28   0   1
  30  29   0   8   0   0   0   0   0   3   0  14  42  45  33  27   0  11   0   0   0  46   0   0   0   0   0  48   0   0   0   0   0   0   0  23   0  19
   0  47   0  40  47  28   0   4   0   0  32   0   5  17  19   0   0  46   0   0   0  32   0   9   0  19   0  49   0   0  10  38   0   0  12   0  21
  11   0   0  50  33  15   6   0   0   0   0   0  12   0   0   0   0   0   0   0   6   0   4   0   8  39  24   0  50   0   0  27  23  42   0   4
   0   0   0  15  42  41  26  32  47   9   0   0   9  36   0   0  40   0   0   0  50   0   0   7   0   0  35   0  21   0  37  40  36   0   0
   0  14  22   0   0   0  43  34  10   0  23  48  39  40   0  38   0   0   0  28  30  30  20   0   0   1   6   0   0  50   0   0  42  31
   0   0   0   0  16   0   0   0  10   0   0  21  25   0   0   5   0  48  12  19  33  47   0   0   0  37  27  13   0   0   0  37  40
   0   0  32   0  28   0  17   2  36   9   6   0   7   4  24  16   0   0  13  12   0  45   0   0  46   2   0   0  34  14  39   0
  46  14   0  23  40   0  50  14   0   0  21  13   0   0  34   0   0   0   0   0   0  38  50   0  27   0   0  45  12   0   0
   0  46  13  27  21   0   0   0   0   3   0  24  49   0  30   0  10  30   0   0   8   0   0  26   9  34   0  43  39   6
   0  28  26   0   0   7  38  24  39  19  19  14  49  30  38   0  24   0  36  32   0   0   0   0   0   0  50   0   0
  23   0   0   0   0   0   7   0   0  30  14  45  21  35   0   3  16   5   0   0  32   0   0   0   7   0   0   0
   0   4  20   2  18  45  20  16   0   0   0   0  35  28   0   9   0  25  42   8  48   0   7   0   6  37   0
   0   1  14   0   0  26   4   2   0   0   0   0   8   5  16  35   0   0   0  39   0  44  43  37  38  42
   0   0  22   0   0  17   0  30   0  10   0   0   0   0   1  22   3   0   0   0   0  44  24  18  50
   0   0   0  22   0   0   0   4  47  30   0   0   0   0   0  36   0   0  28  50   0   0   0  10
  49   0  40   0   0   0  45   0  38   0   0   0   0   0  17  31   0   0   0  41  38   3  40
  10   0   0   2  14   0   0   0   0   0  15  19   0  36   0  25   2   0   0   0   5   0
   0   0  28   8   0   0   0  39   0   0   0   0  34  41   7   0   0   0  30   0   2
   0  23   0  25   0  23   0  42   0  22   0  43   0   0   0   0   0  21  35   0
   5   0   0   0  49   6  47   0  13   0   0   0   0   0   0  33   0   0  19
  39   1   0   0   0  10   0   8   0   0   0  50  38   0   0   0   0   9
   0  38   0   0   2   0   0   0  43   0   0  48   0  37  20   6  17
  30  42   0  13   0   0   0  33   0  48   2   0  47  21  27   0
  44  30   7  18  33   0  45   0   0  13   0   0   0  32  24
   0  38   0   0   0   0   0   0  10   0   0  33   0  42
   0   0   0  32   0  23  45   0   0   0   0   0  37
   0  37   0  27  23   7  43   0   0   0  34   0
  42   0  46   0  41   0  12   0   0  42  12
   0  49   0  43   0   0   0  10   0  14
  33   0  36   0  33   0   0   0   0
  41   0  24  33   0  25   5   0
   8  27  45  37   0   0  37
  22   0   0   2   0   6
  45   0   0  14  40
   0   5   5   0
  50   0   0
   0   0
   0

 516
   6  15   5  20  21  18  14  23  15   6  18  13  16   9  18  22   5  17   2  21   7   5   2  19  23  15  17   1  18  19   3  15  24  18  12  14   2   4  11   7   7  12   4  12  22  18  18   1   1   5  20  20  23  14   4   3  10   6  17  11  17  22  24  16   5  18  14  12  10   3  20  22   3  20  18  21  10   3   8   3   6  25  24   2  20  19   6   5   2  23  23  24  12   3   9  21  20  18  16  17
