 100 
   0  33   0   0   0   0   0   0  37   0   0   5   0   0  46   0   0   0   0   0   0   0  44   0   0  11   0   0   0   0   0   0   0   0   0   1   0  26   0   6   0  41   0   0   0  41   0   0  50   0   0   0   0   6  16   0   0  18   0   0   0   0   0   0   0   7   0   0   0   0   0  14   0   0  49   0  12   9   0   0   0   0   0  39   3  46   0   0  45   0   7   0   0   0  41   0   0   0   1   0
   0   0   0   0   0  32   0   0   0   0   0   0   5   0  27   0   0   0   0  43   0  46  40   0   0   0  38   0   0   0   3   0   0   0  39   0   0  16   0   0  26   0   0  23   0   0   0   0  11   0   0   0   0  37   0   0  15   0   0  19  30   0  43  48  33   0   0  40   0   0   0   0   0   0   0  19  37   0  23   9   0  24  27   0   0   0   0   0   0   0   0   0   0   0  46   0  48   0   0
   0   0   6  16   0  13   0   0   0   0   0   0  16   0   0  36   0   0   4   0   0   0   0  21   0   0   0  24   0   0  18  12  37   0   0   0   0  17   0   0   0   0   0   0   0   0  37   0   0   0   0   0   0   0  20   0   0   0   0   0  46   0   0   0   0   0  24  25   0   0   0   0   0  38   5   0   0  18  16   0   0   0   0  11   0   0   0   0   0   0   8   0   0   0   0   5  45   0
   0  14   0   0   0   0   0   0   0   0   0   0   0  46   0   0   0   0   0   0   0   0   0   0   0   0  32   0   0   0  16   0   0   0   9   2   0   0   0   0  48   0  31   0   0   8   0   0  23   0   6  41   0   0  16  20   0   0   0   0  42   0  48  17   0  35   0  11   0   0   0   0   0  14   0   0  40   0   0   0   0   0   0   0  21   0   0   1   0   0   0   3   0   0   0   0   2
   0   0   0   0  17   0   0  18  28  39   0  42   0   0  44   0   0   0   0   0   0   0   0   0   0   0   0  38   0   0   0   0   0   0   0   0   0   0   0   0   0   0   0   0   7  41  22   0   0   0   0  40   0   0   0  23   0   0   0   0   0   0   0   0   0   0   0  21   0   1   0   0  47   0   0   0   0   0   0   0   0  24   0   0   0   4  26   0  47  41   0  22   0   0   0   0
   0   0   0  31   0   0   0   0  25   0   0   0  42  45  20   5  40   0   0   0   0   0   0  41  21   0   0  37  19   0   0   0   0   0   0  23   0   4   0   0   0   0   0   0   0   0   0   0   0   0   0   0   0   0   0   0   0  15   0   0   0   0  38   0   0   0   0   0   0   1  35   0   0   0   7   0   0   0   0   0   0   0   0   0   0  16   0  26   0   0   0   0   0  41  26
   0  19   0   0   0   0  19   0   5   0   0   0   0  16   0   1   0   0   0   0   0  11   0   5   0   0   0   0   0   0   0  19   0   0   1   0   0   0  15   0   0   0   0   0   0  47   0  42   0   0   0   0   0   6   1   0   0   0   0   0   0  37   0   0   0   4   0   1   0   0   0  45   0   0  41   0   0  42   0   0   0  35  49   0   0  13   0   5  22  36   0   0   0   0
   0   0   0   0  36   0   0  24   0   0  36   0   0   0   0  19  35   0   0   0   0   0   0   0   0   0   0   0   0   0  42   0   0  20   0   0   0  46  28   0   0   0   0   0  14   0   0  33   0   0  40   0   0   0   0  29   0   0   0   0  27  24   0   0   0  34  19   0  19  15  31  23   0   0  10   0   0   0   0   0   0   0   0   0   0   0  16   0   0  48   0  32   0
   0   0   0  36   0   8  50  15   0   0   0   0   0   0   0   0   0  38   0  50  45  19   0   0   0   0   0   0   0   0   0  29   0   0   0   0  27   4   0  49   0  24   0   0   0   0   1   0   0   0   0   0   0   0   0   0  48   0   0   0   0   0   0   0   0   0   0   0   0  50   0  43   0   0   0   9   0   0   0   0   0   0   0   0   0   7   0   0   0   0   3   0
   0   0   0   0   0   0   0   0   0   0   0   9  40   0   0   0   0  16   0  20   0   0   0   0   0   0   0  14  16   0   0   0   0  11   0   0   0  30  43  47   9   0  22   0   0   0   0   0   0   0   0   0   0   0  44   0   0  17   0  40  49   0   0   0   0   0   0  47  17   0   0   0   0  40   0   0   0   0   0   0   0   4   0   0   0  17   0   0   0   0  26
   0   0   0   0  10   0   0   0   0   0  50   0   0   0   0   0   0   0   0   0   0   0   0   0   0   0  19   3   0  36   0   0   0  33   0   0   0   0   0   0   0   0   0   0  19   0   0  39   0   0  28  34   0  23   0   0  14   0   0   0   0   0   0   0   0   0   2   0   0   0   0   0   0   0   0   2   0   0   1   0   0   0   0   0   0   0   0   0   0   0
   0   0  39   0   0   0   0   0  13   0   0  23   0   4   0   4   0   0  19   0   0   0   0   0   0  25   0   0   0   0   0  20   0   0   0   0   0   0   0   0  47   1   0   0  44  35   0   0   0   0   0  48  24   0   0  50   0  15   0   0   8   0   0   0   3   0   0  30   8   0  42   0   0   2   0  40   4   0   0   0   0   0   0   0  24   0   0   0  15
   0  14  26  29   0   0   0   0   0  29   0   0   0   0   0   0   0   0   0  29  36   0   0  49  19  21  41   0   0   0   0   0   0   0   0  46  28   0   0   0   0   0   0   0   0  50   0   0  11  26   0  48  15  22   0   0  30  20   0   0  29   0   0   0   0   0   0   0   0   0   0  50   0   0   0   0   0   0   0   0   6   8   7  21   0  42   0   0
   0   1   0   0   0   0   0   0  27   0   0   0   0   0  23   0   0   0   0   0   0   0   0   0   0   0  23   0   0   0   0   0   0   0  23   0   0   0   0   0   0   0   0   0  45   0  28   0   0   0  28   0   0   0   0   0   0   0   0   0   0   0   0   7   0   0   0   0   1   0  19   0   0   0   0   0  26  39  29  38   0   0   0   0   0  11   0
  11   0  33   0  28   0  34   0  49  17   5   0   8   0  18  32   0  48  26   0   0   0   0   0  34   0   0   0   0  23  41   0   0   5   0  16   0   0  42  19   0   0   0   0  11   0   0   0   0   0   0   0   0   0  23  15  44  43   0   0   0  43   0  50   7   0   0   0  21   0   0   0   0   0  35   0   0   0   0   0   0   0   0   0   0   0
  47   8   0  17   0   4   2  11   0   0   0  18  32   0  42   0   0   0   0   7   0   0   0   0   0   0   0  24   0   0  48   0   0   0   0  40   0  41   0   0  41   0   0   0  29   0  19  48   0  39   0  33   5   0   3   0  12   0   0   0   0   0   0  13   0   0   0  12   0   0   0   7  43   0   0   0  48   2   0   0   0   0  48   0  36
   0   0   8   0   0   0   0  42   0   3   0   0   0   0   0   0   0   0   0   0   0  39  40   0   0   0   0   0   0   0   0  26   0   0   0   0  42   0  44   0   3   0  13   0   0   0   0   0   0  49   0   0   0   0   8   0  23   0   0  21   0   2  40   0   0   0   0   0  39  48   0   0  30  31   0   0  22   0   0   0   0   0   0   0
   0   0   0   0  22   0  23   0   0   0   0   0   0   0  12   0   9   0   0   0  47   0  19  27   0   0   0  41   0   0   0   0  43   0  21   0   0  38   0   0   0   0   0   0   0   0  15   0   0  20   0   0   0   0   0  25  10   0   0  38   0   0   0  13   0   0   0   0   0  34   0  30   0   0   0   0   0  48   0   0   0   0   0
   0   0   0   0   0   0   0   0  42   0   0   2   0   0   0   0   0   0  14   0   0   0  48   0   0   0   0   0   0  44   0   0   0   0   0   0  39   0   0   0   0   0   0  25   0   0   0  46   0  32   0   9   0   0   3   0   0  37   0   0   0   7   0  26   0  35   0   0   0   0   3   0   0   0   0   0   0   0  43   3   0   0
   0   0   0   0  20   0   0   0   0   0   0   0   0   0   0   0   0   0   0   0   0   0   0   0  14   0   4   0   0  23   0   0   0  43   0   0   0  23   0   0   0   0   0   0  48   0   0  41   0   0  38   0  49   0   0   0   0   0   0   0   0   0   0  17  15   0  15   6   0   0   0   0   0  49   0   0  35   0   0   0   0
   0   0   0   0   0   0   0  14   0   0   0   0  37   0   0   0   0   0  16   0   0   0   0  40   0   0  48  19   0   0   0   0   0   0   0   0  48   0  48   0   4   0   0   0   0  31  33  21   0   0   0   0   0   0   0   0   3   0   0   0   0   0   0   0   0   0   0  28   0   0   0   0   0   0   0   0   0   0   0   0
   0   0   0  42   0   0   0   2   0   0   0  30   0   0   0   0   0   0   0  45   6  40   0   0   0   0   0   0   9  25   0  26   5   0   6   0   0   0  21  44   0  33  31   0   0   0   0  36   0   0   0  31   0   0   1   0   0   0   0   0  29  29   0   0   0   0   0   0   0   0   0   2   0   0  24   0   6   0   0
   0   0   0  15  15   0   0  39   0  37   0   0  11  10  24   0  20   0   0  20  32   0   0   0   0  11   0   0   0   0   0   0   0   0   0   0  40  24   0   0   0   0   0   0  32   0   0   7   0  12  34   0   0   8   0   0  31   0   0   0   0   0   0   0  48   0   0   0   0   0   0   0   0   0   0   0   0   0
   0  12   2   0   0   0   0   0   0   0   0   0   0   0   0   8   9   0   0   0  42   0   0   0   0  40   0   0   0   0   0   0   0   0  36   0   0  29   0   0   0  31   0   0   0   0  42   0   0   0   0   4   0   0  33  18   0   0   0   0  12  24   0   0   0   0   0   0  29   0   0   0   0   0  11   0   0
   0  16   0   0  24   0   0   0   0   0   0   0   0   0   0   0   0   0   0   0   0  47   0   0   0   0   0   0  41   0   1   0   0   0   0   0   5   0  22  22  30   0  48  36   0   0  14   0   0   0   0  29   0   0   0   0   0   0   0   0   0   0   0   0   0  21   0  20  35   0   0   0  16  11  13   0
   0   8   0   0   0   0  23  18   0   0   0   0   0   0   0   0   0   0   0   0   0   0   0   0  11   0   0   0   0   0   0   0   0   0   0  29   0  28   0   0   0  25   0   0   0   0   0   0   0   2  41   0   0   0   0  47   0   0   0   0  39   0   0   5   0   0  41   0   0   0  30   0  24   0   0
   0  16  26  47   0   0   0  43   0   0   0   0   0   0   0   1   0   0   0   0   0  28   0   2  44  10  44  16   0  27   0   0   0   0   0   0   0   0   0   0   0   0   0   0   0   0   0   0   0   0   0   0  38   0   0  25   0   0   0   0   0   0   0  34  15  40   0   0  48   0   0   0   0  34
   0   0  26   0   9   0   0   0   0  40   0   0   0   0   0   0   0   0   0   0   0  32  10   6   0  15   0   0   0   0  16   0  27   0   6  34   0  49   6   0   0  21  43   0   0   0  34   0   0   0   0   0  24   0   0   0   0   0   0  19  30   0   0   0   0   0   0   0   0  37   0   0   0
  40  20  38   0   0   0   4   0   0   0   0   0   0   0  37   0   0  43   0  38   0   0  39  16   0   0   0   0   0  35  24   0   0   0  23   3  16   0   0  12   0   0   0   0   0   0   0   0   9  50  43   0   0   0  43  37  15  13   0   0   0   0   0   0   0   0   0   0   0  44   0  11
   0   1   0   0   0  44   0   8   7  27  37   0   0   0   0   0   0   0  49   0   0   0   0  49   0   0   0   0   0  40   0   0  47   0   0   0   0   0  10   0   0  29   0   0   0   0  30  17  27   0   0   0   0   0   3   0   0  20   0   0  16   0  28   0   0  44   0   0  43  45  14
  16   0   0   0   0  45   0   0   0   0   0   0  21   0   0   0   0   0   0   0   0   0  47  50   0   0   0   0   0   0   0   0   0   0   0   0   0   0   0   0   0   0   0  18   0   0   0   0   0   0   0   0   0  10   0   0  49   0   0  45   0   0   0   5   0  45  45   0   0  42
   0   0   2   0   0   0  27  22   0   0   0   0   0   0  26   0   0   0   0  16   4   0  26   0   0   0   0   0   0   0   0   0   0   0   0   0  32   0   0   0   0   0   0  12   0   0   0   0   0   0   0  11   0   0   3   0   0   0   0   0   0  44   0   4   0   0   0  42   0
   0   0  49  19   0   0   0  23   0  36   0  19   6   0   0   0   0  21   0   0   0  20   0   0   0   0  34   0   0   0  15   0   0   5   0   0  39   0   0   4  43   0   0   0   0   0  22  45   0   0   3   0   0  30   0   0   0   0  11   0  38  43   0   0   0   0   0  49
   4   0   0   0  28   0  46   0   0   0   0   0   0   0  13   0   0   0  41   0  47   0   0   0  43   5   0   0  22  42   0  44   0  36  21   0   0   0   0   0   0   0   0   0   0  16   0   0   0   0   0   0  12   0  43  24  39   0  50   0   4   0   0   0   0   0   0
   0   0   0   0   0   0  12   0  49  35   0   0   0   0   0   0   0  29   0   0   0   0   0   0   0  30  12   0   1   0   0   0  19   0   0   0   0   0   0  46  39   0   4   0   0  36   5  11   0   0   0   0  39   0  22   0  12   0  16  34  26   0   0  19  30   0
   0   0   0   0   0   0   0   0   0   0  32  33  49  30   0   0   0   0  34   3   0   0   0   0   2   0   0   0   0   0   0   0  10  44   0   0   0   0   0   0   0   0   0  17   0   0   0   0   0   0   0   0  50   0  37   0   9   0   0   0   0  36  48   0  45
   7   0  43   0   0   0   0   0  35   0  31   0   0   0   0   0   0   0   0   0   0   0   0   0   0   0   0  49   0   0   0   0   0   5  11  22   0   0  24   5  35  19   0   5  32   0   0  40   0  18   0   0   0  36  42   0   0   0   0   0  16   0   9  42
   0   0   0   0   0   0   0   6   0   5   5  29   0   0   0   0   0  30   0   0   5   0  31  41  47  43   0   0   9   0   0   0  43   0   0   0   0   0  45  36   0   0   0  41  26   0   0   0   0   0  10   0   0   0   0   0  40   0   0   0   0  48   0
  10   0   0   0   0   0   0   0   0   0   0   0   0   0   0   0   0   0   0   0   0   0   0  19   0  18  39   0   0   0   7  39   0   0   0   0  13  38   0   0  16   0   0   0   5  34   0   0   0   0   0   0  40   0   0   0   0  42   0   0   0   0
   0   4  20   0   0   0  36   0   0   0   0   0   0  28  40   0   0   0   0   0   0  11   0   9  22   5   0   0   0   0  26  37   0   0   0   0   0   0   0   0   0  45  25   0  15   0  18   0  20   0  27  20   0   0   0   0   0   0   0   0   0
   0   0   0   0   0   0   0   0  21  16   0   0   0   0   0  21   0   0   0   0  46  44   0   0  45   0  21   0   0   0  10   0   0  34  10   0  50   0   0  12   0   0   0  11   0   0   0   0   0   0   1   0   0   0   0   0   0   0   7   0
   0   0   0   0   0   0   0  44   0   0   0   0   0   0  30   0   0   0   0   0   0   0   0   0   0   3   0   0   0   0   0  26   0   2   0   0   0  14   0   0   0   0   0   0   0  35   0   0   0  44  32   0   0  14   0   0   0   0   0
   0   0   0  32   9   6   0   0  34  33   0   0   8   0   0  20   0   0   0   0   5   0   0  12   0   0   0   0   0  46   0   0   0  36   9   0   0   0   0   0   0   0   0   0   0   0  19   0  37   0   3   0   0   0   0   0   0  22
   0  35  24   0   0   0   0   0   0  33  25  41  33   0   0  40   0   0   0  17   0  19  15   0  29  18  45   0   0   0   0   0   0   0   0  42  38   0   0   0   0   0   0  14   0   0   0  50   0  37   0  33   0   0   0   0  38
  26  34   0   0  13   0   0   0  32   0   0   0   0   0   0   0   0  10   0  50   0   0   0   0   0   0   0   0   0   0   0   0   0   0  43   0  14   0   0   0   0   0  40   0  37  44  13   0   0  16   0   0   0   0   0  41
   0   0   0   0  29  50   0   9  41   0   0   0   0   0   0   0   0   0   0   0  18   0  49   0   0   0   0   0   0  29   0   0   0   0   0   0   0   0   0   0   0  23   0   0   0   0   0   0   0   0   0   0  23   0  42
  20  32   0   0   0  42   0  34  11   0   0   0   0   0   0   0   0   0  13   0   0   0   0   0  12   0   0  42   0  17   0  16  14   0  40   0   1   5   0   0   0   0  25  38   0  21   0   0   0   0   6   0   0  43
   0   0   0  44   0  31  39   0   6   0   0   0   0   0   0   0  46   0   0   0   0   0   0   0   0   0  34   0   0   0   0  39   0   0   7   9   0   0   0   4   0   0   0   0   0   0  12   0   0   0   0   0   0
   0   0   0  28   0   0   0   0  45   0   0   0   0   0   0   0   0  43   0  20   0  21   0  20   0  23   0   0   0  12   0  36  39   0   0   0  47  40   0   0   0   0   0  41   0   0   0   0   0   0  44   0
   0   0   0   0  32   0   0  17   0   0   0  40  35   0   0   0  27   0   0   5   0   0   0   0   0   0  41   0   9   0  30  24   0   0   0   0   0  25   0  39   0   0   0   0  18  21   0   0   0   0   0
   0   0   0   0   0   0   0   0   0   0   0   0  46  29   0  35   0   0  23  19  23   0   0   0   0   0   7  13   0   0   0   0   0   0   0  27   0   0  26  47  21   0  23   0   0   0   0  37  35   0
   0   0  37   0  22  34   0   0  45   0   0  17   0   0   0   0   0   0   6   0   0   0   0   7   0   0   0  14  39   0   0   0  16   0   0   0  27  43   0   0   0   0   0   0   0   9   0  40   0
   0   0  23  14   0   0   0   0   0  30   0   0   0   0   0   0   0   0  28   0  31   0   0   0   0   0   0   0   0  25   0   0  37   0   0  21   0   0   0  36   0   0  27   0  29   0   0   0
   0   0  20   0  35   0   0   0   0   0   0   0   0   0   0  50   6   0  32  19   0   0   2  29  43   0   0   0   0   4  31  35   0  24   0   0   0  48   0  49   0   1   0   0   0   3   0
   0   0   0   5  20   0   0   0   0  39   0   0   0  27  25   0  12   0   1   0   0   0  12   0   0  30   0   0  40   0   0   0   0   0  26  19   0   0   0   0   0   0   0   0   0   0
   0   0   0   0  40   0  41   0   0   4  38   0   1   0   0   0   0   0   0  26   0  17   0   0   0   1   0   0   0   0   7   0   0   0   0   0   2   0  48   0   0  29  12   0   7
   0   0  19   0   0   0   0  16   0  44   0   0   0   0   0   0   0   0   0   0   0  28   0   0   0   0   0   0   0  40   0  17   0  47   0   0   8   6   0   0  18   0   7   0
   0   0   0   0  31   0   0   0   9   0   0  23  40   0   0   0   0   0  41   0   0   0   0   0   0   0  48   0   0   0   0   0   0   0   0   0   0   0   0   0   0   5  14
   0   0   0   0  20   0   0  46   0   0  49   0   0  16   0  15   0   0   0  26   0  21   0   0   0   0   0  39   0   0   0   0  25   0   0  11   0  21  47   0   0   0
  28   0   0   0   0   0   0   1   0   0  17   0   6  23   0   0   0   0   0   0   0  21  46   0  27   0   0   0   4   0   0   0   0   0   0   0   0   0   0   0   0
   0   0  19   0  40   0   0   1  24   0   0   0   0   0   0   4  25   0   0   9   0   4  48   0   0   0  31  17   0   0  38   0   0   0   0   0   0   0  28  18
   0  47  45   0  41  16  27   0   0   0  47   0   0  25   0   0  46   0   0   2   0   0   0  42   0   0  13  30   0   0   0   0   0   0  19   0  30  44   0
   0   0   0   0   0   0   0  45  24  26   0   0   0   0   0   9   6  46   0   1   0   0  41   0  35   0   0   0  49  11   0   0  26   0   0   0   0   0
   0   0   0   0   0   0   0   8   0   0   0   2   0   0  17   0   0   0  32   0   0   0   0   0   0  45  12   0   0   0   0   0   0  34   0   0   0
   0   0  34   0  39   0   0   0   0   2   1  27   0   0   0   5   0   0   0   0   0   0   0   0   0   0   0   0  47   7  50   0   0  26   0   0
  47   0  23  18   0   0   0   0   0   0   0   0   0   0   0  34   0  17   0   0   0   0  44   0   0   0   0   0   0  34   0  18   0   0   0
   0   0  13   0   0   0  24   0   0   0   0   0   0   0   0   0   0   0   0   0   0   0   0   0   0   3   0   0   0   0   0   0  20   0
   0   0   0   0   0   0   0   0   5  16  20   0   0   0   0   0   0   0   0   0   2   0   0  46   0   0   0   0   0   0   0   0   0
   0   0   0  17  37   0  11   0   0   0   0   0   0  44   0   0   0  19  12   0  39   0   0  26   0   0   0   0   0   0   0   0
   0   0  32   0   0   0   0   0   0   2   0   0   7  31   0   0   0  31   0  25  32   0   0   0   0   4   0   0  43  31   0
   0   0   0   0  18   0   0   0   0   0   0   0   0   0   0   0   0   8   0   0   0   0  22   0   0   0   0   0   0   0
  45   0   0  36   0   0   0   0   0   0   0   0   0   0   0   0   0   0   0   0   0   9   7   0  38   0   0   0   0
   0  46   0   0  40   3   0   0  34   0   0  37   0   0  46   0   0   0   0   0  33  48   0   0   0   0  50   0
   0   1   0   0  14  36   0   0   0  32   0   0   0   0  43   0   0  31   0  18   0   0   0  10   0  37   0
   0   0   0   0   0   0   0   0   0   0   0   0   0   0   0   0   0   0   0   0  50  36   0   0   0   5
  29   0   0   0   0   0   0   0   0   0  19   0   0   0   0   0   0   0   0  21   0   0   0   0   0
   5   0   0   0   0  10   0   0  50  18   0   0   0   0   0   9  27  50  26   0   0   0   0   0
   0  34   0   0   0  34  11   0   4   0   0   0  42   0   0   0   0  15   0   0   0   0  33
  18   0   0   0  12  23   0   0  39   0   0  21   0   0  12   0   0   0   0   0  39   0
  11   0   0   0   0   0   0   0   0   0   0  14  22   0   0   0   0   0   0   0   0
   0   0  41   0  30   0   0  21   0   0   0   0  39   2   6   0  39   0  31  27
  14   0   0   0   0   0   0   0   0   0   0   0   0   0   0  44   0   0   0
   8   0   0   0  17   0  50  40   0   0  44  35   0   0   0   0   0   0
   0   5   0   0   0   0   0   0  28   0   0  10   0  13   0   0   0
   0  16   0   0   0   0   0   0   0   0   0   0   0   0   0   0
  33   0   0   0   0   0  42   0   0   0   5   0   0   0   0
   0   0  20   0   0  30   0   0   0   0   0   0   0   2
  36   0  49   0   3   0   0  14  47   0   2   0   0
   0   0   0   0   0   0  17   0   0   0  22   0
  24   0   0   4  23  48  43  44   0   0   0
   0   1   0  48   0   0  40   0   0   0
   0   0   0   0   0  49   0  44   0
   0  39  40   0  24  17   0   0
   0   0   0  20   0   0   0
   0  11   0   0   0   0
  39   1   0   5   0
   0   0   0   0
  25  33   0
  24   0
   6

 563
  18  17  17  21  16  15  20   1   6  17   9  23   5  21  24  13  23  24   3  15   6   6  25   5  12   7  21  21  20  14   5   1   8  11   9   6  14  13  12  14   1  22  21  20  19   2  15  10   5  14  24   5  18   7  14  11  21  22  25  13  10  17  25  22   6  24  13   1  17   3   2  11  16  15  21   9  24   5   9  24   5   2  13   5  16   7  17  23   2   4  16  25   9   7  13  11  11  17  14   2

