 100 
  34  47  32  39  34  37   5  43  35  24  49  30  27   3  19  31  11  36  27  10  35  13  14  48  15  44  12  14  29  43  29  36  46  25   4   1  48  31  42   3  41  34   7  16  45   6  11  34   5  20  23  44  47  49  13   4  17  49  46  45  13  12  29  34  39  17  36   3   3  17   8  33  50  27  35  31  17  14  39  32  22  11  14  14  15  24  43  15   2  31   8  13  46  36   4  40  38  10  17  18
  12  40  47  13   1   7  50  10  33  36  14  47  10  36  17  50   8  35  15  38  13   3  35  34  28  19  37  33  47  13  28  48  33  20  26  50  48   2  22  11  37  11  12   5   9  23  24  38  30  27  24  19  31  15  30   8  36  50  47  47  38   7   9  48  45  48  10  30   1  13  23  21  37  23  34  19   9  20  43   3  25  25   4  43  33  26  44   6  12  10   3  37   7  17  42  50  23  23  22
   7   4  42  36  49  11  44  44  14  21  23  14  10  41  41  24   4  23  45   7  23  41  38  32  19  16   3  31  37  26  17  48  16  36  37  43  25  45  10  40  46  33  14   1  37  14  13  47  36   8   2  14  47  32  50  21  32  34  12  11  13   9   9  33   9  15  15  13   6   9  27  29   5  31  40  44  15   9  36   7  20  13  15  44  22  19  19  39  45  25   3  30  29  31  22  48   3  27
  10  49  41   4  28  18  37  10  16  26   5  32  42   3  39  37  25   2   6  48  32  20  15  19  14  36   1  24  27  34  48  33   1  39  42  34  15  10  29  49  16  18  30  28  35  11  35  32  24  47  38  23  47  22  48   9   9  39  24  33  28  43  33  25  41  41  44  46  30  30  38   9   2   1  11   1   8  31  32  48  36   2   4  10  31  37   7  17  35  35   7   6  49  48  38  45  46
  20  22  36  45  15  20  10   7  33  44   5  45  45  36  43  37  17  35  39  22  26  48  49  37  33   5  20  34   3  49  28  14  47  23  11   7   6  15  10  37  49  26  46  29  38  12   3  14   3  15  19  50  13  30  39  38  47  35   4  13  30  37  44   7  41  11   2  44  31  41   6  50  24  41  16  37  21  39  16  40  10  13   9  48  46  27  42  28  11  12  36  22   4  35  38  46
  42  28  40  13  19  35  39  14  32  17  33  17  37  41  49  37   8  13  10  45  48  23  42  27  16  34  22  29  13  35  36   5  14  11  26  36   5  15  25  14   5  12  19  50  41  31  34  24  19  30  30  47  21   7  34  48  30  27  24  45  27  13  44  30   8  46  14  46  23   6  11  45  20  10  33  44   3  11  22   9  31  46  40  12  32  30  29  34  36  43  22   2   5  32  14
  45  17  41  30  27  13  41  34   9  50   5   6  12  17  16   4  35  40  15  34  17  36  40  44   3  39  41  44  17  45  21  42  42  23  35  10  40  50  34  45  16  23  11  16   7  22  11  13  29  43  41  26  27  19   4  50  39  18  41  49  38  15  23  35  45  31  46  48  22  40  35  33   4  48  44   6  20  40   2  47  11  38  24   7   8  11  22  36  17  15   6   9   7  48
   6  45  25   1  33  38  41  30  49  25  40  39   6  24  26  40  17  38  36  20  36  36  37  14   1  45  25  31  15  41  40  39  49  32  35  18   4   6  44  27  28   8   7   3  34  27  46  17  37  44  19  11  48   2  31  19  37  14  10  39  18  38   3  43  40  43  18  28  40  17  25  44   3  35  11  25  42  18   7   1  18   1  14   4  26  38   6  21   1   6  12  33  31
   7  43  10   7  40  24  15  46  17  33  10  22  42   6   9  47   1  29  38  27  11  44  28  50  32  18  33  20   3  28   3  45   4  50   1  25   3   7   9  11   5  22  47  16  32  22   5  39  33   2  29   1  36   9  20  44  27  46  35  10  22   1   7  10  50  20  17   4  10  35  48  21  32  17  49  46  33   9  47  48  28  14   4  42  14  15  24  17  31  48  39  33
  20  49  12   2  27  36  41   2  19  30  23  21   9  42  26   4  24  42  26  23  31  17  25  10  36  24  37  46  19  23  21  27  12  15  14   3  28  50  50   7  45  19   2  13  36  11  17  21  33   3  13  42  39  17  38   8  31  42  47   3   4  20  32  23   7  49  11  21  11  49  15  28  33  15   1   3  31   8  35  14  21  27  27  38  13  41  16  30   6  35  38
   6  26  17  15  23  17  42  36   1  39   7   5  49  46   5   6  32  13  46  14  21  15  48   6  35  46  18  15  10   1  31  35  15   5  49   3   9  12  44   6   3  29  43  18  14   4   9   5  28  33   9   1   2  15   2   2  22  34  33  33  31  34  42  17   1  45  43  32  10  16  31  24  15  28  27  29   3  36  23  32  39   9  19   9  18  13  13  50  34  25
  27  38  23  46  30  43   5  35  40  50  13  46  34  19  25  24  26  11  41  13  18   9  15  33  24  31  23  35   5  42  42  15  21  33  28  34  14   9  34   2  17  17  50  45   3  14  40  32  23  48  29   1  13  50  49  38  19  43   5  49  27  49  49  47  29   9  35  45  37  11  23  45  12  19   7  10  14  35   3  45   9   6  23  25  29  45  39  34   4
  21  21  33   6   6  38   6  36   1  14   9  20  48   9  13  29  39   6  45  10   8  23  26  21  40  42  41   3   2   4  17   1  12  23  36   3   3  25  50   9  39  32  30  48  12  32  43   8  25   6  41  31   1   1  35  28  11  27  22  31  16  46  49   3  47  13   8  21  42   9  34  43  49  48  41   2  24  28  31  39  32  47  26   8  30  11  31  44
  49  30  13   4  37  28  25  16   7  40  14  31  30  39  12  30   5  34  29   5   5  12  36  50  12  31  11   8  37  33   1  29  42  42   2  50  41  21  25  12  31  36   5  45   3  33   2   4  23  28  22  36  46  45  27  41  36  39  50  47   6  27   8   7  17  22   8  42  10  37  48  20  19  28  26  48  29  50  43  47  11  41  15  16  19   7  41
  49  39  15  21  42   9  26  35  45  25   1  46  26  14  22   4  35  26  22  31  30   5  31   6  14  45  19  45  22  24  40  43  35   3   4  42  19  35  50  26  32  39  47  48   2  18  16  45  33  26  20   8  15  50  21  17  20   7  45   3  19  39  48  49  24  47  34   1  35  48   6   5  29   5  38  28  44  50  30  38  41  43  23  12   2   1
  23  12   8  40  44   6  12  21  18  14  18  10  24  50  32  29   3  20  12  40  16  19  33  41   4  25  50  41  15  43  49  42  30  15  33  12  11  11  26  39  18  42  15  23  22  38  43  35  11   2  40  10  29  20  27  16  22  50  28  44  35  19  26  50   4  32   3  23   2   2  32  49  16  10   4  37  32  41  17  10  42  15  35  23  49
   5   1  24  13  29   4   9  41  37  16  18  32  41  36  46  22  49   5  44   6  21  38  18  28  11  26  23  34  15  47  47  36  28  10  34  16  47  37   2  30  24  30  19  38  34  35  37  16  33  16  26   5  44  43  38  33  28  22   7  12  19   7  30  45  11  36  44  10  16  37  37  44   5  47  24   8  26  47   2  27  28  11  17  37
  20  23  42  13  11   4  13  37   8  39  28  26  12  12  17   5  48  47  38  17  29  18   3  19  23  17  21  33  27  12  25  28   8  37  31  24  41   8   2   2  25  13  16  37  40  27  10   6  42  35  10  40  44  36  40  29  25  25  39  34  19  12  28   4  33  13   8  24   6  36  19  44  28  18  22  39  39   2   9  27  15  31  20
  28  20  43   1  21  22  34  31  25  14  14  34  25  11   6  41  38  36  17  48  47  27  40   7  19  44   5  48  49   5  27  37  35  38  25  43   1   2  11   4  50  32  44  39   3   1  42   7  40  41  13  14   3  19  12  50  31   8   2  10  20  14  33  37  30  35  13   9  20  33  34   4  50  41   9  47  24  50  26  31  29  10
  45   2  41  35   5  29  37  19  11  31  46  50  31   7  23   8  49  49  43   4   3   1  12  22  28  17  25  29  37  11  18  19  31  46  21  18   5  49   7  40  25   6  11  34   1   3  43  34  46  18  17  20  27  10  16   9  35  29  16  45  24  42  24   2  27  22   1  22   7  35  45  34  12  27  19  12  24  28  33   6   9
  19  23   7  19   8  29  28  31  26  11   7  50  21  16  32  11  35  34   5  21  40  16   8   8   9  47   2   5  45   2  17  27  45  32   7  18  39  43  15   8  20   2  14  44   7  32   2   6   3  17  39  36   7  41  33  42   1  39   5   1  42  49  27  28  13  25  47  45  26  20  35  43  38  44  28  40  37   4   2  17
   3   1  34  26  33  14  45  29  28  19  10  30  22  23  50  19  25  23  11  45  22  24  24  38  10   9  11  16  31  32  26   1  34  24  36  48  13   6  45   3  26  43  33  21  34  22  16  11  42  41  18   2  11  47  39  26  40  25  37  20  12   3   8   2  12  13  43  32  29  44  36   5   7  18  14  25   7  24   2
  50  11   4  42  50  17  25  21  13  43   6  34  34  10   2   8  34  16  26  13  34  49  17  38  21  37   2  50  23   8   6  25  10  32  31  20  48  46  26  10  31  22   4   3   1  29   9  11  28  19  13  50  35   9  10  40  14  43  47  23  10  22   7  41  31   5  46  15  49  35  14  19  26  47   4  28   7  24
  30  19  10   3  31  25  22  16  19  36  14  14   9  13  22  15  33  15   2  17  38  33  30  46  47  48  23   9  18  21   1   1  20  25   5  43  49  49  43   5  37   3   1  49  14  33   5  37  18   5  11  10  18  30  35  31  13  46  34   5   5  21  50  38  32  14  32  20  34  21  26  37  36   7  20  32   1
   4   7   2  38  43  24  47  44  15   9  19  49  20  19  15  48  21  31  42  14  22   4  22  29  30  40  30  40  16   6  18   9  27  41   7   4  45  32  30  39  49  49   6  31   1   9  21  40  15  17  12  41  45  20  23  20  37  12  32  39  47  36  35   7  14  12   1  33  33  49  10  39  13  48  28  41
  31  44  33   7  38  49  17  15  34  23  40  10  14  33  27  15  21  47   8   1  38  30   8  10  48   4  16  44  31  32  48  26   2  11  15  41  10  28  18   7  13  34  22  49   4  43  24  38  43  20  14  25  12  48  45  39  21  10  28  41   6  49  22  44   4  34  19  16  32  44  11  46  10   2  47
  32   4  40  23   5  14  41  43  38  39  44  13   5  38   1  45  15  41  11  31  23  32  30   6   8  15  20  14  13   6   1  22  44  13  32  25  27  27   3  28  10  40  39   9   5   8  38  10  22  12  38   9   4  47  44  47  44   6   3  46  36  12  12  21  46   5  13  27  11  22  42  10  18  15
  12  45  45  44  46  20  30   9  13  43  40  29  46  30  34   4   6  43  24  26  23  22  18  16   9  17  32  37  12  26  38  50  19  25  25  26  42  40  50   4  18  44  48   7  39  42  21  25  16  48  30  32  11  11  35   7  29   3  47  23   7  49  50  26  39  26  35  34  21  11  27  10  34
  19  22  18   8  10  27   2   2   4  41  36  25  42   8   3   3  27  31  45  37  48  48  27   8  49   8  37  48  19  48  49  38  15  14  32  49  46  49  40  45  46  22   7  20   6  37  39  21  41  16  31  35  18  42  50  29   2  41  11   5  31  23   4   3   4  16  46   3  40  40  12  20
  41  30  49  39  40  37  37  12  47  25  30  13  43  21  15  33  50  42  21  32   1  16  45  29   8   8   7  32   9  30  20  32  40  21  46  50  46  21  24   7  45   1  16  10   3   1  23  23  37  28  25  48  45  44  33  46  26  11  25  24  24   1   9  11  11  23  19  12  29  21  17
   5  10  45  37  46   4  40  15   7  46  28  46  14  49  45  38  11  49  27  30   6  26  34  20  35  20  10  23  42  24  38  25   4   6  16  24  20  46  12   7  18  24  18  23  12  41  46  31   5  17  44   5  26  35  21  38  13  15  38  15  50   1  11  30  14  39  48  39  15   1
  11  36  20   7  16  25  31  25   6  16  10  13  12  12  25  28  34  46  23  36  36  39  24  29  21   3  11  14  10  13   9  11  12  23  42  36  31  25  19  16  13  27  42   6  37  50   6  39   6   2   9  44  50  25  46   4  42  13   9  22  17  45  18  33  30  40  48  18  46
  47   5  27  10  50   6  10   8   7  48  22  46  23   9   7   9  27  21  22  49  24  15  41  14  40  49  23  37  10  33  18  23  32  50  44  48   1  40  38  43  45  38  49  17  36   6  38  29  47  20   3  37   9  29  15  12  21  18  26  37  24  24  32   7  17   2  25  47
  30   8  45  34  25  12  33  44  23  32  11  37   2  38  21  29  30  50  38  38  43  40   2  42  38  12  38  32   4   3  48   8  28   9  43  43  40  14   6  23  13  10  38  41   8  40  16  34  34   4  41  17   8  28  33  41  16  24  18  23  29  45  24  15  12  30  39
  15  18   3  49  48   3   2   9  33  46  35  23  45  32  14  17  21  38   2  19  25  19   4  37  45  19  27  33  31  31   6   5  36   9  20  30  31  40  30  43  49   9   4  37  13  17  17  12  25  32  33  49  14  17  35  41  23  45  28  36   2   6  26  12  31   5
  46   1  11  11  48   2  37   9  41   5  36   1  39  18   9  45  34  37  20  34  38   4  28  21  14  12  35   1  48   2  27  43  39  10  44  34  19  31  17  21  19  13  12  50  38  32  15  45  30  50  38  36  46  28  32  13  10   7  33  35  17  43  49  33  42
  24   1  28  25  43  31  15  21  30  25   7   1   8   4  46  15   1  34  34  46   9   4  18  12   5  42  35   1  33  34  27  45  23  34  43  33  23  14  36   5   7   5  50   1  26   9  26  38  31  22   4  33  40  28  21  31   1  39  36  40  48  32   6  44
  22  18  39  37  28  26  37  49  17   2  45  44  50   1  19  14  19  13  14   4  42  28  10  25  48  10  18  10  41   7  40  50   8  18  38   8  47  17  38   4  31  44  19  36   1  42  13  11  30  34  49  31  23  39  49  18   2  12  36  15   4  21  24
  50  17  35  13  40  23  19  32  13  29  45  49  14  11   4   1   3  16  32  30  45  13  36  34  12  47  31  15  26  41  17   5  17  45  34  23   8  41   2  19  37  45  39  14  16  43   4  29   6  48  44  23  16  36  19   4  29  21  35  16  30  48
   3   4  40   1  49   6  19  34  18  45  38  48   3  30  45  17   1  29  29  12  46  10  40  19  13  35  15  15  24  41  37  19  40  39  33  43  47  38   1  36  44   8  19  17  33  24  38  49  41  21   7  32  43  18  16  31  21  47  34  41  18
  44  16  36  23   2  47  39  44  50  21  28  42  38  37  32  42   7  31   8  11   9  40  50  22   2  28  23  34  36  13  23  30  39   3  23  10   5  37  15  15  50  25  11  18  11  15   1  40  44  48  35  16  38  13  41   2  11  14   1  22
  18  42  37  44  47   9  34  13  38  19  43  30  34  23  50  28  12   7  16   9   7  14  20   8  38  14  38   4  37  50   2  33   4  39  24  24  35  36   1  30  41  30  36  35   3  37  44  32  18  47  42  15  22  44  26  22  17  16  14
  29  32  33  11  33   7   7  17   7  50  36  24  30  36  13  13  13  20   3  46   7  47  15   3  30  25  21  39   4  29  39  38  20  31  28   4  39  32  32  16  39   5  32   5  39  12   3  12  25  17  33  22  34  27  44  36   1  34
  45  35  36  26  15  37  12   6  38  42  48  21  40  40  36  31  17  47  27   6  16  35  49  26  19  13  23   2   6  20  21   5  19  25  35  37  24  39   4  31  14  41  38   4  16  44  21   7  35  14  50  17  44  49  30  48  41
  13  49   6  37   8  11  48  31   9  34  50   3  24  46   4   9  18  34   1  28  27  32  26  19  20  44  42  40  39  48  22  33  20   4   8  36  25  24  20  36  17  12  43   9  34  30  14   7  32  49  36  39  39  22  19  50
  49   2  12  44  34  47  32  37  41  17  50  29  19  22   1   1   7  41  11  30  11  42  16  32  45  29  13  49   5  41  16  29  27  37   2  12  15  13  21  47   3  27  44  45  37  40  45   8  28  38  13  40  16  11  49
  41  40   7   1  32  45  10  32   9  45  16  12   5  25  39  50  33  49   4   1  40  11  50  13  40  43  27   4  35   5  24  17  14  16  38   7  36  41  50  35  14  11  45  44  37  49  11   4  26  39  49  41  43  15
   3  18  13  28  18  36  35  15   1  26  14  10   2  30  23  18  38  24   9  24  46   8  27  33  17  23  15  37  45   4   7  25  21  19  41  37   3  27   8  49  29  20  37   3  23  12  13  15  26   1  17  36  15
  14  39  46  14  41   1   1  45  19  19   1  50  46  19   3  45  26  14  33  11  37  50  21  50  45  19   4   1  35  34   9   3  10  48  37  44  47  17  43  48  13  10   9   1  30  25  31   6  11   3  11   1
  30  27   7  43   6  11  21   2  44  35  23  44   7  37  38   8  37  49  37   7  30  35  37  37  15  33  16   6  50   7  44   3  10  50  45  28  17  14  25  11  35  13   7  16  43   8  41   4   4  37   2
  34  23   9  24  40  14   4  44  35  27  24  40   8  27  10  29  37  49  44  47  29  44  45  36  33  13  48  26   7  41  29  29  22  12   9  48  43  28  44  31  43  20  39  25  38  40  15  28  37  36
  23  11  47  38  15   2  26   1  20  35  27  32   4  46  15  13  39  39  29  49  49  34  29  42  35  16   3   1  48  29  19  36  36  32  13  39   2  12  32  45  31   4  23  44  49  41  33   5   1
  10  36  23  19  34  46   3  26  20  12  21  12  22  45  37   6  42  42  24  11  36   8  38  37  12  41  49  11  13  47   3  33  10  11   6  15  33  24  18  33  36  23  29  41  35  14  10  45
   9   7   9   4  25   7   3  11  13   2   5   5  25  50  36  48  13  37  35  40  37  41  30  31   8   5  37  30  29  25  37  40   6  15  46  13   8  47  20   9  21   5  16  33  17   5  31
  28  43  50   6  33  12  11  44  49  12  20  19  44  34  30  49  30  48  40  13  48  50   4  30  42   2   5  41  38  47  14  31  44  24  38  23  30  25  19  13  15  19  42  42  32   9
   5  21  45  34  18   6  15   9  23  19  26  46  25  50  39   3  35  40   5   4   2  39  50  28  44  27   8  13  50   9  10  41  20  50  13  15  35  34   3  35   2  49  50  20  31
  31  11  28   6  37  50  21  30   9  50  36  47  23  23  20  28   4  10  20   6  20  43  49  41  13  46  21  12   1  19  35  10  28  34  14  28  12  38  10   2  25   6  15   8
   1  38  19  16  13  11  12  25  25  32  37  36  27   7   3  31  25  39  37  26  41  25  12  11  27   3   7  38   7  44  30  36  24  48  26  38  45  29  15  28   3   9   3
  10  49  41  25  48  24  43  23  26   8  21  13   5  14  29   5  30  33  19  18  11  26   3  16   8   8  26  36  25  33   9  50  12  31  16  30   2   7  49  42  26  31
  25  23  24  38  23  32  14  27   7   8   5  43  50  20  44  34  15  17  47  37  23  48  26  21  43   5  12  41  30  23  28  35  26  47   7  37  11  29  46  46  14
  30  39   6   4  12  37  21   2  23  42  49   9  41  13  44   3  34   2  37  48  11  18  16  44  27  38   2  43   7  11  29  33  16  28   4  12  19  31  14  11
  10  17   9  33  31  43  15  29  24  10  36  40  49  50  50   1  34  12  33  45  29   1  30   5  45  45  32   7  44  15  50   9  43  30  18  36   5  13   3
  19  13  40   5  14  18  20  47  33   9  46  32  49  22  38  36  42  25  19   6   7   6  28  45  33  15  13  30  39  42  34  15  24   2  13   7  21  15
  46  33   5  16  14  17  13  36  34   8  22  21   9   8   4  10  43  32  29  18  42  37  24  40  10  26  25  33   1   2  41   7  22  12  37  49  25
  46  28  43   3  44   5  13  48  34  12   1  48   9   1  14  29  29   8   1  15  36  12  19  50  47   6  20  47  24  44  17  34  16  49   1  36
  13  35   3  44  32  41  49  31  18  40  25  38  34  19  19  22  40   1  36  50  35  46  12  20  30  22  39  27  44  29  41  10  17  48   4
  41  18  33  19   6  22  31  39  37  16  11  35  31   2  16  32  39  42  18  19  33  14  24  26  43  33  45  48   3   3  43   1  12  47
  25  16   2  35   8  15  37  34  37  12  12  36  22  37  19  26  44  35  18  17  41  12  15  12  36   4  12  42  48  17  11  13  25
  15  17  17  17  19  15  18  16  41  44  17  29  11   2  30   7   8  42   5  23  15  40   9   8   6  27  45   9  48   5  48  40
  24   7  31  24  11  50  14  11  40   2  46  33  20  25  28  40  50  29  25  20  25  39  45   6  48  31  42  32   3  29  27
  27   6  26  30  17  42   1  40  48  23  37  23  39   6  21  26  31  46  33   2  34  41  43  19  37  18   3  32  28  38
  32  43  47  25   5  30  47  26   6   3  33  48  18  21  32  45  10   3   5  43  17  36  41  28  48  12  12  17   2
  34   3  21  29  11  29  43  14  18  23  38  12  48   6  45  45  25  39   6   1  21  49  21  41  37  29  26  20
  50  20  11  27   7  38  26  20  32  37  21  13   1  26  27   4  15  19  19  45  21  19  45  16  40  33   6
  16  13   5  12  29   6  49  17  18  15   8  26  28  32  17  41   7  10   7  44   5  34   7  37   9  48
  35  27  30  47   8  12  27  47   3  19  18  35  17  23  19  43  33  23  12  48  45  36   1  43  40
   6  25  48   5  28  43  38  32  11  28  40   8   8  46   8  35  39  22  18   5  28   6  43   7
  10  39  44  41  19  14  16  21  46  43  43  47  41   7  50  23  31   9  25  32  39  33   3
   8  21  40  40   9  40  37  22  46  21  36   5  17   7  33   3  35  36   7   9  48  16
   3   9   6  20   4  26  31  24  26  31  47   7   3  31  32  30  18  43  21  44   3
  21  25  47  33  48  28  39  37  22  12   3   7  40  19  35  15  38  34   5  39
  24   9   4   6   2  13  35  36   9  37  46  40  39  40  30  49   5   4  38
  42  45  38   2  10  32  48  47  13  20  16  41   3   2  27   6  22  18
   7  15  48  46   1  26  28  32   6  39   4  10  25  14  18  40  25
  37  14  25  41  22  31  32   6   3  35  28  45   4  19   9  47
  46  17  36   2   3  34  22  44  27  28  39  37   6  29  42
  33  28  42  20   1  35   2   7  49  45  10  17  15  44
  41  37  19  43  14  29  38  39  29   5  41  25   7
  17   4  27  43  15  46  20   9  19  40   8  10
  15  40  50   1   1  40  22   2   6  34  10
  13  20  39  11   5   7  19  39  35  11
   6  36  13  17  39   4  16  42  28
  19  13  21   8   5  36  23  28
  30   7   8  36  13  16  17
  34  37   1  22  40  11
  50  41  35  20  11
  20  49  21  48
  18  43  48
  36   4
  34

 140
  24   7   5   8  22  23  18   8   1  24  11   6   3  16  21  15  14  13  10  12   2   4  10  24  19  22  17  12  16   8   9   6  24   9  19  23  14   6  20  22  17  18  23  14  23  23  14  13  21  24   7   8   7  24   2  20   5  18  10   7   3   1   2  19  13  25  16  16   1  20  20   6   3   9   1  19  19  10   8   8  22   6  16  15  13   3  17   2  13   1  17   3  16   5  13   1  22  13  12  18

