 100 
   0   0   0   0  50  16   0   0   0   0  33  49  23  25   0  48   0  45  37  25   0   2   7  30   0  33  42   9   1  25   0   0   0   6  50   4   0   0  31   0   0   0   7  10   0   0   0  27   0   0   0  35   0   0   0   0  31   0   0   0   0  37   0  34   0   0   0   0   7   0   0   0  42   0   0   0   0  16   0   0   0   0   8   0   0   0  34   1   0  42   0   0   0  11   0   0  38  24   0  17
   0  22  10  19   0   0   6  23   0   0   0  46   0   0  49  10  49   0   0  46   0   0   0   0   0  34  34  35   0   0   3   0   0   0   0   0   0   4  41   0  48   0   0  42   0  19  14   0   9  34   0   0   0  50   1   0   0  33  43   0  39  42   0   0  28   0   9  46   0   1   0  13  30   0   0   0  18   0  11  22  24   0   0   8  14  31   0  32   0  17   0   0   0   0  22  36   0  30   0
   0  27   0  10  26  50  46   0   6  15  15   0  23   0   0  20   3   0   0  11   7   0  44  19   0  44   4  25   0   1   0  10   0   0  14  36   0  30   0   3  28  13   0  16  24  25   0   0  18   0  26   0  38   2  12   0   7   0  11   0  31   0  40   0  41   0   0   0  45   0  20   0   0  38   0  25   0   0  36  31   0  12   5   0  36  50   0  42  10   3  46   0   0  34   0   0  37  46
   0  14  17   9   3  45   3   9  35  20  16   0   0  17   4  40   0  34   0   7   0  35  19   1   0   0  15  19   0   7  10  39   0   0   0  10  48   0   8   0   0   0   0  25   0   0  11  30  34   3   0  23   0   0   0   0  12  39  41  40   0  25   0   0   0  40   0   0   0   0   0   0  25   0   0   0  10   0   0  25   0   0   1   0  26  42  15  48   0  26   0   0   0   0   0  49   0
  40   0   0  23   8   0  10  36  27   0   0   0  33   0  47   0  17   0   0   2   0   0  38   0  22   0  41   0   0   0   0   0  45   0   0   3  44  44   0   4  33  30   0   0   0  24   0  12   0   0  38   0   0   0  39  43  33  39  45   0  30   0  38   0  24   7  45   0   0  11  32   6  17   0   0  13   0  44  24  48  29   0   0   6   0   0   0   0  35  47   1  48   0   6   0   0
  45   0  37   8   0   3   0   0   0   0   0   0  42   0   0  23  18  42   0  15  46  22   0   0   0  10  31   0   5   0  12  35   0  45   0  42   0   0   0  46  13  16  37   0  42   0   0  30   0   0   0  21  39  47   0   0   0  10   0  42   0   0   0  38  45   0   0  26  41   0   0   9  12  18   0   0  31   0   0   0   0  12   0  21  10  17  11   0   0   0  48   0   0   0   0
   0   6  40   0  24   8   0   0   0   0  46  14   0  35  26  40  38  44   0   0  28  10  10   0   0  30  29  46  15  16   0   2   0  28   0   0  15   0   0   0   0  35   0  15   0   0   0   3   9   0  36  32   0  46  29   0   8   0   0  25  50   0   0   0  11  43   0   2   0   0  28  39  47  36   4   0  13  34  15   0  30   0  16   0   0  41  49   0   0   5   0   0   0   0
  28  40   0  33  27  16  40   0   0   0  13  14   0   4   0   6   4   0  18  24  23   5  22   8   0   5   0   0   6  12  14   0   0  13   0  33   0   0  40  24   2   0   0   7   0   0   0   0   0  39   0   0  24  12   0  32   0   0   0  34   0  37  16  41   1  50   7  33  35  48   0   0   0   2   0   9  40  50   0  28   0   0  15   0  50  18  29  35   1   0   0   0  24
   0   0   0   0  28   0   0   0  49  13   0   0   0   2  21  37  35   5   0  27   0   0  12   0  33  17   0   0  39  41  33   0  40  38  21   0   0   2  39  43   8  32   0  16   0  24   0   0   0   0   0   7  27   8  30   0  37   6  16  15  17   0   0   1   0   0   0  27  21   2  26   0   0   0  46   0  48  10  19   0  10   0   0   0  17  40   7   0   0  12   0  16
  44   0   0   0   0  49   0   0   0   6  39  33   5   1  47  47   8  47   5  36  10   0  22   0  46   0   0  50  17  46  32  32   6   0   0   0  14  42   0  20  35   0   8   0   0  42  29   0  46   0  24   0   0   0   5   0  48  31  35   0   3   0   0  43  49   0   0   0  18   0  45   0  27   0  39   0   0  44   0   4  20  33   0   0   0  10  19   0  43   0   0
   0   0   0  23   0  25  22   0   0   0   0  37  32  17   0  20   0   0  49  25   0  16  27   0   0   0  11   0  38  19  34   4   0   0   6   0   2   0   0  28   2  41   0   0  17   5   0  38  28   0   0  25  38   6  48   3   0   0   5  12   3  26  40  44  19   0   0   4   0   0  46  32  26   0   0   6   0  44   0   0  36  25   0  40   0  32  10   1  34  49
   0   0  25   0   0  44  16  29   0   0   0   0   4   0  26   0  45   6   0   0   7  24   7   0  22  41  40   0   0  35  29   0   1  48  46   0  33   0   6  32   5  20  19   0   0   0  41  42  26  24   0  40  19  24  12  30  22   0   0   0   0  32   0  36  43   0   0   0  28   0  30   1  29   0   0   0   0   0  25  18  38  35  25  14   0  15   8  44   0
   0  40  31   0   0   0   0   0  29   0   0   6   9   0  30  37  30  47  50  45  40   8   0   0  19  14   1   0  32   0  13  33   0   6  11  48   0  33  18   0   0   0   0  36  40   0  49  10   0   0   0  39   0  45   0   0  14   0  38  13   0  33   0   9   0   0  34  11  46   0   0   0   5   0   0  11  25   0   0  40   0   0   0   0  14   0  10   0
  16   0  17   0  32   0  30   0  32  39  13  18   0   1   0  43   1   0  10  35   0   0  17   0   0  13   0   0   0   0  14   0  35  28   0   0  37  46   0  21  27   0   0  32  42  20  22  22  31  16  18  11   7   0  36   0   0  35  40  47   2   1   0  34  17  16   0  25  26  49   4   5   1  10   0   0   0  29  45   0  31   0   3   0  26   0  33
  44  20   0   0   0   0  22  15   3  46  30  16   0   0   5   0   0   0  45   4   0   0   0  10  15  19   0   4   9   0  30   0   0  17  49  34   0   0   0   0   0  44  32  44   0  36   0   0  18  12   7  42   0  42   0  27   0   0   0  38  18   0   0   0  42   0   0  34   0  11  38   0   7   0   0  24   5  50  43   0  36  46   0  33  46   0
   0  44   0   0  34  21  19  38  31  12   0   0   0   0  43   0   0  33   0   0   4   0  13   0   0   0   0   0   0  20  32   0  29   0  37  45   0   0   0   0   0   0   0  16   0   0   0   0   0   0   0   0   0   0   0   0  47  48  15   0   0   0   0  39  30  36   0  45   0  39   9  31  16   4   0   0   0   0   0   3   0   0  30  21   0
   0  14   0   0   0   0   0   0  17   6  33   0   3   0   0   0   0  23  44  47   0   0  14  27   1   0   0   0   0   5   0   0  28   0   1  24  13   8   0   4   0   9   0  21   0  28   0  37   0   3  43   0  29  31  45   0   0  49   0   0   0   0   3   0  41  28   0   0   0  10   0  38  17  33  20  34   0   0   0  44   0   0   4   0
   0   0   6  41   4  26  10  14   0   0  22   0   0   0  12   0  27  41   0  20  49   0   0  43   0   0  35   0   3   0   8   0  37   0  41   0   0  35  29   0   0   0   0   0  44   0   1   0   0   0   0   0  11   0  49  21   0   0  15   0   0   0  23  25   0   0  23   0  14  27  31   0  14   0  30  47  16   0   0   0  38   0   0
   0   0  35  49  23  37   0  13  11   0  38   0   9   0  25   0   0   0  23   0  49   5  17   0  19  32   0   6  44  48   0  16  13   0   0  16  10  45  38  25  35   0  50   0   0  50  28  26   0   0   2   0  44   0   0  13  15   0   1  42  19   0   0  43   2   0   0  21   1   0   0   0  13   0   0  40   8  10   0   0  14   0
  11   0   0   0  26   0  20  35   0  31   0   0  39  35   0   0   0  27   6   0   0  28  14  17   0   0   0  44  35  18  26   0  38  16   0   3   6  37   0   0   0   0  19  43  37  18   0   0   0  43   7   0  33   0  50   0   0  35   0  49   0   3   3  21  44  12  23  48   2   6   0  17   0  21  22   0   0   0  24   0  13
   0  48  23   0   1  39   0  30  42  42   0  27   0  25  34   0  41   0  11   0   0  30  32   0   0   0  20   0  30   9   0   0   0   0   0  40   6   0   0   0   8   0   0   0  39   0   0   0  46   0   0  48   0   5  21  30   0   0  16   6  10  28  43  21   0   0   0  49   0  20   6   5   0   0  49   7  31  42   0   0
  21  49   0   0  16  18  43   4   7   0   8   0   0   0  20   0  28  50   4   0   6   6   0  47  23  43  50  42  35  47   3   0   0  34   0  49  26  10  34  42   0   0   0   0  27   8  42   0   0   0   0   0  19  14   0   0   0   0  12   0   0  29  38   0   0   0  10  42   0  24  34   0   5  11   2   0   0  42   0
  44  14   0   0   0  24   0   0  12  26   0   0  18   0   0   0  29  32  21   2   0   0   2  43   3  24   0   7  10  10  42   0   0  48  32   0  25   0   0  30   0   0   0   0  16  25  24  39   0  12  39   0   0  11   0  23   0  35   0   5  25   0  33   0  11   0  32   0   0   0   0  32   0   0  19  49   0  15
   0  32  35  33  36   0   0  14   0  45  23   8   2  15  39  48   0   0   0  22   0   6  41  34  33   0   0  44   0  39  49  45  43  23  39  43   0  21  33  39   6   5  30  29   0   0   9   0  30   0   0   3   0   0   0  48  16   0   0   0   1   4   0   0  32   0   0   0   0  33   0   0  42  10   0  38   0
  28   0  48   0   0  46   0   0  43   0  46   1  49   0  31  10  18   0   0  27   0  34   7  45  13  34   2  40   0   0   0  39   0   0  21   0   0   0   0  22   7  22   0  46   0  10  36   0   0  28  21   2  20  26   0  16   0  12   0   0  46  43   0   0   0   0   0  11   0   0  33   0  11  30   0   8
   0   1  26  18  17   4   0   0  41  21   0   0  34   0   0  11   0   5  34  17   0   0   0   0   0  16   0  26   0  30   0   0   2   0  31  32  26   0   0   0   0  29   0  21  41   0   0   0   0   0  23   0   0  45   0  42  19   7  15  33   0  43   0   6   0  20   3   0  22   0  35   0  31   0  24
  12  44   0   0   0  27  28   0  38   0  44   0   0  21  18   0   0   0   0  12  47   0  37  28  25   0   0   0   0   9  18   0   8  12   0   9  11   0   0   0  32  26  49  10  14   0   3  15   0  33  34   0  12   0   0  37   0   0   0  46  22  22  38   1   0  23   0   0   0   0   5  33  42   0
   0  21  47   0   0   0   0  40   0  12   0   0   0   0   0   0   0  25  39  16   0  35  47   2  50   0  17  35   0   0  22   0   0  29   0   0  23  40  11   0  30  25  22  30  13   0  20   0   0   0   0   0   5   0   9   0  33  36   0  34   0   0  25   4   7   0  33  18   0  33  34   0   0
   0   1   0   0  18   0  33  32  17  31   0   0   0  30   0  15  33   0  32  23   3   0  31  35  28   0  48   0  47  40   0   0   4   0  14   0   0  40   1  44   0  29   0   0   0   0   0   1   0  13   0   0  40   0   0   2  26   0   0   0  12  43  21   0   0   0   3   0   0   0   0   0
  17  38   1   0  27   3  45   0   0  20  13   0   0   0  10  33  48  47   0  29   0   0   0   0   0   0   0  44   6   0  50   0   0  11  21  26   4   6  46   0  32  37   0   0   0   0   0   0  44  17   0  33   0   0   2   0   8   0   0   0  20  23   1   0  28   0  42  45   0   5  18
   0  42  41  24   0   0   2  21  44   0   0  17   0   0  18  12   0   0   0   0  32   0   1  47   0  29   0  30   0  24   0   8   0   3  11  13  28  42   0   0   0  28   0   0   0  15   1   0   0  47  38   0   0   0   4  10   0   0   0   0  39   0   0   0   9  26   1   0   0   0
  30   4   1   0   0   0   0   1  35  36   0   0   0   0   0  48  22  48   0   0   2   0   0   0   0   1   0   0   0  49   0   0  48  32  17   0  23   0   0   0  41   0   0   0   0   0   0   0   0  30   0  17   0   0  47   0   0   0   0   0   0   0   7  36  43  32   0  33  46
  20  47  13  34  48  39   0   0  20  50   0  16  38   0  30  18   0   0  42   0  34  23  30   0  33  49  34  32  33   0  19  21  42   0   0  26  35   0   0   0  10   0  48   0   0   0  12  27  24  28   0   0  35  34   0  30  33  22   0  34   0  22   0   0   0  16   0   0
   0  34  36   0  50  32   0   3  17  46   0   0   6   0   0  15  37   0   9   0   0   0   0   0   3   0   0  26   0  47  27   0   0   0  28   8   0   0   0   0  12   0   0   0   1   0   0   0   0   0   0   0   0  25   0   0  48   1   0  29   0   0  15   0  48  11   7
   2  39   9   0  37   0  42   0  50   0  33   0  46   0  25   0   0  40  12   0  45  37   9   0   0   0   0   0   8   0   0   0   0   7   0   8  48  33  18   0  30   0   0  26   0  21   0   0   0   0   0   0  26   0   0  48   0   0   0   0   0   0   0  39  34   0
   0   0   3   0  38   0  21   3  32   0   8  24  29   0   8   0  23  15  29   0   6   0   0  46   0   0  23   0   0   0   0  32   7   9  42   0  11  46  16   0  37   0  28   0  37   0   2  19   0   0   0   0   5   0   0   6   0   9  41   0  46   0  40   0  41
   7   3   0  27   0  16   0  12  36   9   0   0   0  13  49   0   0   0   0   0   0   0  33   0   0   0  17   0   0  25   0   8   3   0  25   0   0   1   0   0  48   0   0   0  33   8  22  19   0   0   0  27  46  12   0  23  13   0   0   0   0   0   6   0
   0  40  21   3  15   0   0  33  21   0  47   0   0  37  17   0   0   0  37   0   0   9  44   1  39  42   0   0   0   0   6  10  16   0   0   0  49  36  23  43   0  48  35   0  17   0  43   0   0   0   0   3   0   3   3   0  50  23   0   0   0  10   0
   0   9   0   0   0   0   0   3   0   4   0  31   0   0   0   0  28   0   0   0   0   0   0  28  42   0   0   0   0   0   0   0   7   0   0  23   0  21   0   0   0   0   0   3   0   0  27   0   0  12   0  32   0   0   4  36   0  13  25  23   0  27
  19   9   9  37  33   0   0  27   0  49   0  28  42   0   0   0  47  22  27   3   0  49   0   0   0   0   0   0   2   0   0   0  14  12  18   0   0  39   0  47   0  19   0  35   0   0   0  35   0  31  45  29   0   0   0  32   0   0   0  20   0
  17  15   0   8   0   0   0  44   0   0   0   0  27   0  12   7  12   0   0   0  38   0  50   0  26   0  45   0   0   0  17  30   0   0   0   0   0  21   0   0  21   9   0   0   0  45  22   0   0  12   0   0   0  44   0  27   0   0   9   0
   0  13  33   0  42  29   0  15  28   0  26   0   0  38  48  34  25   0  31   0  42  25   0  34   0   0   0   0  19  43   4  42  21   0  40   2   7  23  24   0   0  44   0   0   0   0  47   0  17   0   0  15  29   0   0  16   0  13   7
   0   1   0   0  38   0   1   0   0   6   0  17  20  30  31   0   0  37   0   0   0  15  12  35   0   0  49   0  46  24   0  23  42  27  23   0  19  27  40  10   0  17  33   0  15   0  10   0  22  37  13  24  44   0   0   3   0  40
   0   0  49   8  44   0  19   0   0  50   9   0  12  35   0   5   0  26   0   0  18   4   6   0   0  15  21  42  10   0  34   0  22   0  14  45   0   0   2   1   0  39   0  35  42   0   0   0   0   0   0  10  24   0   0   5   0
  39   0  38   0  19   0  16  25   0   0  40   0  23   0   5   0   0   3   0  41  14   0   0  50   0   0  19   0   0  19   0   0   0  35  19  47  18   0  17   0   0   0   6   0   0   0   0  26  33  34  12   0   6  11  16   0
   0   7   5   0   0   0   0  30   0  50  10  41   0   0   0  43  14   0   0   0  28  44   0  24   0   0  48  19   0  19  43   0  48   0  37   0  24   0  29  34  21   0  42   0  32   0  50   9   6   0  47   0  14  41  31
   0   0  44   0  10   0   0   0   0  31  42  18   0  43   0   2  12   6   0   0   0  15  30   0   0  18   0  28   0   0   0   0   0   0   0  14   0   0   6   0   0   0   0  14  26   0   0   0   0   0  38  18   0   0
   0   0   0   0   0  17  25  11   0   0   0   0   0   5   0   0  23  20   0   9  20  29  40   0  18   0   0  32   0  34   0  20   0  49  18   0  16   0  18   0  25   0   0   9   0   9   3   0   0   0   0  47  33
  40  14   0  28   0   0  37   8   0  49   0  16   0  34   0   0   0   0  36   1  39  26   0  23  36   0   0   0  38   0  10  27   0  36   0   0   7  34   0   0  13   0  46   0  14  49   0  32  42   0  49  22
   0   0  42  31  46   0   0   0  38  41   0   0   0   0  42  17   0   0   0  36  40  18   0   0  37   0   0   0   0   0   0   0  41  39   2   0  20   9  29  43  42  35   0  47   0  21  25  42   0  44   0
  42   0  33   0  20   1   0   0  19   0   0   0   5  15  50  44   2  16  45   0   0   0   5   0   0  33  11  43   2  40  15  10   0   0   0   0  18  23  22   0   2   0  39   0  32  35  38   0   0  45
  41   0   0   0  28   0  14  33   0  28   0  48   5  10  13   8  37  15   0  12   8   0   0   0  42  38  40  26   0   0  15   0  47   0  40  31  21  38   0  48   0  11   6   9   0   0  18   0   0
  43   0  31   0   0  18   0  27   0  29   0  16   0   0   0   0   4   4   0  24   0  11  46  28   0   9  42  30   0  10  38  10   0   4  33  24   0   6  43   0   0   0  12   0   0   2   0   0
  24  40  37  40  50   0   0   0  39   0  29  30   0   0   0   0   8   0  37  14   0  34   0  35   0  36   0  29  41  18  22   0   0   0  16  40  47  34   0  50   6   2  21   0   0   0   0
  35   0  36   0   0   0  49  17   9   0   0   0   0  41   1  15  23   0   0  14   0   0  48  23  48  34  29  46   0   0   0  27  13   0   0  47  47   0   0  26  11   0  47   0  32  18
   0   0   0   0   0   4  14  22  27   0  23   0   9   0  25  13  21   0   0   0  31  19   0  25  13   0   0  17   0  10   0   0   0  43   0   0   0  12   9   0  46   0  24   0   0
  48  48  46  50  44   0   8   0  30  18   0  45   0  34   0  10   0   0  35   0   7  13   0   0   0   0   0   9  35   0  19   0  35   1  14  16   0   0   3   0  19  49   0  28
   0   0   0  19   0  37  17   0   0  22  38   0  19  19   0  29  24  25   0  43   0  22  24   0   0   0   0   0  22  31   0  50  12  20  32   0   0   0  49   0  49  35  24
  22   0  45   0   0  31  48   0  47   0  26   0  11  29   0  31  38  40   8   3   0  21  21  13  40   0  44  42   0   0   0  48   0  46  29   0   0   0  21  11  37   0
  26   0  45   9   0   0   2  24   0   0   0   0   0   0   0   0  24   0   0  48   0   0   9  35   0  28   5  18   0   7  21  44   0   0   0   0  32   0  17  27  10
   0   0  38  31  48  27   0   0  27  38   0   0   0   2   0   0   0  17   0   0  12  26   0   1   0   6  40  48   0  50   0  16   3   0   0   0   8   4  34   0
   7  49   0   0  48   0  48   0   0   0  24   0   7   0  14   0   5   0   6   0   0   0   0   0   0   0  36  43   0   0  33   0   0  35  42   0   0   0  43
   0  32  14   0  10  15   0  27  45   0   0  42   0  44  23  22   0  21   0  19   0  40  29  30  39  16  46   0   0  38   0  46   0   0  21  34  44  48
  32  49   0   2   0  46   0  42   0   3   0  37   0  41   0  18   0   5  34  23  47  26  32   0  28   0   0  10  42  36  23  46  40  17   0   0   0
   0  43   0   0  32  36   8   0  15  19  30   0   0   0   0   0   2  14  28  40  26   5   0  35   0  17  18  39  18  10  33  39   0   0   4  29
  24  21  48   0   0   0   0   0  11   0   0   0   0  42  27   0  35   9  18   2  45  28  30   0   0   7  40   8   0  10   0   0   1   0  13
   0  39  50   0   0   0   0   0   0   0   0   0   2   0   0  36  48   0  33   1   0   0  16  15  12  27  41   0   0   0  39  18   0   0
  12   0  22  32  20   3   0  47  41   5   0   0  48  22  34   0   0  30   0   8  42  47   0  38  21   0  13  38  27  45   0   0   0
   0   8   7   0   0   0   0   7  24   0   0  41  25   0   0   0   0  39   0   0   0   0  28  45   0   0   0   0   0   0   0   0
  37  25   0   0   0   2   2   0  28   0   0   0  22   0  19   2   0  21   0   0   5   9   0  33   0   0   0   0  13   0  34
   0   3  35  37   0  49  18   0   0  43   6   0  24   0   0  12  33  43   6   0  42   0  12   0   0   0   0  15   0   8
  48   0   0  11  43  24   0   0   0  46  29   0  38   0   6  44   0  17  18  47   0   0   0  32   0   0   7  18   0
   0   2   0   0   0   0   0   0  11   0  25  32  21  47   0   0  32   0   0   0  47  38  34   3   0  42   0   0
   0  14   0   0   0   9   0   0   0   0   0  50  37   0  26  42  17  45   0  38  11  33  17   0   0   0   0
   0  42   0   0   0  49   0   0   0   0   0   0  46   0  21  25   0  29   0   0   0  45   0   0  33   0
   0   0  31   0   0   0   0   0   0   0   5   0   0   8   0   0  32   8  31  42   9  31   0   2  30
   0   0   0   0  24  48   0   2   0   7  30   0  17   0  25  34  29   0  39  29   0  10  15   2
   0   0  10   0  38   0   0  43   8   0   0   0   0  44   7  16   0  31   0  31   9  18   0
   0  28   0   0  28  17   0   0   0  38   0  19   0   5   0  47   4   0   0   0   0   0
  45  30  15   0  19   0   0  35   0  32   0   0  48  26   0  24   0  30   0  31   0
  26  28   0   0   0   0   9   0  41   0  29   0  40  23   0   0   7  48   0   0
   5   3  20  17  36   4   0  10   0  30   0   0  49   2  17  34   0  22   5
  13   3  20   0  38   2  48  47   0  31  31   0   0   0  26  46   0  11
  29   2   0   0  30   0   0   0   0  15   0   1  11  31  28   9  40
   0  36   0  32  40   0  23   0  27   0   1  47  37  40  15  19
  48   0   0   0  40   0   0  41   8   0   0  18  48   0   7
   0  28  21   0   0   0  33  26   4   0   0   8   0   0
  26   0  36  46   0   0  44   0  25   0   0  48   0
  22  28   0   0  14   0  23   0  46  18  27   0
  47   0  32  44   0   5  19  12   0  25  19
  16   0  33   0   0   0   0   0  33   0
   0   0   0   0  31  35   1   0   0
   0   5   0   0   0  13  44  36
  37   0  33   0  13   0   0
  48   0   0   0   9  17
  21  37  16  42  11
  21  33  45  22
   0   3   0
  13   0
  39

 830
  14  14   1  23  11   1  19  18  14  21  14  20   7   7   5   5  10  20  24   8  11  15   8  24  17  23   8  11   1  15  12  19  12  21  24  11  17   8  12   1  25  21   2  13  18   9  21  12  10  10  13  16   6   8   9  15  19  15   6  23  22  12   9  17   6  25   5  15  22   6   5   1  10  18  12   6  11  16   7   2  17  19   9  10   4   3   2   6  13   3  21  18   6  25   8  25  19   3  18  13
