 100 
   0   0   0   0   0   0   0   0   0   0   0   0   0   0   0   4   0   0   0   0   0   0   0   0   0   3   0  37   0   0   0   0  47   0   0   0   0   1   0   0   0  18   0   0   0   0  21   0   0   4   0  32   0   0  37   0   0   0   0   0   0  42   0  21   0   0   0   0  33  36  24  36   0  31   0   0   0   0   0   0   0   0   0   0   0   0   0   0   0   0   0   0   0   0   0   0   0  12   0  18
   0   0   0   0   0  39   0   0  44   0   0   0  34   0   0   0   0   0  43   0  30   0  14   0   0   0   0   0   0  17   0   9  10   0   0   0   0  24   0  45   0  37  23   0   0  36   0   0  48   0   0  40   0   0   0   0   0   0   0  12   9   0  17   0  41   0  45   0   0   0   0   0   0   0   0   0   0   0  20   0   0   0  13   0   0   0   0   0  50  15   0  15   0   0   0   0   0  34   1
   0   0  35   0   3  42  50  10   0   0   0   0   5   0  49  41  11   0   0   0   0   0   0  26   0  44   0   0  12   0   0   0   0  32   0   0   0   0   0   0   0   0   0   0   0   0   0   0   0   7   0  43   0   9  33   0   0   0  13   0   0   0   0  38   0   0   0  40   0   0  38  13   0   0  44  29   0   0   0   0   0   0   0   0   6  16   0   0   0  47  44   4   0   0   0   5   0   0
   0   0   0   0   0   0  31   0   0   0   0   0   0   0  29   0   0   0  36   0   0   0   0   0   0  17   0  39   0  33   0   0   0   0   0   0   0  43  48   0   0   0  28   0   0   0   0   0   0   0   0   0   0   0   0  38   0   0   0  32   4   0   0  25   0  22   0   0   0   0  14  31   0   0   0   0   0  48   0  29   0   0   0  10   0   0   0   0   0  48  39   0  17   0   0   0  42
   0   0   0   0   0   0   0   0   0  19   0   0   5   0   0   0   0   0  20   0   0   0   0   0   0   0   0   0   0   0  37   0   0  49   0   0  16  36   0  15  18   0   0   0   0   3   0  45   0   0  50   0   0  44  21   0   0   0   0   0   0   8  32   0   0  14   0   0  12  38  49   0   0  29   0   0   0   0   0   0  12   0  26  15   0   0   0  19  38   0   0  25   0   0   0   0
  26   0   0   0   0   0   5   0   0  43   0  15   0   0   0   0   0   0  42  36   0   0   0  24   0   0  20   0   0   0   0   0   0   0   0   0   0  35   0   8   0   0   0  39   0   0   0   0   0   0  47   0   0   0   0   0   0  29   0  35   0   0   0   0  29   0   0  23   0   0   0   0   0  33   0  23   0  30   0   0  13   0  20   0   0   0  29   5  21   0   0   0  17   0   0
  41   0   0  31  44   0   0   0   0  24   0   1  17   0  26   0   0   0   0   0  19  11   0   0   0   0   0   0   6  29   0  42   0   0   0   0   0  41   0  19   0   0   0  17   0   0  46   0   0   0   0   0   0   0   0   0   0   0   0   0   0   0   0   0  13   0   0   0  18  10  24   8   0   0   0   0   0  45   0   0   0   0  11   0  34   0   0  50   0   0   0   0   0   0
   0   0  48   0   0   0   0  50   0   0   0  18  24  24   0   0   0   0   0   0   0   0   0   0   0   0   0   0  35   0   0   0   0  10   0   0   0   0   0  13   0  42   0   0   0   0   0   8  47   0   0   0   0   0   0  10   0   0   0   0   0   0  48   0   0   0   0   0   0   0   0  17  30  34   2   0  31   0   0  38   0   0   0  18   0   0   0   0   0  43  17  49   0
   0   0   0   5   0  11   0   0   0   0   0   0   0   0   0   0   0  34   0   0  32   0   0   0   0   0  38   0   0   2   0  38   0   0   0   0  28   0   0   0   0   0   0   0  36  33   0   0   0   0   0   0   2   0   0   0  29  47   0   0   0   0  30   0   0   0   0  26   0   0   0   6   0   0   0  48   0  39  34   0  11   0   0   0   0   0   0   0   0   0   0   0
   0   0  10   0   0   0  38   0   0   9   0   0   0  49  29   0   0   0   0   0   0  12  29  26   9  21  37  26   0   0  29   9   0   0  12  48  50   0   0   0   0   0   0   0   0   7  43  50   0   0   0   0   0   0   0  43   0   0   0   0   0  24   0   8   0   0   0   0   0   0   0   0   0   0  41  27  27   0   0   0   0   0   0  14   0   0   0   0   0  13   0
  41  45   0  47   0   0   0   0   0   0  35   0   0   0   0   0  27   0   0   0  22   0   0   0  18   0  33   0   0   0   0  46   0  13   0   0   0   0  46  11   0   0   0  40   0  43  19  28   0   0   9  11   0   0   0   0   0   0   0   0   0   0  24   0   0   0   0   0   0  31   0   0   0  23   0   0   0   0   0   0   0   0   0   0   0   0   8   0  24   0
  18   0   0  39   0   0   0   0  34   2   0   0  22   0   0   1   0   0   0   0  50   0   0   0   0   0   0   0   0   0   0  48   0   0   0   0   0   0   0   0   0   0   0  36   0  19   0   0   0   0   0  31   0   0   0  31  11   0   0   0  32   0  33   0   0   4   0   0   0   0  14   7  25   0   0   0   0   0  12   0   0   0   0  17   0   0   0   0  22
   8   0   0   0   0  45  47   0   0   0   0  40   0   2  19   0   0   0   2  41   0  42   0   0   0   0   0   0   0   0   7   0   0  25   0   7   0   0   0   0   0  44   0   0   0  42  47   0   9  23   0  22  18   0   0   0   0   0   0   0   0   0   0  20   0   0  48   0   1   0   8   0  35   0   0   3   0   0   0   0   0   0   0   0   0  44   0   0
  39   0   0   0   0   0   7   0  43   0   0  37   0   0   0   0   0   0   0  19   0   0   9  41  18   0   0   0   0  33   0   0  38  39   0   0   0   5   0  18   1   0   0   0   0   0   1   0   0   0  44   0   0   0  49   0   0  50  45   0   0   0   0   0   0   0   0   0   0   0   0   0  40   0   0   0   0   0  31   0   3   0   8   0   0   0   0
   0  47  24  10   0  18   0   0   0   0   0  45  49   0   0  30  27   0   0   0   0   0   0  21  33   0   0   0   0   0   0   0   0   0   1   0   0   0   0  39   0   0  19  35  26  24   0   0   0   0   0   0   0   0   0   3   8   4   0   4  13   0   0   0   0   0   0   0   0   0  26   0   0   0   0   0   0   6   0   0   0   0   0  23  44   0
   0   0   0   0   0   0  32  16   0   0   0   0   0   0  45   0   0   0   0  23  44   0   0   0   0   0  47  32   0   0   0   0   1   0   0   6   0  29   0   0   0   6   0   0   0   0   0  10   0   0  13   0  13   0   0   0   0   0   0  43   0  31   0   0   0   0  20   0  15   0   0   0   0   0  43   0   0  33   0   0  43   0   0   0  38
   0   0   0  48  28   0  18   0   0   0   0   0   0   0   6   0   0   8  38   0   0  20   0   6   0   0   0  20  27   0  22   0   0   0   0   0   0   0   0   0   0   0   9   0   0   0   0   0   0   0  47   0   0   0   0   0   0   0   0   0  28  37   0  36   0   2   0  47   0   0   0   0  27  12  36   0   0   0   0   0  41   3   0   0
   0   0   0   0   0   0   8   0   0  18   0  33  44   0   0   0  15   0   0   0   0   0   0   0   0   0   0   0  25   0   5   0   0   0   0   0  23   0   4   0   0   0   0   7   0   0   3   0   0   0   0   0  24   0   1   0   0   5  41   0   0   0   0  44   0   0   0  35   0   0  49  28  31   0   0   0  20   0  43  38   0   0   0
   4   0   0   0   0   0   0  23   4  12   0  10   0   0  29   0   0   0   0   0   0   0  32  32   0   0   9   0   0   0   7   0   0   0   0   0   0   0   0   0   0  34   0   0   0  18   0   0   0   0   0   0  23   0   0   2   0   0  47   0   0   0   0   0   0   0   0   0   0  22  38   0   0   0  43   0   8   0   0   0   0   0
   0   2   0  17   0   0   0   0  32  10   4   0  40  22  10   0   0   0   0   0   0   0   0   0   0   6  44   0   0   0   0   0   2   0   0  32  46  48   0  23   0   0   0   0  48   0   0   0   0   0   0   0   0  33   0   0   0   0   0   0   0  24   0   0  48   0   0   0   0   0   0   0   0   0  45  13   0   0   0   0   0
   0   0   0   0   0   0  22   0   0   0   0   0   0   0   0   0   0   0   0   0   0   0   0  30  14  21   0   0   0   0   0   0  28   0   0   0   8   0  35   0   0   0   0   0   0   0   0   0   0   0  14   0   0   0  15   0  18   0  21   0  13   0   0   2   0   0   0   0   0   0   8   0   0   0   0  34   0   0   0   0
   0  43   0   0   0   0   0   0   0  19  37   0   0   0  36  32   0  48  49   0   0   0   0   0   0   0   0  33   0   0   0   0   0   0   0   0  48   0   0   0   0   0   0   0   0   0  44   0   0   0   0   0   0   0  20   0   0   0   7   0  12   0   0   0   6   0   0   0   0   0  32  17  46   0   0   0  47   0   0
  19   1   1   0   0   0   0   0   0   0   0   0   0   0   0   0   0   0   3   0  36   0   0   0  11   0   0   0   0   0   0   0   0  47   0   0   0   0  42   0   0   0   0   0   0   2  31   0  18   0  47   0   0   5   0   0   0   0   0   0   0   0   0   0   3   0  34   0  25   0  40   0  21   0  14  40   0  23
   0  18   0  28   0   0  19   0   0   0  18   0   0   0   0   0   0  27  50   0   0  50   0  17   0   0   0   0   0   0   0  47   0   0   3   0   9   0   5   0   0   0   0   0   0   0   0   0   0   0   0   0   6   0   0   0   0   0  45   0   0   0   0   0   0   0   0   0   0  13   0   0   0   0   0   0   0
   0   0   0   0   0   0   0  12   0  34   0   0   0   0   1   0   0   0   0   0   0   0   0   0   0   0   0   0   0  34   0   0   0   0   0   0   0   0  19   0   0   0   4   0   0  38   0   0   0   0  42   0   0   0   0   0   0   0   0   9   0   0   0   0   0   0   0   0  17   5   0  35  49   0   0  23
   0   0  20   0  47   0  26   0   0  24   0   0  21   0   0   8   0  15   0  12   0  24  36   0   0   0   0   0   0   0  40   0  18   0   0   0   0   4   0   0   0   0   0   0   0  47   0  29   0   0   0   0   0   0   0   0   0   0   0   0   0   0   0  35   0   0  25  41   0   0   0  49   0   0   0
   7  12   0   0   0   0   0  12   0   0   0  46   0   0   0   0   1   0   0  22   0   0   0  29   0   0  13   0   0   0   0   0  14   0   0   0   0   0   0   0   0   0  24   1   0   0  44   0  15   0   0   0   0   0   8   0   0   0   0   0   0   0  24   0   0  10   0   0   0   0   0  21  22   0
   0  50   0   0  11   0   0   0   0   0  32  15   0  20   0  42   0   0   0   0   0   0   0   0  46   0   0  34   0   0   0   0   0   0   0   0   0   0   0   0   0   0   0   9   0   0   0   0   0   0   0   0   3   0  46   0   0   0  26   0   0  25   0   0   0   0   0   0   0   0   0   0  10
   0   0   0   0   0   0   0   0   0  13   0   0   0   0  14   0   0   0   0  25   0   0   0   0   0   0   0   0   9  10   0   0   0   0   0  42   0  50   0   0  32   0   0   0   0   0  11  30   0   0   0   0   0   0   0   0   0  36   0   0   0  39  43  43   0   0   0   0   0   3   0   0
   0   0   0  29   0   0   0   0   0   0   0   0   0  42   0   0  12   0  35   0  15   0   0  15  35   5  34   0   0   0   0   0   0   0   0  25   0   0   0  37  36   0   0   0   0   0   0   0   0   0   0   0   0  12   0   0   0   0   0   0   0   0   0   0   0   0   0   0   0   7   0
   0   0   0   0   0   0   0   0   0  16   0  12   0   0  40   0  30  25  10   0   0  49   0   0   0   6   2  43   0   0   0   0   0   0   0  23   4   0   1   0   0   0   0   0  38   0   0  31   0  50   0   0  31   0   0  18   0   0   0   0   0   0   0  24   0   0   0   0   9   0
  46  15  13  30   0   0   0   0  43  41   0   0  11   0   0  29   0  39   0   0  28  39   0   0   0   0   0   0   4   0   0   0   0   0   0   0   0   0   0   0   0   0   0  44   0   0   0   0   0   8   0  37   0  19   0   0   0   0   0  10   0   0   0   0   0  22  43   0  38
   0   0   0   0   0  45   0   0   0   0   2   0   0  31   0   0   0  35   0   0   0  18   0   0  34   0   0   0   0  13   0  39   0   0  41   0  21  20   0  42   0   0   0   0   0  44   0   0  26   0   0   0   0   0   0   4   0   1   0   0   0   0   8  11   0   0   0   0
  16   5   0  42   0   0   0   0   0   0   0  29   0   0   7   0   0   0   0   0   3  38   0   0   0  41  25   0   0  26   0   0   0  34  12   0   0   0   0  22   0   0  15  27   0   0   0   0   0   0   0   0   0  17  23   0   0  29   0  15   0   0   3   0   0   0   0
   0  44   0  44   0   0  14  23   7   0   0   0  18  11   0  11  38   0   0   0   0   0   0  31   0   0   0   0   0   0   0  22   0   0   2   0   0   0   0   0   0   0   0   0   0   0   0   0   0  46   0   0   0   0   6   0   0   0  49   0   2   0   0   0   0   0
   0   0  34   4   0   0   0   0   0   4   0  18  20   0   0   0   7   0   0   0  15   0  39  32  22   0   0   0  13   0  18   0  42   0  29   0   0   0   0   2  14   0   0   0   0   0   0   0   0  48   0   0   0   0   0   0  46   0  43   0   0   0   0   0   0
   0   0   0   0   0   0   0   1  48   0   0   0   0   0   0  23   0   0   0   0   0   0  17  15   0   0   0   0   0  47   0   0  35   0   0   0   0   0   0   0   0   0   0  35   0   0   0   0  25   3   0   0   0   0   0   0   0  19   0  36   0   0   0   0
   0   0   0   0   0   0   0   0   0   0   2   1  35   0  31   0  28   0   0   0   0   0   0  39   0  50   0   0   0   0   0   0   0   0   7   0   0   0   0   0  19   0   0   0   0   3  40   0   0   0   0  34   0   0   0   0   4   0   0  23   0   0   0
   0   0   0  23   0   0   0  50   0   0  46   9   0   0  10   0   0   0   0   0   0  31   0   0   0   0   0   0  41   0   0   0   0   0   0   0   0  24  28   0   0   0   0   4  31  11   0   0   0   0   0   0   0   0  25  47   0   0  13   0   7   0
  24   0  29  20   0  47   0   0   0   5   0   0   0   0  34   0   0   0   0   0   0   0   0   0   0   0   0   0   0   0  34   0   0   0   0   0   0  41   0  20   0   0   0  48   0   0   0   0   0   0  18   0  41  41   0   0   0   0   8  49   0
   0   0   0   0  44   7   0  21   0   0  27   0   0   0   0  15   1  16   0   0   0  47   0   0   0   1   0   0   0   0   0   0   0   0   0   0   0   0   0   0   0   0  50   0   0   0   0  14   0   0  45   0   0   5   2   0   0  26   9   0
   0   0   0  25   0   8   0   0   0   0   0  24  49   0   0   0   0   0   0  33   0   0  42   0   0   0   0   0   0   0   0   0   0   0   0  43   0   0  30   0  18   0   0  16   0   0   0  25   0   0   0   0  39   0   0   0   0   0   0
   0   0   0   0  38   0  20   0  37  22  26   0   0   0   0  18   0   0   0   0   0  14   0  20   0   0   0   0   0  14   9   0   9   0   8   0   0  40  12   0   0   0  40  40  37   0  44  16   0   0   0   0   0   0   0   0   0   0
   4   0   0  46   0   0  19   0  50   0  35   0   0   0   0   0   0   0  22  21  22   0   0   0   0   0   0  29   0   0   0   0   0   0   0  42   0   0   0   0  23   0  41   3   0  47   0   0   0   0   0   0   0   0  15   0   0
  28   0  11   0   0   0  33   0   0  23   0  21   0   0   0   0   0   0   0   4  17   0   0   0   0   0   0   0  14   0   0   0   1   0   0  43   0   0   0   0   0   0   0   0   0  20   0  34   0   0   0   0   0   0   0   0
  18   0   0   0  50  32   0   0   0   0   0   0   0   0   0  14   3   0   0   0   0  45   0   0   0   0   0   0   0   0  11   0   0   0   0   0  24   0   0   0   0   0   0   0   0   0   0   0  19   0   0   0   5   0   0
   0   0   0   0   0   0  50   0  18   0  46   0   0   0   0   0   0  38   0  16  14   0   0   0   0   0   0   0   0   0   3   0   0   0  12   0  32   0   0   0   0   0  21  49   9   0   0   0  48  23  30   0   0   0
   0   0   0   0   0   0   0   0   0  32   0   0   0   0   0   0   0   0   0   0   0  24  33   0   0  45  39   0   0  25   0   0   0   0   0   0  17   0   0   0   0   0   0  14   0   0   0  17   0  11   6   0   0
  48  36   0   4   0   0   0   0   9   0  14   0   0   0   0   0   0   0   0   0   0   0   0   0   0   0  42   0   0   0   1   9   0   0   0   0   5  35  33   0   0  12   0   0   0  27   0   0   0   0   0   0
   0   0   0   0   0  45   0   0   0   0  49   0   0   0   0   0   0   0   0   0   0  24   0   0   0   1   0   0   0  25   0   0   0   0   0   0   0   0   0   5  50   1   0   0  40   5   3   0   0   0   0
  37   0   0   0   0   0   2  23   0   0   0   0   0   0   0  42   0   0   0  20   6   0   0   0   0   0   0   0  46  29   0   0  32   0   0   0  26   0  35   0   0  30  48   4  32   0   0   0   0   0
   0   0   0   0   0   0   3   0  38   0   0   0   0   0   0   0  27   0   0  30   0   0   0   0   0  22  20   0   0   0   0   0  48   0   0   0   0   0   0   0   0  13   0   0   0   9  28   0   0
   0   0  48   0   0  28  33   0   0   0  12   0  11   0  31   0   0   0  35   0   0   0   0   0  49   0   0   0   0   0   0   0   0  24   9   0  16  43   0   0   0  30   0   0   0   0   0  49
  22   0  21   0   0   0   0   0   8   0   5   0   0   0   0  32   0  49   0   0   0   0   0   0   0   0   0   0   0   0   0   0   0   0   0  50   0   0   0  38   0  22  14   0   0  24  21
  22   0   0   0  19   0   0  15   0   0  22   0  43   0   0   0   0   0   0  50   0   0   0   0   0   0   0   0  18   0   0   0   0   0   0  32   0   0   0   0   0   0   0   0  48   0
  27   0   0   0   0  23  12   0  42   0   0   0   0   0  14  48   0   0   0  33   0   0   0   0  17   0   0  26  42   0   0  18   0   0   0   0   0   0  17  46   0   0   0   0   0
   0  41   0   6   0  23   0   0   0   0  22   0   2   0   0   0  27   0   0  28   0   0  39   0   0   0   0   0   0  44   0   0   0  38   0   0   0   0  16   0   0  18   0   0
   0  26   0  31   0   0  36   0  10   0   0   0   0   9   0   0   0  25   0   0   0   0   0   9   0  31   0   0   0   0   0   0   0   0   0  33   0   0   0   6   0   0   0
   0   0   0   0  14   0   0   0   0   0   0   0   6   0   0  47   0   0  34   0   0  24  12  19   0   0   0   0  43   0  11   0   0   0   0   0   0   0   7   0   0   0
   1   0  16  50   0   0  39   0  40   0   0   0   0  31   0   0   0   0   0   0   0   0   0  11   0   0  33   0  16   0   0   0  14   0   0   0   0   0   0   0   0
  26  23   0   0   0  46  31  15   0   0  34   0   0   0   0  43   0   0   0  26   0  42  29   0   0   2   0   0   0   0   1   0   0  19  13  15  45   0   0   0
   0   1   0   0   0   0   0  23   0   0   0   0   0   0   0   0   0   0   0   0   0  48   0   0   0  49   0   0  48   0  23   0   0  29   0  20  16   0  37
  12   0   0   0   0   0   0  10  39   0   0   0   0   0   0   0   0   0   0  39   0  13  45  10  47   0  18   0   0   0   0   0   0  25   0  36  22   0
  30   0   0   0   0   0   0   0  50   0   0   0   0  10  48  15  10   0   0   0   0   0   0   0   0   0   0   8   0   0   0   0   0   0   0   0   0
   0  27   0   0   0   0   0  17   0   0   2   9   0   0   0   0   0   0   0   0   0  13   0  34  37   0   0   0   0   0   0   4   0   0   0   0
   0   0  11  26   0   0   7   3   0  18  19   0   0   7   0   0   0   0   0   0   0   0   0  47  13   0   0   0   0   0   0   0  15   0   0
   7   0   0   0  40  20   0   0   0   0  13   0   7   0  10   0   0   0   0   0   0   0   0   0   0   0   0  17   0  22   0   0   0   0
   0  34  26  14   0   0   0   0   0   4   0  40   0  50   0   0   0   0   0   0   0   0   0   0  38  15   0  45   0   0  31   0   0
   0   0   0   0   0   0   9   0   0   0   0   0   0   0   0   0  27  37  37   0   0   0   0   0   0   0  32   0   0   0   0   0
   0   0   0   3   0   0  20  31  50   0   0   0   0   0   0   0   0   0   0   0   0   0  23   0   0   0   0   0   0  10   0
   0  47   0   0   0   0  46  19  23  47   0   0   0   0   0  29   0  14   0   0  26   0   8   0   0   3   0   0   0   0
   0   0  27  28   0   0   0   0   0   0   0  25  25   0  19   8   0   0   0   0   0   0   0   0   0   0   0   0  36
   0   0   0  34   0   0  27   0   0   0   0   0   0   0   0   0  16   0   0   2   0   0  12   0   0  48  41   0
   0   0   0  22   0   0  16   0  20   0   0   0   4  48   0  34   0   0   9  50   0   1   0   0   0   0   0
   0   0   0   0  47   0  26   0   0  40   0   0  38   0  20  33  32   0   0   0   2  14   0   0   0   0
   0  47   0   0   0   0   0  16   0   0   0   0   0   5   0   0  39  34   0  48   0  50  18   0   0
   0   0  42   0   0   0  27   0   0   0   0   0  16   0   0   0   0   0   0   0  26   0   0  15
   0   0   0   0   0   0   0   0   0   0   0  23   0   0   0   0  37  20   0  14   0   0   0
   0   0   0  36   0   0   0   0   0   0   0   0  18   0  33  12   0   0   0   0   0   0
  19   0   0   0   0   0   0   0   0   0   0   0   0   0   0   0  28   0   0   0   0
   0   0   0   0   9   0   0   0   0   0  20  45  42   0   0   0   0   0   0   0
   0   0   6   8  21  17   0  39   0   0   0   3   0   0   0   0   0   0   0
  12   0   0   0   0   1  15   4   0   0   0  34  19   0  47   0  21   0
   0   0   0  38   0  10  28   0   0  35   4   0   0   0  29  30   0
   0  16   0   0  20   0  21   0   0   0  12  19   0   0   0   0
  21  26   0   0   0  10   0   0  46   0   0  36   0   0   0
   0   0   0   0   0   0   3   0   0   0   0   0   0   0
  39   0   0   0  41  48   0  47  49   0  43   0   0
   0  33   0   0   0   0   0  37  33  38   0  48
   0   5   0  41  14   0   0   0   4   0   0
   0   0   0  34   0   0   0   0   0   0
   0   0  27   0   0   0   7   0   0
   0   0   0  31   0   0  19   0
   0   0   0   0   0   0   0
   0   0   0  20   0   0
   0   6   0  34   0
   0  40   0   0
  29   0   7
   0   0
   0

 436
  13  20   4  10  23   3  22   4   6  12   3  14  13  15   2   6  19  21   3   8  22  14  11  16  11  18   6  13  23  25  12   6  20   5  24  17  20   3  16  16  11  25  10  21  10  15   6   2   5  20  16  19  23  23  22   2   6  21   4  14  24   2   6  20   2  22  20   9  24   1   3  11  20  17   6  16  21  17  20  18  21  23  22   5   3  20  21  23   2  10  16  23   7  13   1  23  19   9   6   8

