 100 
  42  46  19   0   0  29   0   0   0  39   0   8   0  23  38  10  29   0  29   0   0   0   7   0  19  23  12  23   0  15   0   8   9   0  50   0  48  20   0  49   0  17  30   0  28   8  35  31   0   0  29   0   0  23   0   0   0  13   0   6   0   0   0   0   0   9  25   2  43  41   0   0   0  38   0   0   0   0   0   0   0   0   0  36  37  43  44  47   0   0  25  39   0   0  15  26  23  42   0   0
   0   0  24   0   0  44   0   6   0  46  49   0  25   0   0   9  42  34   0  47   0  32   0  37  39   0   0   0   0   0  24  31   8   0   0  15   0  28  35  11   0  35   0  26  23   0  36   0  21  30  10  13   0   0  10  38  43   8  22  45   0  50  32  49  43  43   7  44   0   0   0  42   0  14   0   9  16  39   0   0   0  34   0   0   0   0   0  27   0   0  39  30   0   0  12   0   0  32  38
  18   0  23   0   4  38  11  29   0  15  17   9  45   0  21   0   0   0   0   0   0  50  13  47  26   0   0   0   0   0  41   0   0   0   0  42   0   0   0   0  18  32   0   0   0  30  13   7   0   0   0   0  21  46  17  31   0  15   0   0   0   0  46   0   0  24   7  43  42   0  46  18  10   0   0   0  13   0   0  35   0  47   0   0   0   0  17  35  44   0   0   0  49  27  15   8   0  18
   0  13  32   0  22   0   0  43   0   0   0  30  13   0  26  16   0  18   0   0   0   0   0  17   0   9   0   0   0  25   0   0  38  21  33  22  42  12   0  24  35   0   0   0   0  47  34  37   0   5  35   0   0  31   8   3   3  34   5   0  41  44   8  16   7  15   0   0   3   3  12   0   0   0   0   0  25  31  35   0   0  47   0   0   0   0   0   0  23  16   0   0   0   0  42   0   0
  45   0  30  18  23   0  46   0   6  22   3   0   0   0  35  37   7  37  45  39  35  22  19  34  30  31  32  28  50  21  11   0  48  30   0  45  22  46  32   0   0  31  22  28  50   0  35  23   0   0   0   0  20  36   0  30   0   0   4  16  31   0   0  49   0  46   0  43   0   0  20   0   8   0  34   0   0   5  27   0   0   0   0   0   3   0  46   0  39   0   0   8  24  18   0   0
  24  11   0   0   0   0  36  37   4   0  30   0  42  16  40  36   0   0   0  42   0  17  40   7  49  20   0  41   0   0  15   0   0   0  11  25   0  27   0  28  37   0  47  39   0   0  22  27  15  40   0   0   0  49   0  30   0   0  23   0  46   0   0  41   0   0   0  17   0   0   0   0   0  49  46   0   8   0   0  47   0   0   0   5   0   2   0   0  44  33   0   0  39   0   0
  45   0  17   0  48   0   4   0  41  43  27   0  26  17  37  19   0   0   8   0   0   0   0   0   0  40   0   3  19   0  49   0  28   8   0  48  38   0  47  27  12  46  12   0  36   0  16   2  35  37   0  34   0  43  20   4   0  36  10  37   0   4   0   2  15   0   0  28   8  37  10   0   0   0   0   0  27  47  26  32  17  43   0   0   8   1  10   0   8  14   0   0  22   0
  21   0  28  19   0   0   0   0   0   0  35   0  25   0  36  18   0   0   0  17  37   0   0   6  31   9  13   0  13   0   0   0  46   0   0  40  47  20  31   0   0  44   0  46   0   0  13   0   9   0   0  19   0  16   0  23  37  14   0  13  15   0   0   0  46  27  42   0   0  50   0  27  39  33  25   0  19  31   0   0  27   2   3   7  37  26   0   0  18  43   0  30   0
   0  33   0   1  42   0  48  35   0  50  32   0  10   0  27   0   0   0   1   5   0  14   5   0   0  47  32  33  15  32   0  40   0  44  10   9   5  20  26   0  38  25  42  40   0   0   0   0  25  41  28  42  13   8   0   0  11   0   3  23   0   0  27  42   0  29  39   0   0  23  11   0  27   0   0  48   0   4   5   0  21  38   0   0   0   0   0   0   0   0   0   0
   0   0  42   0   0  39   0   0   0   6  44   0   0   0  34   0   0  27  20  40  22  35  44   0  27   0   0  18   0   0   0  20  28  23  10  39   0  17   0   2   0   0  25  13   0   0   0   0   0   0  28   0   0   0  32   0  12  22  29  36  48   0   0   4   0   0  21   0   0  33   0  40  22   0  36   0   0  24   4   0   0  22   6   0   0   0   0  47  30  15  18
  35   0   0   0   0  17   0   0   9  28   0  17   0   0  36   0   0  49   0   0  38  17  36   0   0  49   6  23   0   0  10   0   0   6   0   0   0  20  50   0   0   0  36  46   0  24   0  46   7  11   0   0   6   0  13   0  32  22   9   0   0  30   4   0  13   0  32  14  13  38  45  14   1   0   0   0   0  19  41   0   0   0   0   0  32   0   0   0   2  15
   0  27   0   0  42  34   9   0   0   0   0  19  13  50   0   7   0   1   0   8  30   0   0   0  13   0  27   0  21  30   0   0  29   0  35   0  46  50  44   0  39   0  15   0  17   0  25  12   1  12  45  15  37   0  12   0   0   0   0   0  32   0   0  10   0   6   0  30   0  32   0   8   0   0   0  40  21  43   0   0   9   0  38  40  31  10   0  48   9
  42   8   0   0   0  10  33   0   5   0  11  47  50  40   0  36   0   0   0   0  27  12   0   0   0  50  38   4  26  34  10   0   0   0   0  44   0  11   0   5  46   0  36   0   0  41  22   4   5   0   0  19   0  20   0   0   9   4  28  10   3  49   0   0  41  47   0   0  19   0   0  16   0   0   0   0   0  25  40   0  37   0   0   0  22   0   0  25
  37  47  21  50  39  27  28  50  26  21   0   0   0   2   0   0  40  46  12  42   0   0   0   0   0  36  20  32   0   0   0   0   8  45   0  25  19   0  39  44   0  39   0   0   0  20   0  38   0   0  23  50   4  12   0  42   0   0  29   0  30   2   0  25   0   0  40   0   0   0   5   0   0  24  30   7  19   6   7  47  34   0   0   0  15  17  33
   0   0   0  40   0   0   0  50   0  25  42  41   0   0  32   0   0   0   0  44  47   0  44   0  39   0   0  27   0  39  15  46  36   0  44  40   0   0  44  37   2   0   0   0  20   0   2   0  15   0  36   0   0  22  21   0  27   0   0   0   0  24  16   1   0  37  27  28   0  33   0   0   0   6  14  36  22  44   0   0   0   0  25  46  18   0
  43  33   0   7   0   0   0   0   0   0  31  43  50   0   0   3   0  46  20   0  19  27   0  10   0   6  35   0  43   0  45  11   3  45  44   0  36   0  32   0   0  23  33  49   0   0   0   0  48   0  43  17   0   0  19   0  31   0   0   7   0   0   0   0   0   9   0  49   0  15   0   8  48  45   7  43   0   0   0   0   0   1   9   0  39
   0   0   0  34   0   0   0   0   0   0  38   0  43   0   0  34  18  26   0   0   0   0  23  13   0   0   0  23  26   7   4  24   0  48   0  19   0   0   0   0   0  27   4   0  45  48   0   0  19   0  35   8  35   0   9   0   0   0   0  32  35  26   0  10   0  14  40  13  30   0   0  24  35   0  18   0  29   0   0   0  37   9  43   4
  49  36   6  39  23   0   0  14  33   7   4   0   0  27  28  23  29   0   0   0   0   0   0  15  34   0   0  10   0  23   0   0   0  42  29   0   0  50   0   0  50   0   0   6   0   0   0   0  12  22   0  24   4  21   0   0   0  36   0   0   0   0   3   0   0   0  44   0  46  27  25   0  27  26  38  48   0   0   0  49  28   0   5
  10  45   0   0  43   0  36   0   0  20  21  18  40   0   0  41   0  50   0   0   0   0  31  37   0  13  46   5   0   0  40  50   7   0  42   0   0  29   0   0  44  10  41   0   0  37  10   0  32  20   0  31  48   1   0  38  28  42   0  31   0  18   0  44  27   0  23   9   0  45   0   0   0   0  15   0   0  23  50   0   0   0
   3   0  20  23   0  27  18  25   0  17  22   0  12   2  26  29   0  48   6   0   0  40  31   0  26   0   0   0   0  17   5  48  27  25   0  46   0   0   0   0   0  32   0   0  34  31   0   0   0   0  27   0   0  44  14  33   0  28  36  47   0   0   0   0  35   0   0   8  21   0  24   0   0  13  12  30  31   0  35   0   0
  48  46   0   4   0  13   0  45   0  27  47   0   0  28  11   0  46   0   0   0   0  16   0   0  23   0  43  14  13   0   6   0   0   0  46  14   3   0   0   6   0  29   0  42   0  27  25   0   0  47   0  34  36  47  23   0   0   0   0   0  38   0  33  45  10  11   0   0   0   9  26  23   0   0   0   2   0   2  32   0
  22   8   0   9   0   0   3  40  22  13   0   0  44   0  30   0  17  11   0   0   0   0  46   7  13   0   0  29  25   9   0   0  39  41  10  41  43  12  40   0  31   0   3   5  30   0   0   0   0   0   0  27   0  42  39   0  21   0   0  14   0   0  18  36  14   0   0   0  43   0   7   0  50   0  11   6  32   8   0
  10  25   8  28   0   0  20   0   0   0  34  28  50   0   0   0   0  40  49  43  16  15   0   0  25   0   0   0  19   0   0   0   0   0   0   0   0   0   3   0  29   0  49   0   8   0   0   0   0  35   0  41   6   0   0  31   0  13   5  26   0   2  14  32  14   0  26   6  19   0   0   0   0   0  35   0  23  32
   0  24  47   0  25   9  31   8  33  50   0  14  32   0  37   0  14   7  49  35  40   0   0  10  15  38   0  13  46  39   0   0  41   0   0   0   0   0  37   9  28  46  25   0   0  34  33   1   0   1  16  50   0  47   0   0   0   0   0   0   0   7   0  18  48   8  14   0   9   0   0  31   9   0   0   0   2
   0  10  16   0  14  24  40  27   0  30   0   0   0   0  30   0  48   0   0  23  48   0  19  46  26   0   0   0  15   0  48  30   0   3   0  32   1  10  28   0   0   0   0   0   0   0   0   0   1  13   0   0   0   0  15  12   0   4  34   0  13   0   9  50   0   0  25  19  11   0   4  34   0   0   0   0
   0  40  38   0  22   0  47   1   0   7   0  17  24   0  41   0  50   0   0  42  26   0   0   0   0   0   0   0  44  21   1  26  47  29  18   0   0   0  22  29   0   0  49   0   0   0   4  47  46   0   0   0   0   0  37   0   0  37   0   0   0  33   0   0   0   0  30   0  48   0   0  18   0  36   0
   0   0   0  29   7   0   0   6   0  32   6   0   0  10   0  49  13   0   0   0  31   2  40  47   0  12   4  38  12  39  10  21   0   0  30  44  45  49  39  25  24   0   0   0   0  17  29   0   2  20   0   0   0   0   0   0  26  10   0   0   0  30   0  15  14   0  32  46   0  17  10   7  35   0
   0  30   3   0   0  21   6   1  31  12   0  24  14   0  23   0  12   0   0   6   0   0   0   0   0   5   0  42   0  13  31   0   0   0  45  37   0   0  37   0   0   0   0   7   0   0   0  41  44  44  32   0   0  46  33   0   0  15  35   0   0   0  35  12   0   0   0  40   0  50   0   6  11
  45  42   0   0   0   0  31  15  26  30   0   0  20   5  35   0   1   0   0   0   0  10   0   0   2  45   0   0   0   0   0   0  11   0   0  32  35   0  13  33   8   0   0  24   0   0   0  10  30  27   0   0   0  24  23   0  28   0  18   0   7  25   0   0   3   0   0   8   0  48   3  15
   0   0  22   0   0   0  16   0   0   0  32   0   0   0  10   0  48   0   0   0   2   0  19   7   0  17  20  34   6  39  23  31   9  25  25   0  32   0  18   0   0   0   1  17   0   0  11   0   0   0  14  11  37  25   0   0  44  46   0   0  23   0   0  10   6   0   0   0   0   0  50
  37  29   0   0   0  26   8   0  22  40  42   0   0  17  48  18  10   0   0   0   0   0   0   0   0  33  15   0  10  46   0   0   0   0  15  19   0   0   6   0   0   0  23   0   0   0   0   0  50   0  26   0  48   0  15  49   0  25  47   0   0   0  43  17  17   8  42  11  50   0
   0   0   0  47   0   0  27   0   9  40  23  40  31   0  34  45  32  43   0   0   0   0  37   0  19   0   3   0  50   9   0   0   0  40  20   7   0   3   0  20   0   2   0   0  25  29   0   0   0   0  18   4   0   0  13  31   0  21  21   0   0   0  31   0   3   0   0   0  17
   0   0   0   0   0   0   0  14  19   2   0   0   0   0   0   0   0  39   0  21   0   0   0   0   0  39   0   0   0  32   0   0   1  30   4  31  34   0  17  35  10   0   0   0   0   0   0  15   0   0   0   0  34  38  41   7  32   0   0   0   3   0   0   0  49   0  13   0
  17   0   7   0  49  25   0   0   0   0  23   0  12   0  50  11   4  30   0   0   0  10   0   0   0  34   0   0   0   0   0   0  40   0   7   0   0   0   4  41   0  44   0  40   0   0  48  19  35   0   0   0  24   6   0   0  14  22   0   7  22   0   0  15  16   4  46
   6   0   0  12   0   0  31   0   0  10   0   0   0  23   0   4   0  25   0  37   0   0   0  28   0   0  14   6  46   0   0   0  30   0   2  28   0   0   0  27   0   0   0   9  39  45  15  21  40   0  49  20  31   0   0  39   0   5   0  41   0   0   0   0   2   0
   0  29   0   0  13  26   0   0   0  24   0   3   0  32  32   0  28   0   4   0   0   0   0   0   0  41   2  12   5   0  23   3   0   0  18  35   0  12   0   0  27   0   0  50  49   0   0   0  26   0   0   0   0  10  21   0   0   0   0   0   0   9  41  36   0
  41   3   6   0  16   0  31   4  10   0   0   0   8   0  19   0   0   0   5   4   0   4  29   0   0   0   6  48   0   0  44   0  33  45  14   0   0  38   0   0  37   0   9   0   0   0  42  18   0   5   0   0  39   0  28   0   3  23   0  47  16   0   6   0
  10   0   0  17   0  13   0  15   5  28   0   0   0  13   0  40   0   0   0   0  39   0   0  14   0  41   0  36   0   0   0  49   0   0   0  38   6   0   0   0   0  16   1   0  19  39   0   0   0  31  40  45   0   0  41  41   0   0  36  36  30  41   0
   0  36   0  21  30   0   0   0   0   6  36   0   0  15  27   0  31   0   0   0  20  33   0   0   0  38   0   0   0  19   9   0  35  18   0   0  34   0  44   0  17   0   0   0  22   0   0  25  35   2   0  38   0  33  10  18  50   0  38   0   0   0
   0   0  25   0  25   0   0   0  27   0   0   0   0   0  12  37  44   0  36  47  13   0   0   0  16  27   0   0   0  30  28  39   0  23   0  27   0  38  21  36   0  17   0   9   0   0   0  31   0   0   0   7  46   0  16  20   0  28  45  37  32
   0  29  44  24   0  37  19   0   0   0  14   0   0  46   0  23  30   0   2   0  27  18  48   0  11   0   0  37  32   0   0   0  43  35   0  35  39  27   0   0  26   0   0   0  30   8  24  10  10   0   6   0  12  14   0   3  30  50  28  24
   0   0   0   0  27   0   0  31   0   0   0   0   0   0   0  26   0  42  40  14  39   0  11   0  39   0   0  14   0  30   0   0   0  35   0  17  14   0   0   0  45   0   0   0  21   0   0   1  17   0  45   0  17   0  49   0   0  35  23
   0  31  30   0  12   0   7  32   0   0  25  17   0   0   0   0   0   0   0  42   0   0   0   5   0   0  26  12   0  47   0   9  48  41  47  33  11  50   0  22   0   0   0   0   0   2   0  34  13   0  35  30  38  21   0   0  18  30
   0  13  31   0  20  32  16  12   0  29   8   0   0   0  13   0   0   2   9   0  26  15   0   0   0  45   0   0   0   0  22   0  47  30   0  41  18  21  30  20   0   0   5   0  11   0   5   8  45  10   0   0   6   0   0  42   0
   0   0   0  31  34   0   0   0  46  29   0   0   0   5   0   0   4   0  38   6  17  36  23   0   0   0  50  19  45  13   0  24  14   0   0  23   5   0   0   0   0  32   0   0   0  48   0   0  44   9   0  29  42   0   7  40
   0   0  46   0   0  39   0   0   0   0   0   8   0  33  20   2   0   4   0   7   0   0   0  12  12   0   0   0   0   0  44   0  46   0   0  39   0   0   0  14  18   0  40   5   0  10  35   0  43   0   0  28  19   0   2
   6   2  25  21   4  18   0   0   1   0   3  14   3  37   0  37   1   0  30  41   0   0   0   0   0   1  46   0   0   0  36   0   0   0   0   0   0   0   0   0   0   0  36  50   0  19   0  50  27  48  36  17   0  11
  20   0  21  39   9  29  15   0  38  27   0   0  48  33   0  50  47  44   0   4  11  34   0  41   0   0   0  50   0   0   0  21  17   0   0   0  28   0  48  50  44  39  43   0   0  18   0   0   0  26   3   0  13
   8   0  11   2   0  43   0   0  42   0  27   0   0   9  50   0   0   2   0   0   0   0  21   0   0   0  13  50  46   4  42   0   0   0   0  44  21  46   0   0  19  32   0   0   0   0   0   0  49   0   0   6
   0  47  43   0   0   0   4  33   0   0   0   0  41   4   0   0   7   0  31   0   0   0   0   0   0  33  40   0   0  44   0   0   0   0  26  43  20  42  15   0  12   0   9   1   0   0  49   0  40   0  35
  15   8   0  41  11  28   0   0  18   0  39   0  43   0  41   0   0  37   0  18   0   0   4   3   0  24   0   0   0  19   0   0  29   0   0   0   0   0   0  45   0   0   0   0   0   0   0  47   0   0
  11  42  19  15  32  22   0  24  31   0  10   0   2  16  27   0  38   7  29   0  45  29   2   0   0   0  28   0  37  48   0   0   0   0   0  14   0  43   0   0   0  14   0   0   0   0  32   0  48
  48  34  40   0   0   0   0  11   0  44  37   0   0   0  49   0   2  49   0  35   0  25   0   0  24   0   0   0   0   0  26   0   0  37  28   3  31   0  46   0   0  39  48   0   0  34   0  36
   0   0   0   7   0   6  27  45  26  13  30   0  20  50   0  13  21   4  41  25   0  24   0  50   0  26   0  49   0   0  21   0  45   0  33   7  28   0  35   0   0  21  35   0  25   0  40
   0   0   0   0   0   0   0   0  26   0  10   0   0   0  37   7  41  36   0   0  32   0  20   0   0   0   0   0   0  14   0   0  14  23   3   0   0  47   0   0   0   0   0  25   0   0
   0   5   0  32  47  20  41  41   0   0  20   0   0  46  19  41   0   0   0  50   0   0   0   0  27   0   0  18   6  25  18   0   0  18  16  13   0   4   0  11   0  16  30   0  31
  18   5   0   0   0  31   0   1   0   0  46   0   0   0   0  41  37  28   0   0   0  13   0  14   0  43  14  47   0   0  16   0   0  12  49   3   0   7   0   0   0  27  37  38
   0  11   4   0   0  32   0   0   0  26   0   0  33  36  36   4   0  12   0  49  15  31  32  19  38   0  24  25   0   0   0   0  40   4   0   0  17   0   0  25  37   8  16
  19   0  23   0  47   2   7  22   0   7   3  42  30   0   0   0   0  27  50   0   0  41  47   0  34  44   1  30   0   1  49   0   0   0   0  39  27   0  29  37   0  46
   0  31  10  11  38  34  21  27  26   0   0   0  23  22  49   0  29   0  45  11   0   0   0   0  33  43   0   0  43  10  49   0  35  12   0   0   0  16   0  47  40
  13   0   0   0   0   0   0   0   0  40   0  24  46  16  17  28  27   0  39   5   0   0   0   0   0  47   0  20   0   0   3   0  27  34   0   0   0   7   0   0
   0   0   0   0  48   1   0   0   0   0  45  39  40  26   0   0   0   0  37   0   0   0   0   0   0   3  44  16  25   0   3  21   0   0   0  46   0   0  36
  17   0   0   0   0  22   0   2   0  19   0  33  13  48   0  24  37   0   0   2   0  39   0  35  19   0   0   0  48   0   0   0   0   0   5  14   6   0
   0  19   0   0   0   0   0   0  11  37  28   0   0   0  18   0   0  49   0   0  39   0   1   0   0  20  35   1  37   0   0  25  31   7   2   9   0
   0   0   0   0  46   0  45   0   0   9   0   3  42   0   0   5   7  36  10   7  30   0  10   0  40  21   0  50   0  40  28  42   0   0   0   0
  16   0  15   0  13   0   0   0   0   0   4   0  49  37   0   0   0   0   0   0  47   0  14  32  37   0   1   0  46  14   0  28  21  15   3
  15   0   0  16   0   0  17   0  25   0  11   6  13  10  12  12  47   0   0   0   0   0   1   0   0   0   0   0   0  40   0  24  43   7
  32   0  10  15  26  40   0   0  50  36  31  17   0   0   0   0  18   0   0  48   0  39  28  48  28   0  21  50  35   0   0  31  46
   8   0   0   9   0   0   0   0   0   8   0   0  24  15  48   0  39  17   1  43  36   0   0   0   0   0   0   0   0   0   0   0
   7   0  31   2  43  32  13  26  26  31   0  39   0   0   8  28   0   0   0   7   0   0  32  12  31   0   1  50  43   0   0
  21   7  32   0   0   0   0   0  15   0   0  36  29   0   0   0  26  50   0  14   0  45  11   0   0   0  44   0   4   0
   0  19  22   0  42   0  16  34   0  45   0   0   2   0   6   0  22   1   0   0  27  34   0   0   0   0   0  33  39
  36  16   0   0   0  16  12   3  44   0   0   0  41   0  14   0   0   0   0   0   0   0   0  24   0  37   0  33
  10   0   0  29  44   0  45  19   0  33  25   0  48  23   6  27   0   0   0  34  42  12  26   0  39  20   0
  35   0  49   0   0   0   0  37   8  33  16   0  19   0   0  29  24  21   0  11  48   0   0   0  40   7
  37   0  35   0  18  32  44   6   0   0   0  31   0   0   0   0  28   0   0   0   0   0   0   0   0
  26  38  27   0   0  21  35   9   0  33   0   0   0   0   0   7   4   0  13   0  38   0  37  41
   0  35   0  18   0   0   0  35  19   0   0  24   8  10   0  18   0   0   0   0   3   0  14
   0   0   0   0   0  14  31   0   0   1  33   0  18  48   3   0   0   0   3  47  49   0
   0  15  31   2  18  28  22  31  46   0  50   6   0  12   0  50   0   0   0   0  20
   0  35  21   0   9   0   0   0   0  39  29  37  47   0   0  41   0  38   0   0
   0  20  14   0   0  19   0  16  28   0  37  40  41   0   0  27  50   0  41
  50   0   0   0   0   0   0   0   0   0   0  48  44   0   0   0   0   0
  44  18  33  47   0   0   0   9  33   0   0   0  49   0   0   0  17
   0  24   0   0  48   0  16   0  36   7  15   0  38  25   0  17
   0   0  36  18   0  33  21  13  27   0  11   3   6   0  46
  32   0   0  38   0   0  34   0   0   6   0  15   0   0
  15   0   0  23   8  17  46  45   0  16  33   0   0
  44   0   7   0  31  19   0   0   0  25   0   7
   0  36  34  50   5   0   0  39   0   0   0
   0  17  49   0  21  45  40  37  40   0
   0   0  11   0   0  27  22  28  23
  48  46   0  40   0  10   0   0
   0  46  30  50   0  18   0
  42  21  21   0  21  15
  47  44  12  46   0
   0   0  49  21
   0   0   0
  15  27
  48

 658
  20   9  10   6  10   9   4   2  15   9  17   9   5  16   5   9   8   3  21  18  22  11   7  16  11  14  18  19   2  15  24  19  22  10  19  11  20   5   5  12  13   7   7  10  23  16   8  25  18   5  22  16  20   7  23  16   3   8   6   5  19  23  23   5  19  12  25  10  10  10  12   3   8  10  21   2   5  18  21   3  22  22  25  23   8  24  14  17  22   3   3   8  13  13   5  24  22  25  17  20
