 100 
  34  35   0   0  49   0   0  35  15   0   0   0  44   0   8  32  17   0  34   5  32   7   0   0   0   1   8   0  22   0   0   0  20   0   0  44  20   0  35   0   4  24  49   0  46   0  15  34   0   0  22   0  19   0  45   0   0   0  12  33   4  28  43   0  38  33   0   0  33   4   0  13   0  37   0  28  40  15   2  38   0   9   0  12  17  19   0   0   1  46   0  43  46   0  22  23   0   0  40  22
  26   0  28   0   0  48  26  34   0   0  17   0  13  27   0   0   3  32   0   0   3   0  22   0   0  24   6   0   0   0   0  21   0  16  44   0   0  16  36  34  23  13  32   0  21  45   0   0   0  45   0  12  20  44  16   0   0   0   0   0   2   0  24   4   0   0  17  47   0   0   0  15  26  49   6  18   0  41  14  30  18  11   0   0   0   0  20   7   0   0  43   0   1   0   0  36   0  13   9
  48  21  17   9   0   0  43  24  23   0  49  37  29  26   0   0   0  46  25   0  10   5  46  16  49  26   0  29   0   0  37   0   0   0   0  48   0   0   0   3  24  24   0  47   0   0  23   0   0   0   0  49   0  41   0   0   0   0   0  46   0   0  42   0   0  35  21  20  20   0  27  15  36  34   0   0   0   0  39   7   0   0   0   0  26   0   0   3  10  12  27   0  10   2   0   0   0  27
  32   5   0  38  16  10   0   0  46   0   0   5  39   5   0  21   0   0  29   2   9   0  26  13  17  27   0  22  10   0   0   2   0  40  50  45  39  46  16  14   0   0   0   0  50  10   0  41   0   0  45   0   0   0   0   0   0  35   9  27  24   0   0   0   0  47   0  13   0   0   0   0  39   0   0   0  45  17  30  50   0  41   0   0   4   0   0  19   0   0  50  39   0  27   0  41  22
   0   0   0  22  17   0   0   0   3   0   6   5  27  15  46   9   0   0   1   0  14   0   0   0   0   5  11  15   0   0   0  19   0   0   0   0  22  20   0   0  41   0  39   0   0  48   0   0  17   0   4   0   0   0   0   0  23  17  34   4   0   0  21   0  30   4   0   0   0   0   0   0   0  29   0   0  14   0  42   0   0  17  46   0  31  50  33   0  32  19   0   0  18  12  10  17
   0   0   0  10  10  35  35  50   8   0   0   0   0   0   0  34  42   5  37   0   0  25   0   0   0   0   0  37  46   3   0   0   3  27  31  43  15   0   0   7   0  29  46   0   0   0   0   2  37   0  38   2   0   0   0  50  34  31   0   0   0   5   0  37  32   3  18   0  15  50  46   0   0  49  46   0   0   0   0  23   0  25   0  50  12   0   0   6   8  13   0  33  45  32  27
  29  31   0   1   1   0   0  43  36   0  19   0   0  34   3  42   0   0  44   0   0   0   0   3   0   0  42   0  16  11   0  22   0   0   0  43   0   0  28   7  31   0  47  12   0  43   0  19  46  23  36   0   0   0  49   0   0   2  36   0  46  43  37   0   1  11  18   0  33   0   0   0  14  46   0  21  38  43   4   0   0  46   0   9   0   0  38   0   0   0   0   5   0  30
   0   0  13   0   0   8  46  39   7  38  35  23   0   0   0  19  17  18   2   0  20  39  15  12   0   0  21  42   0   0   0   0  12  14   8  47  14  33  47   3   4   0   0  46   0  19   0  20  22  29  30  49   0   0   0   0   0  30  21  31   0   0  11   0  25  43   0  47  19   0  44   0   0  46   0   0  42   0   0  23   0  46  11  36  41   0   0  39  44   0   0  20   0
   0   0  42  10  24   0   0   0   0   8   0   0   0   0  29   4  34   0   0   0  17   0   0   0  25   0   4   9   8   0   0   0  31   0   0   0   0   0   0   0   0  48  31   0   0   0   0  36  45   0   0   0   0  33  17   0   0  25  27   0   0   6   3   0   0   0   0   0   0   0  27   0  24  45  37   4  14  34  35   0   0   0   0   0   9   0   0   0   0   0   7   9
  10   7  40   3  41   0  49  48   0  23  33   0  14   0   0   0  49  27   0  16   1   0   0   0  10  28  44  32   0   0  44   0  37   0   5   0   0   0   1   0   7  28   0   0   0   0  12  10   0  19   0   0   9   0   0  35  41  40   0  24  41   0  39   0   0   0   7   0   0  16   0  45   0   0   0   0   0  20  34   0  17  31   0   0   0  37  15   1   0   7  22
   0  30  40  11  10   0   0   0   0   0   3  30   8   8  26  47   0   0   0   0   0  40  36   0   0  27   0   7  17  25   0   0  23   0   0  13   0   0   0  20   0   0   0   0  50  20  24   0   0  39   0   0  45  31  15   0  46   0  37  16   0  28   0  23   0   0  21   0   0   0   0   0   0   4  18  16   0  48   0   0   0  32  19  46  38   0   0   0   0   0
  31  45   0   0  22   0  33  13   0   0   0   1   0   0  23   3   0   0   0   0  24   2  25   0   0  35   0  48  14   0   0   9  35  39   0  40   0  33   0   2  39   0   6  38   0   0   0   0  38   0   0   3   0  27   0  37  42  23  30   7   0   0  12   9   0  37   0   0   0  18   0   0   0  19  40   0  13   2  40  19   0   0   0  39   0   0   0   5   0
   0  18   0  16   5   0   0  17   0  26   0  31   0  10   6  38   0  20   0  15   0  39  48  22   0   0   0  47   0   0   0  46  36  27   0   3  11  33   0   6  39  27   9  18  44   5   0   0   0   0   0   0   0   0   0   0   0   9  15   0   0   0   0  40  32   0  12   0   0   0   0  23  41   7   5   8   0   2  29   0   8   0  21  17   0   0  49   0
  10  37  22  45   0   5   0  34   7  24   0   0  49  13  24   0   0  38   0   0   0  49  23  32   0   4   0  33   0  34   9   0   0  19  30  39   0  36   0   0   0   0  47  29  14   0  47  46   0   0  37   0  27  40  26   0   0  49  36   0   8  40  40   0   0  31   4  43   7  25  32   0   0   0   0   0   0  10   0  45   0  30  34   0   0  38   0
  43   0  28  41   2  48  47   0   0   0   0   0  17   0  26   0   0   0   0   0   0  31  42  43  14  18   0   0  47   0  46   0   0   0   0  50   0   0   0   0   0  15   0  43   0   0   0   0  42   0   0   0  35   0   0   4   0   0  41  36   0  44  18   0   0   0   9  29  11   0   0  47   0   0  35   0  36  46   0   9   0   0   0  38   0   0
   0   0   0   0   0  11   7   0  13   0   0  16   0   0  26   0  42   0   0  24  48   5   3   0   0  41   0   0   0  24   0  47   0   0  11  32   3   0   0   6  43  39   0   0   0   1   4  28  46   0   0   0  32  28  45   0   0  47  23   0   0  33   0   0  47   0  34  39   0   0  38   0   0   0   0   0   0  16  41   5  30   0  48   0  24
   0   0  48  38   0  29   8   0  17  23   0   0   0   0  43  14   0   0  31   0   0   1   0   8   0   0  46  30  25   0  20  31   0   0  19   0   0   0   3  27  25  21   0   0   0   0   0  50   0  39   0  27   0  22   0  17   0   0  20   5   0   5  31   0  27  16   0  21  34  49   5  14   3   0  30  24  29   0   0  42   0   0   0   0
  20   0  31  11   9   0   0   0   0  39   0   0   0  25   0   0  22   0   0   0  35   0   0  47   0  10   0   0   0   0  50  44  18   0   0  36   0   1   0   0   0  32   0  38  12  20   0  38  31   0  17   0   4   0  41  26  33   0  37   0   7  46  24   0   0   0   9   0  22  13  22  39   0   0  13   4   0   0   0   0  29   0  29
  24   0   0   0  38  39   0   0  11  32   0  45   0   0   0   0  30   0  18   4   0   0   8  44   0   0   0   0  47  19   0   0  28   0   0  47   0  14  42   0   0   2   0   9   0   9   0   0  25  15   5   0   0  31  50   0  22  24   0  44  50   0   0   0   0   0  38   0  35  33   0  13  41   0   0   0  40   0  10   0  32  34
  24   0   0  37   3   0   0  28   5   0  16   0  18   0   0  26  41   0   0   0   0  29  32  29   0   0   0  16  30  42   0  32  35   0   0   0   0   6   4  14   0   0   3  31  36   1  37  18   9   0  45   0  25   0   0   0  17   0  35   0  16   0  15  27  45  48  10   0  47  41   0  12  17   0   8   0   0   0   0   0   0
   0   0   0  35  48   0   0  29  31   0  40   0  18   0   0   0   0  10  48   0   0   0  36   0   3   2   0   0  27  24  38  35  14   6   0   0  44   0   0   0   0  40  25   0   0  23   0   0   6   9  46   0   0   0   6  37  44   4   0   0   0  21  12   0  47   0   7  19   0   0  21   0  43   0   0   0   0   0   0  17
  44   0   0  38   0   0   0   0  16  18  18   0   0   0   0   0   0  50  21   0   0  30   0  47   0   0  47   0   0  45   0   0   0   0  14   0  48   0   0  40   0   0  30  18   0  38  16  35   0   0   0   7   0   0  42   0   0   0  29   0   0   0  50   0   0  45   0  23   0  46   0   0  46  49   0   0  20   0   1
   0   0  37  22  44   0  29   0   5   0  16   0   0   2   0   0   0   8   0   0  38  35   8   0   0  41   0   0   2  26   0  21   0   0  50   0   0  44   0  23   0  29  22  13   0  10  32   0  19   0  31  22   0  11  29  46  18  20   0  39   0  34   0  15   0   9  24  47   0   0   0  26   0   0   0   0   0   0
   0   0   0   0  13   0   0  13   0   0   9   0   0  43  21   9   0  38  12  30   0  28  44   8  24  19   0   0  28  47   0  33   0   0   0   0  45   8  23   0  40   0   1   0   5  17  18   0  31   0  26  10   0   0  25  32   0   9   0   0   0  22  45   0   0   0   0  26   0   0   0  36   0   0   0  48  16
  47   0  21   0  12   3   0   0  22   0  46   0   0  49  46  35  12   0  11  11  12   4   6   7   0   0   0  14   0   0   0  22  31   0   2   0   0  41   0  38  46   0   4  13   0   0   0   0  33   0  43   0  42  11   0  42   0  38   0   0   0   0   0   0   0  27  16   0   9   0   0   2   0  22  22   0
   0  48  50   0   0   0   0   4  22  29  41   0   0   0   0  20  41  17  11   4   2   0   0   0   4   0  24   0   0   2  11   0   0  26   0   0   7   0   0   0  17   0   0   0   0  44  23   0   0   0   0  11  40   9   0  15  41   0  49  19  48   0  46   0   0   0   0   7  37  23  44   0  28   4   6
   0  29  25   0   0  40   0  39  21   0  30   0   0   0   0   0   0  11   0   2   0  25   0   0   0  23   0   0   0  34  39   0  45   0  31   0  32   0   0   0   0   0  33   0   0  23   0  17  26  19  15   0   4  15  12  38  13  30  31   0  42  41   0   0  49  43   0  43   0   0   0   0   0   0
   0   0  10  13  22   0   0  31   0  20  11   0   1  24  20   0  33  19  41  13   0  14   0   0  42   0  45  48  41   0   0  16   0   8   0   0   0   0  33   0  49   0   0  37  20   0   0   0  14  49  15   0  29   7   0   3   0   0   0   0  36  31   0   0   0  13   0   0   0  39  27   0   0
  46   0   0  12  43   0   0  44  38   0  47  15  25   0  43   0   0   0  41  47   0  49   0   0   0   0  47  46   0   0   0   0   5   0  45  48  23  30   0   0   0   0   0  28   0   0   0  18  39   0   0  40  50   0  29   0  13   0  36   0   0   0   0  15  42   0   0  32   0  21   0  23
   0   0  48   0  35   0  40  30   0   0  26   0  45  41   0   0  40   0  28   0   5  46  25  48   0  11   0  43   0  49  43  11   0  24  27   0  33   0   0   0   0   0  16   0   0   0  23  45   6   0   0  44   0  43   0   0  13   0   0   0  25   0   0   0   0   0  35   0  13   0   0
  13   0   0  33   0   4  21   0   0   0  45   0  17  19   0  41   0  48   0   0   0  49   2  21  45   0   0   0  22   0  10  31  47  32   8   3  45   0  46   0  15   0   0  32  22  10   0   0  21   0  20   0   0  42   0   5  36   0   3  40  49  16  40  45   0   0  37   3   0   7
   0  14  28   0  35   8   0  47   7  36  20  42   0   0   0   0   0   0   0   0  39   0  22   6  50  16   0   0  13   0  36   1   0   0  43  28   0   8   0  29  42  38  29  13   0   0   0   0   0   0   5   0   0   0  29  50   0  24   9  10  31   0   0   0  39   5   0   0   0
   0  12  30   0  30  28  28   0  37   0   0  15  33   0   0   0  37  24   0  27   0   0   0   0   0   0   0   5   0   0   6   0  27   0   0   0  47   0  40  10   0   0   0  24   0   0   0   0   0   0   0   0  19  40  12  41   0  27   0   0   0  11  35  23  29   0   0  43
   0   0  14  50   0  15   0   0   0  50   0   0   0  23   0  30   0  11  31   0   0   0   0   0  24   0   0   0   0   0  48  22   0   0  43   0  36   2   0   0  44  16  20  22   0   0   0  16   0   3   0   0   0   0   0  40   0  34   1  31   0   0  21  33   9  44  23
   6   0  15  11  11   0  26   0  36  35   4   0   0   0   0   0  19  39   0  19  41   0   0  43   0  19   0  43  27   0  36   0   0   0  26  21  43   0  45  18  44  36   0   8  34   0  18  29   0   0   0  12  42  21   0   0   0   0  43   0   0   0  28  26  19   0
   0   0   3  32  40  23  13   0  28  33  24  25  46  50  23   0  48   0   0   0   0   0   0  32  43  28   3   0   0   0   0  38   0  33  24   0   5   0   0   0  19   0  37  37   0  25  37  41  35  33   0  48   6   0  37   3   0   0   0  34  39   0  15   0   0
   0   7  42   0  22   0   0   0   4   0   0   0   0  20  11  45   0   0   0   0   2   0   0  20   0   0   0  27   3   0   0   0   0  24  20  50   2  46   0   0  25  25   0  24   0  16   0  40   0   0   0   4   0  42  18  37  34  23  33  14   0  19   0   0
  38  24  36   0  42   0   0  37  28   0   0   0  18  47   0   0   0   0   0   0  12  47  45  35  41  50   0  43  36   0   0   0  16  20   0  50   0   0   0  48   0   0   0   0   0   0  38   0  23  44   0   0   3   0   0  33  42  13   0  46  34  28   0
   0   0   4  43  32   0  41  15  25   0   0   0   7  17   0  16  48  50  17   0   0   0  17  26  35   0  11   1  38   5   0   0  26   0  33   0   0   0   0   0  32  29  48  35  26   0  49   0   0   0   0  19   5   0  46   0   0   0   0  14   0   0
   0  16   0   0  38   0  18   0  43   0   0   0  37  38  45   0  45   0   0   0   0   0   0  26  41   0   0   0   7   7  16  28   0   0   0   0   0  32   0  42  48   0   0  19  21   0  20  17   0  15   0   0   0  50   0   0  25  16   0  49  15
  16   0  30  41   0  38   0   0  17   0   0  35  22   0  36   0   0  33  31  39   0  13   0  37   0   0   0  19   0   0  31   0   0   0  24   0  13   1  11   0   1  42   0   0  32  22  25   0   0   0   0   8   6   0  14   0  35   8   0  28
   0  18  36  22  32   9  20  17   0  11  33  41   0   0  44   0   0  30  49   0   0  18   0  25   2  20   0  44   0   8  31  34  48   0   0   0   0   0   0   0   6  25  25   0   3  36   0   0   0  20  38  40   0  29   0   8   0  27  21
   2   0   0   0  40   0   0   0   0  36  48   0   9  47  29  28   0  30  36   0  10   0   4  35  38   7   0  16   9   0   0   0   9  45  19  20   8   0   0  39   1   0   0  44   0  47   0   0  11   0   0  34   0  20   0   1  19  45
  42   0   0   0   2   0  21   0  34   0  17  22  19  13   0  16  16  24  39   6  36   0  44  15  23   4  11  33   0  13   0  35   7   0   6  45   0   0   0   0   0   0  17  44  35  39   0  32   0  35   0  10   0   0   0   0   0
   0  18   0   0  41   0  20   0   6  43   0   4   8  24   0  48   2   0  50   9   0  10   0   0   0  15   6  45   0  38   0  22  50   0  50   0  35   4   0   0   0  10  30   3   0  24   4  29   6   0   0  10   0  48  25   0
   0   0  19   0  37   0   0  22  19  20  18   6  23  25  30  23   0   1   1   0   0   0   0  29  36   0  25  24   0  36   8   0   0  23   0   0   0  40  21   9  25  40  39   0  17   0   0  22   0   0   0   2   0   0   0
  34   2  49   0  49   0  45  42   0   0   0  40   0   0  42   0  35   0   0  11   0   0   0   0   0   0  15  30   0  11   0   0   0  49  13  18  11  19   0  47  22  45   0   0  22   0  47   0   0   0   0   0  14   0
   0   0  44   9  10   0   0   0  44   8   0  26  16  47   0   0   0  20  44  24   0   0   0  22  38  31   0  33   8  30   0   0   0   0  45  19  38   6   0  25   0  16  50   0   0   0   2  20  29  28  24   0  10
   0   0  21   0  46   8  44  18   0   2   0   0   0  13   0   0   0  37  30   0  16   3  11  37  15   0   0  41   8   0   0  38   0  45   0  26   0   0   0   0   0  13   0   0   0   0  10  49   0   0   0   0
  21   0  48   0   0   0  39  12   0   0   0  17   2   0   0   0  48  29   0   0  10   7  28   0   0  40   0  27  42   0  29   0  18  33  15  14   0   0   1   0   0   0   0  11   0   0  14  50   0   0   0
  38   0  15   0   0  36  32  15  49  39   0   2  11  22   0   0  23   0   0   8   0   0  47   0   0   0   0  29  47   0   0   0   0   0  42   0  30   0  31  28   0  45   7   0   0  35   0  39  31   0
   5   0  14   0   0   0   0  48  12  12   1   0   4  23   0   9  24  36  46  43   0  22   0   0  20   0   0   0   0   0   0  44   2  20   7  38   0   0   0  48   0   3  34   7   0   0   0   0  19
   6  45   0   0   0   0   0   0  45   0   0   0   0  33   0   0   0  30   0   0  35   0   0   6  46   0   0   0   0   0   0   0   0   8   0   0   5  31   0   0   0   0   0   0  39   9  33  19
  12   4   0   0  33  43   0  13   0   0   0   0   0   0   0   0   0   0   0   0   0   4   6  23   0   0  25  14  48   0  43  44   0  27   0  45   0   0   0   0   0   0  50  46   0   0   2
   0   0   0   0   0  35  44   0  44   0   0   0  44  30   0   0   0  11   0   0   0   0   0   0  46   0   0   0  32   0   0   0   0   0   0  21   0  16   5   0  12  42  22   0   0  35
   0   0   0  40  27  37  45   0  28   0   4   3  23  10   0   0   0  31   0   0   0   0  19  20   0   0  23  32  11   0   0   0   0   0  47  20   0   6  23  13  19   0  33   9   0
   0  20  38  21  39   0  38  24   0  33  30  35   0   0   0  10   0   0  16  10   0   7   0   0   5   0   0  48  28  43   0   0   0  11   0  19   0   0   0   0   0   8   0   4
   0  47  45  31   0   0   0   0   0  38  22   0   0  39   0   0   0   0  13   0  10   0   0   0   0  43   0  22  39   0   0  11   0  32   0   0   0  16  47   0  24   0  18
   9   0   0   0   0   0  29  36   8  29  16   0   0   0   0   0   0   0  13  13   0   0   9   0  24  20   0   0  49  19  46   0  25  41   0   0  40   0   0  15  26  18
   0   0  10   0   0   0   0   0   0   0   0   0  13   0  25  41  17   2   0   4   0  38   0  48   0   0   0   9   0  18  45  44   0  38   9   0  16   0   0   0   0
   0   0   0  36   0   0   0   0   0   0   0   0  11  42  22   0  12   0   0   0   0  21  40  33   0   0  20   0  19  23   0  25   0  11  50   0   0   0  19  45
  17  24  42   0   0   0   0   9   0   0   0  36   0   2   0   0   0   0  31   0   0   0  45  43   0   0  34  15   0  25  18   0   0   6  49   1   0  48   0
  26   0   0   0   0   0  40   0   6   0  18   0   0   0  11   0  17   2   0   0   0   0   0   0   0  39   8   0  32   0   0   0   0   0   0  36   0  42
   0   0  46  19  32  10   0  47  30  19   0   0   0   0   0  25  14   0   0  27  27  23  16  25   0   0  31  49  36   0   0   0  18   0   0  30   0
   0   0  44  50   8  24   0  43  30  17   0   0  39   0  29   8   0  45  18   0   0   1  14   0   2   0   0   0  28  31  49  23  46   0  27   0
  41   0   0   0  33  33   0   0  10   0   0  41   0   0   0  34   0   8   0  28   0  40  13   0   0  34   0   0  17   0  17   0   0  47   0
   6   0   0   0   5   0   0   0   0   0   2   9   0  20   0  22  18   0  25   0   0   4   1   0   0  45   0   9   0  42   6   0  42  34
  45   0   3  37   0   0   0   2   0   0  27   0   0   1   0   0  20  30   0  21   0  34   0   0  45  47  36  34   0  24   0   0   0
   0   0  41   0  10   0  11  38   0   0   0   0   0   0  41  26   0  49  26   0   0  37  30   0  40   5   8  11  23  11   0  46
  40   6  25  38   0   8  44   0  29   0  33   7   0  50  34   0  48   0   0   0  48  36   0   0   0  19   8   0   0  26   0
  35   5   0  36   0   0  13  10   0   0  41   0   0  18   1  30   6  22  37   0   0  28   0   0   0  30   0   8   0   0
  22   0   4  46  38  20   5   0  11  25   0  34   0  45  45   0  17   6   0   0   0   0   0  34  20   8   0   0  32
   0   0   0  23  30   0  13   6   0   4   0  37   0  20   0  35  24  24   0   0  16  24   0  19  26  42   4  49
   0  30   4   0  38  33   0   0   0  32   0   0   6  12   0  50   0   4  21   0   0   0  38   0   0   0   0
   0   0   0   0   0   0  47   0  38   0   0  16  41  43   0   0   0  45  36  47   0   0   0  18   0   0
  43   0  23  32  40  38   0  46   0   0   8   0   0  25   0   0  35   0   6  45   0  33  41  11  46
   0  48   0   0   0   0  24   0  11   0   0   4   0   0   0   0  18   0   0   0  18  31   0   2
   0   0  36  43  39  23   0   0  23   0   0   6  31   0  27   0  23   0   0  21  12  19   0
  32   0   0  18   0   0   0  21  28   4   9   6   0   6  41   0   0   0   5  41  32   0
   0  35   0  35  26  16   4   0  32   0   0   7   9   0   0   0  34  24   0   9   8
   0   0   0   0   0  41  31   0  50  19   0  37  49   9   0   0   0  50  50   0
   2  28   0   0   0  48   0  44   0  48  22  41   5  34   0   2  35  45  37
  45   0  46  15  42  27   0   0  37   0   0   6   0  19  22  39   0   0
  20  29   0   0   0   0   0  47   0   0   1  26   0   0   0   0   7
  41   0   0   2  46  22   6   4   6  10   0  44  34  36  34   0
   0  11   2  35   5  15   0   0   0   0  29   0   0   0   0
  43   0  37   0   0   0   0  31  17   0  15   0   1   0
  36  26  13   0  12   8  26  10  23   0   0   0   0
  37  27   9   0  14   0  17   3  32  39  48   0
  29   2   0   0  25   0  10   0  38   0   0
   4  20   0   0  28   0   0   0   0  46
   3  34   0  10  36   0   0  15   0
   0  42   0   0  11  23  11  39
   0   0   3  18   0  31  25
  34   0   4   3   1  33
   0   0   0  33  16
   0  41   6  39
   0   0   0
  38   1
   0

 754
   7   5  24  20   6  18   4   8  24  17   7  16  24  18   9  13   8  18  18  11   3   6  22   5   7   5  13  25   5   4   3  17  23  10  12  12  21  17   8  22  19  23   6  13   4  10  13   4   6  23   2  10  16   1  17   7  18  19   7  20   8  25  16  13  10  24   1   8   5  16   5  23  10  24  25   7   6   2  16  15  13   8  20  19  13  12  21  13  22   8  10  21  11  19  23  24   1  12  24  11
