 100 
  29  18  40  40   5  13  16  17  31  21  34   4  34  30  17  32   5  46  35  37  28   3  39  39  10  21  25  42  42  33  15  12  13  14  41   6  43  28  23  17  17  50  38  10  27  37  34  22  48  37  21  20  19  13  14   2   7  48  40  12  22  42  30   4  47  30  21  11  10  22  40   5  43  15  15  21  10   2  40  18  33  46  49  29  28  21   1  30   4  44  35  41  33  10  10   1   9  12  42  38
  43  16   6  22  10  28  22  19  31  41  19  50  15  42  15   1  11  32   7  44  16  43  27  21   7  18  37   6  41   2  35  30   8   9  41  13  42  11   6  28  46  28  42  18  19  24  35  26  40  13  27  21  12  25  28  41  31  19   9  21   1  25  25  10  24  47  18  37  50  27  10  50  11  16  12  34  30   8  40  26   7  23  10  50  25  35   2   9  16  37  42  43  37   7  31  37  27  35  18
  42  47  11  13  27  16  12   1  43  16  13  47  36   6  37  18  30  23  17  38  41  13  34   4  31  15  13   2  33   3   7  38  12  34  25  22  27  25  36  16   5  42  30  38  42  32  26  44  33  37  30   7   9   3  28  18  10  46  31  44   5  42  34  23   8  29  22   1  22  23  50  22  28  33   7   7  19  43  35  32  11   2  48  21  32  17  42  15  24  26  49  24  35  17  48  18  49  38
  12   8  26   1  23  10  20  28   2  23  18   7   4  16  40  48  31   8   1   4   5  13  40  10  47  17  45  40   9  39  13  12  27   5   4  49  19  13  47   3  26   2   9  41  31  21  24  45   8  44  20   1  48  18  22  11  11  42   6  46  36  45  41  27   6  40   3   2  22  25  49  22  27  28   8  40  20  24  43  34  25  28  16  46  23  20  25  12  39  41  14  33  42  50   6  45  32
  47  40  34  42  12  11  22  13  16   3  32  24  36   5   8  21   5  23  25   4   4   1  34   6  44  48  48  17  23  10  32  14  41  36  29  11  42  25  14  19   2  34  32  49   8  14  39  27  13   6  26  45  32  40  24  27  18  35  18  37   7   1  32  46   2  25  38  24  12  28  33  15  46  22  13  31  35  47  41  17  48  41  19  41  32   3  24  12  25  46  25   6  34  48  44  20
  23   9  13  17  11  39  23  29  49  36  15  45  43  20  41   9  32  30  37  20  24   3  40  50  43  28  39   9  30  29  36  46   3  32   9  29  36  19  48  50   8  19  33  40  29  46  24  14   5  46   1  33  26  43  15   3  30  39  41  45  48  32  17   4   3  37  35  28  30  50  18  10  37  21  47  36  21  26  34  11  48   6  48  40   5  45  28  22  21  45  35  18  30  25  12
  47  19  26  28  32  32  23  13  14   5  49  30  38  17   4  24   4  44  17   9  26  12  15  27  35  46  13  44  34  13  13  49  25  28  41  11  45  10  49  26   5  10  40  23  32  41   6  42  46   6  13  35  45   4  24  22   5  48  29  37  50   8  25  15  44  15  22  48  50  39   2  50  22  34  27  40   1   6  31  45  49  15  30   7  16  30  36  23   2  40  40   5  25  31
  17  49  20  16  27  19  16  43  11   1  16  36   7  43   3  22   3  46   9  31   1   7  33  22  35  28  14  29  30  26  33   6  29  44  38  12  20  27  32   4  31  47  36   3  19  42  47  42  25  29   5  38   7  50   7   9  26   2  45  48  19  38  37  14  33  28  28  13  39  49  24   2  19  34  50  42   7  35  44  41  47  32   2  48   5  43  36   8  22  12  16  45  34
   9  19  24   1  36  19   4  11  13  32  27  36  16  21  33  47   4  19   8  12  47  25  25  20  10  47  17  46  12  44  39   2  45  42   1   3   4   4  34   9   5  22   8  11  20   6  33  20   9  38  25  26  16  29  12  19  37   4  11  22  13   4   6  32  43   9  50  45   4   1  36   6  20  30  37   3  13  42  27  21  14  23  28   7   6  21  31  50  43  17  21  46
  41  23  42  50  36  16  26  38  43  48  24  45  11  25  27  13  12  17  11  16  40  36  39  16   1  37  16  26  15  35   4  40  14  29  30   5  14   4  40  17  13  29   5  44  42  23   8   7  24   3  10  15   3  16  49   9  40  15  37  44  32   7  14   9  44  17   6  25  27  25  33  22  17  23  25  32  27  48  37  16   5  14  18  37  29  31  17  35   7  22  28
  38  48   9  21   7  13  44   2  34  46  45  19  29  13  36  22  12  46  49  18  29  39  46  24  41  36  13  41   2  44  26  30  45  26  27  49  11   5  16  29   5  22  42  35  18  43   5  28  12   7  14  38  14  32  40   3  38  16   6  14   5  28  39  50  18  32  30  23  13  12  26  33  13  32  42  48   9  26   1  49  44  11  43   9   7  46   6  28  30  15
  43  21   9  27  46  43  49  29  33  19  29   2  28  40   4  37  44  41   4  22  33  31  18  33  40  23  18  35   7  14  15  18  10  12  25  44  50  21  27  21  17   4  29  13  19   6  15  41  18  14  48  22  10  37   2   8  23  18  21  23   7  20  16  11  10  50  13  36  17  15  26  24  33  49   6  29   4  47   2  27  42  47  21  15  34  28  34  38  33
  41   6  36  49  37  32  26  24  30  38  34  44  45  46  23  38   8  10  41  39  20  24  11  10   6   8  37   8  37  43  18  50  23  15  18  34   7  24  42  12  24  36  29  29   2  27  28  27  46  12  44  17  16  49   8  34  44  19  29  44  33  21  26  46  40  42  50  23  15  16  43  15  44  49  26  10  10   4  42  31  12  13  14  50  22  18  34  27
  15  20  22   8   5  22  45  31  14   5  23  21  45  50  31   7  24  18  15  45   7  16  34  17  39  25  17  22  32  50  34  23  14  28  49  22  26  18  34  18  43  32   5   9   9  30  34  28  43  23  43  25  50  17  37  28  44  26  18   8  46  16  13  24  26   2  27   8   9   1  44   2  34   1  48  39  39  49  41  33  33  27  11   8  48  34  14
  19  45   8  47  11  17  32  33  49  31  27   1  43   7   8   9  19  21   2  32  17  17   7  24  17  21  15  36  43  16  30  14   6  33  34  11   2  12  36   6   1  26  36  25   1  40   3  32  11   3  33  26  46  17  42  35  50  24   6  24  49   5   5  34  18   9  17  22   2   1   4  36  37  22   3  49   7  29  36  15  45  41  33  44  42  16
   4  16   3  31  34   4  25  28  28  26  21  49  40  46  35  18  29  22  22  46  27   1  31  31  30  13  48  21   1  26  35   1  34  27  29  14  34  46  50  30  16   1  32  36  37  47  10   4  10  17  17   9  13   7  50   2  41  49  28  48  47  30  30  11  30   7  14  19  30   4  48  25  19   3   7   1  33  25  39  42   4  26   3  23   8
  38  44   8   6  25  37  31  40  32   9  37  33  49   4  36  38  47  28  22  36  28  38  36  38  31  26  41  50  22   5  32  17  43  36   5  31  12  20  37  26   6  36  33   2  24  41  28  30  36  40  46  28  36  34  50  16  14  30  22   4   4  18  35   8  48  42  35  40  35  14  49  38  47  49  25  16  40  25   1  19  44  41  49  13
  49  43  23   3  44  12  10  32  33  10  29  35  41  43  33   9  14   6   5  43  16  29  35  12  40  42  13  25  24   4  27  23  21  19   7  10  14  43  15   3  36  31  48  27  48  39  16  12  18  44  16   7   8   9  32  44  42  23  12  17  23  13  18   2   8  13  40  33  17  11  22   5  18   2  44  34  12   2   5  36  33   1   5
  33  32  21  27  42  28  40  47  26  43  16  24   5  10  11  46  37  27  35  19  17   4  39  26  19   8   5  36  42  17  22  25  23  13  33  25  44  15  42  13  37  20  27  10  36   4  21   7  11  34  34  26  47   3  50  19  35  16  38  48  25  19   9  13  35  25  40  44  21  39  44   1  39  17  29  27  50   8   1  13  11  33
  34  46  48   8  42  40  34  11  43  39   5  20   5  17   7  37  44  13   6  17  13  11  40   1  12  11  48  34  11  31  25   1  22  13  35  22  19   3  22  32  37  18  22  22  49  34  31  22  27  16  34   5  20   6  48  46  19  26  20  22   3  27  34  10  40   1   5  33  31  32   2  31  11  37   8  27  32   5   6   5  38
  19  42  48   2  28  14  37  36  13  44  31  49  36  33   3  15   8   7  35  22  41  24  48  16   8  28  15  32   2  12  49  17  27  29  33  46  26  47  16  27  19  18  49   2  47  33  27  39  49   2  46  44  18   2  11  36   9  11  50   7  28  19  39  46  36  28   8  35  18  19  35   8   9   5  33  42   8  40   6  30
  13   9  44  21  39  28  41   7  33  25  45  50   9  29  42   3  18  44  41  10  49   1   3  25  24  12  39   2   4  17   1   7  46  32   1  23  16  33  45   1  36  13  10  27  40  31  19  17  48  36  15  35  49  40  45  30  19  12  49   8  40  39   6   7  15  35  19  32  28   5  36  22  27  46  11  26   2  37  31
   5   2  13  31   3  31  48   1  35  17  23   4  20  39   4  23  38  24  24  12   1  46  41  47  20  18   2  11  17  18  46  19  23  20  22  23  49  32  29  48  44  27  42  34  22  40  46  43  30  13  37   5  24   5   9  43  11  12  48  36   6   3  48  48  16  14  36   4  12   6   6  46  27  13  41  20  43  20
   8   7  12  31   8  16  45  11  25  44   3  35  31  13  50  31  47  12  29  24  26  33  20  20  19  46  11  12  27  13  13   2   1  12   2   4  45  31  23   2  39  21  31  27  20  34  22  10  32  44  50  31  30  11  25  35  30   2   4  35  50  45  30  45  13   4   4  50  27   9  47  26  44  13  41  13   6
   2  43   3  31  15  24  45  38  12  15   3  12  28   2  48  44  23  28  38  47   2  37  38   3  15  24  44   2  11  36  46   8  32  40   9   6  13   2  24  30  31   8  28   8  10  25   2  34   2   5   3   7  50  37  25  10  29  47   8   7  31  37  15  11  15  43   3  43   1  48  10   2  32  29  48  34
  11  35  47  44   2  43  38  32  13  19  38  15  38  21   3  36  14   5  48  14  12  39  25  22  47   2  34  13  47  28  18  11   4  46  34   4  15  28  10  23  13  48  36   4  30  12  25  40  21  45  11  47   4  38  28   1  16  34  50   3  48   6  48  22   9   3  14  48  39  13  45   9  24   4   6
  30   7  39   6  34  23   2  24  46   8   3  13  24  42  37  31  19  19   1  16  38  10  42  44  46  21  34  45  32  45   4  11  41  48  37   5  25  16   3  26  18  20  33  46  13   6  15  36  39  40  32  43  36   5  38   1   8   7  31  29  35   3  47  12   5  34  37  32  18  43  48  48   9   1
  35  21  45  27  36  19  17  32  13  26  36   9   4   7   3  25  38  24  16  40  28   4  42   5   7  11  14  10  50  47  37  32   4  30  44  41  22  18  32  47  46  41  22   8  32  11   4   5  34  43  43  20   9   9  14   7  42  18  29  33   3  22   4   9  32  22  30  26   3  23   8  31  16
  42  13   5  40  19  24  38  27  45  34  46  27  37  46   8  41  20  15  37  28  31  41  45   1  49  20  41  22  46  11  42   7   4  24  31  18   9  12  11   8  35  47  20   5  28   5  38  36  30  34  14  27  12  20  15  30  39   5  22  28  18  50  15  17  23  12   6  12  42   9  26  23
   1  12  36   5  34  26  18  17  15  11  11  35  19  16  30  15  49  31  16   5  14   7  48  36  32  30  18  43  35   4  31  42  43  48  38  22  17   6   9  41  38  33  43  40  27  18  44  42  10   7   9  37  40  20  16  30  25  34  49  41  26   2  45   8   9   9   7  19  30  22  37
  24  27  28  12  45  14  30  48  26   9  44  23   7  31  20  11  10  48  20   8  31  45  39  50   1  26  38  33  28  43  34  36  41  38  18  33  22  24   5  17  40  47  48  14  27  11   5  43  21  36  27  47  48   5   8  38  42  47  40  37   6  23  19  14  27  37  50  47   1  23
  39  42  12  47  43   1  46  25  20  49  13  35  40  36  34  44   8  34  40  48  39  24  12  28  38  12  50  17  14  13  27  44   3  13  47  46  12   7  15  13  14  47  29  23  37  31  17  21  49  29  47  44  34   3   4  15  47   3  24  48  28  38   5   2  36  38  37   9  14
  38  40  36  45  11   9  50  45  41  49  39  37  14  39  17   3  41  45  43  35  17  43  36  34   9   1  34  42   8  43  24  31  45  23   3  46  14  34  25  16  14  42  41   8  13  40   7  10   7  29  15  34   1  30  15  11  38  26  20   6  36  41  43  19  19   7   2  28
   9  14  15  27  25  21  48   4  44  21  19  27  16  37  35  23  39  46  23  10   3  16  39  14   7  49  20  24  38   1  23   9  48  29  47  39  15  10   4  18  42  50  49  35   7  27  46  15  27  32   3  31   6  15  32  21  18  40   8   1   6  19   7  21  29   2   4
  19   6  10  42   1  35  15  40  30  44  41  43  23   6   5  37  50  43  42   6   7   4  26   8  22  41  24  11  24  33  15  20  46  38  50  11  18  24  34  10  41   7   2   9  44   7  43  50   3  10  35   5  34  39  50  48  48   8  35  44  13  17  47  24  17   3
  12  25  30   1  31  13   6  17  32  22   1  22  26   4  16  36  29  47  47  22  34  44  49  43  27  14   4  23  24  41  44   9  10  32  50  44  37   6   8   9   8  39  15  34  45  47  32  45  14  17  10  26  15  27  24  23  36  47  38  18  42  30  14  47  17
  37  44  49  18  45  37  33  11  21  39  35  14  27   1  26  50  15  47  12   4  35   3  48  38  21   6  25   9  22  43  15  10  31   1  47  40   5  48  24  32  27  13  35  48  41   1  31  18  14  14  30  45  36  44  19  14   1  36  24  42   1  37  41   3
  11   8  48  30  23  39   6  21  39  24  48  15  25  48   3  20   6  45  17  19   3  20  26  21   5  13  17  33  47  16  15  26  20  48  45  28  11  22   9  21  39  46  14  23  46  37   2  30   2  47  40  25  10  27  21  13  46  48  48  12  48  17  47
  40   6  39  36  36  38   7  37  19  20   7  32  28  12  22  40   6  23  47  38  46  26  33  31  10   3  47  21  28  20  24  36  23  42  25  32  32  14  35  33  30  14  15  22   9  48  10   9  11  19  26  47  29   3  17  30  42  31   9   6  10  41
  18  13  29   5  49  34  41  46  10  35   4   4  10   5  31  11  23  30  28  27  22  48  49   2  31  17  47  46  32  50  29  46  44   3  40   1  16   1  47   4  41   6  18   9  38  22  30  32  31  20   3   7  50  29  24  28  49  39  50  37  36
  20  22  11   3  10   3  18   5  27  24  48  46  25  32   4  15  35  23  31  26  50  14  15  14   4  45  10  42   1  26  15  31   4  11  50  40  47  41  21  23  15  20  25  33  23  47  38  30  26  24   6  34  24  41  26  29  49  40   9  16
   1  42  35  41  42  46  45   3  30  44  25  39  14  25   4  12   6  13   1  23  15  39   7  32  37  39  38  29  12   5   7  16  33  44  30  40   3  39  44  44  46  36  40  37  39  49  11  12  34  47  28  35   6  46  11   2  45  16   4
  36   3   8  12  15  29  32  25  20  44  23   3  38  12  10  33  47   4  40  48  25  18  30  40  24  45  37  20  47  20  28  31  30  22  29  32  15  10  18   4   9  37  39  10  40  43   2  18  27   4  12  24  16  45   6  35  25  25
   6  12  10  35  25  28   4  46  21   6  34  47  13  28  19  24  16  45  42  24  14  50   5  48  29  13   8  25  38  16   6  13   7  46  46  16  11  48  20  38  13  14  17  36  50  40   1  37  39   5  34  50   2  33  36  43  23
  37  28  30  47  22  36  41  22   6  11  24   7  43  19   2  39  33  31  40  14  42   1  33  15  41  28  15  12  49  26  13  20  43  43  39  29  41  49  37  42  21  21  33  44  49  26  11   5  32  32  33   7  34  24  36  30
  18  38   4   4   9  17  42  29  38  42  49  25  14  26  17   2  11  14  20   2  21  36  46  40  26  13  20  48  39  38  49  26  20  42  34  15  31   1  37   4   4   5  25   6  10  50  10  44  16   8   8  16  30  15  19
  16  48  46  11  43  12  45   8   2   4   7  30  17   5  47  24  18  28  36  10  14  44  31  46   3   6  43   3  27   8  42  11   3  35  35  48  34   4  34   4  32   5  42   6  21  46  41  48  33   4   6   7  24  35
   3  38  26   9  36  48  31   2  40  22  11  42  46  39  40  41  16  33  48   2  33  28  20   7  16   3  32  32  46   7  22   9  16  50  20  12   1  23  29  46  19   3  32  19  40  17  32  31   7  22   7  11  25
  34  10  50   2  27  34  28  35   4  38  18  24  40  39  26  45  42  15  38  10  11  44  24  37  20   5  21  38  29  14  17  37  24  13   1  14  44  12  22  18  47  17  49  32  43   6  12  28  22  43  18  24
  26   8  20  12  28  44  24  34  45  18  11  44  27   5  35  23  26  26  16  37  34  30  17  26  15  40  42  28  44  37  13  13   9  22   1  20  47  27  45  42  24  48   3  50   3  38   9  39  46  42  34
  49  50   7  18  50  46  48   9  35  42  24  11  47  48  18  20  22  19   5  23  35   9  21  14  19  49  27  22  12  49  10  36  20  50   2  24   9  20  49  37  19   4  43   3  28  24   6   7   5  47
   6  40  34   2  15  24  34  10   6  41  39  50   1  50  22   9   4  46  25  30  38  18  42  44   7  30  20   9  19   7  36   4   4  26  33  14  32  42  35  33  19  40  22  41  43  34   8  10  31
  37  15   1  36  45  23  26   4   6  10  27  16  44  31  11  15  18  36   3  22  18   7  42  35  18   8   5  40  49   2  21   6   9  37  42  17  40   6  36  17  10  13  14   8  42  48  44   6
  32  42  41  40  12  24  20  48   2   3  28  27  49  35  11  39  35  45  31   9  28  31  23  29  36  50  18   3  26  26  46  33  36  15  41  31  14  31  48  30  20  36  17  35  10   9  25
   3  44  38  26  31  21  34   5  40  25  35   3   2  26  47  13   8  27  26  27  16  35  24  12  29  46  47   8  31  17  44  38  42  26  37  33   9   8  28  49  23   9   6   7  21   3
   8  21  33  10  20  48  25  19  36  39  18   6  41  38   4  35  31  15  23  22  38  49  33  31   2  10   8  10  33  48  29  16  17  19  32  28  33  30  39  32  17  37   1  20   1
  23  36  22  38  44  16  18   7  47   7  43  32  41  24   9  13  37  27   2  26  22  22   4  46  25  50  34  25  29  43  29  37  41  49  29  19  29  43  35  11  45   7  36  24
  20  44  39  38  42  47  35  39  28   1  12  50   3  30  36  47  24   7   3   5   8  40  13  19  27  19  41  29  39  39  28  32  17   7  38  41  37   4  34  10  10  49  44
  42  42  21  27  15  33   1  28  48  26  21   2  31  44  46  15  14  39  28   7   8  11  37   1   4  15  41  38  16   2  32   1  26  49  35   9  36  33   9  15  20  24
  20  12  42  22   2   2  48  50  14  27  21  22  38  28  42   2  23  26   1  33  18  17  35  28  17  24  15  21  19  43  43  16  29   7  25  20  13  34  43  28  28
   1  21  16  10  50  22  49  19  40  10  35  11  20  22  47  32  30  30  20   2  50   6   6  30  14   9  15  13  38   7   2  15  24  10   3  15  27  28  12  16
  16  19  13  12  31  39   6  14  30  29  37  38  16   4  48  22   7  16   7   5   3  36  13   8  42  20  20  18  10  41  46  37   6  43  25   7  23  27  47
  40  16  22  24  49  10  46  11  37  44   4  17  27   8   7  40  15  12  13  11   5  35  10   8  37  21  16  13  46  24  19  11  27  43  41  24  19  12
  13  40  38  16  44  33  26   1   6   7  24  18   9   9  38  23   5  17  35  26  29  35  21  30  32  46  33  47  26  44  48  10  14   9  29  37  15
  34  26  46  42  44  12  47   2  50  44  38   5  40   8  49   5  47   2   5  21  40  33  23  44  25  33   6  37  11  44  45  34  16  43   8  26
  25  48   7  50  20   7  25  45  39  11  37  18  27  21  21  36  41  17  21   1  18   9  18  32  21   8  31   2  28   3  23  42   3  43  50
  22  20  42  32  42  17   4  11  36  31  21  47  49  49   2  21   7  30  12  18  39   5  45  44   5  30  26   6  17  47  14  27  20  12
  20  45   7   8  12  39   6  29  25   3  45   9  28   2  26  43  24   7  33  22   9  48  36  37  30  47  42  17  18  14  34  34  27
   6   2  18   3  38  40   7  35  22  43  24  10  27  29  14  35  27   7  48  44   9  13  32   7  40  39  45  10  32  32   6  31
  19  30  40  12   1  45  47  46   2  22  26   3  41  35  12  38  29  13  10  46   4   2  31  41  26   4  45  40  10  22  32
  27  12   8  20  23  12  29   4  20   3  36  28  20   1   7  25  18  16  17  31  38   4  11   7  29  30   7   5  43  41
   9  21  44  36  43  22  21  16  13   5  46  24  44   2  45  32  45  46  17  17  24  10  33  33  45  15   3  45   1
  47  48  33  33  47  39   7  33  31  24  26  12  23   8  22  28  47  27  41   8   7  21  16  18  18  41  28  13
   9  28  31  18  18   4  35  16   2  39   4  15  29   4  39   2  19  35   2  18  44  35  18  46  12   3  20
   2  44  41  21  43  38  18  15  48  16  39  49  45  25  39  29  42  50  50  37  47  15  34  33  19  12
  31  14  13  16  40  25  31  40  39  15  31  25  19   3  50  12  48  11  14  46   2   7  33  21   3
  37  30  41   2  50   6  14  48  48  49  30  49  27  14  13  13  27   5   2   8  24  16  17  41
  21  10  24  49   4   3  27  49  10  34  36  29  21  50   3  50  22   2  41  36  43  37   9
   1  39  48  31   2  28  30   3  40  18  32  14  13   2  32   9  21  38  49  18  22  29
  31  45  24   9  23  46  22  11  34  27  30   7  47  12  29  24  14  22  28   8  22
  26  23  17  17  14  47  42  18  10  42  43  19  12  50  23  15  30  35  36  48
  40  38  15  46  36  43  24   7  20  44  31   1  15  38  32  35   2  19   1
  10  19   5   5  27  45   8  45  19   7  30  39   5  38  37  38  23  14
   4   8  16   4   8  15   6  36  10  19   3  33  37   2  14  39  29
  33   5  40   5  21  18  18  26  37  47  46  37   1  24  33  48
  16  30  47  12  33  26  36   6   5  27   1  34  16  24  23
  34  45  30  13   1  20  44  46  33  15   9  11   4  36
  37  48  20  24  25  31   8  29  35  40  46  27  43
  35  29  23  24  11   1  10  37  15   7  23  40
  40  21   6   4  28  31  49  30   2  10  28
  41  24   5  47  14  42  11  23  33  14
  36  33   3  47  36  24  10  10  39
  27  11   8   9  41  21  41  41
  22  30  22  13  38   1  48
  46  38  39  30  12  20
   5  10  44  42  17
  47  12  14  20
  40  14  37
  38  18
  29

 1022
   9   9  21  22   4   5   4  23  20  24  23   6  10  16  15  21   8   7   9   9   8   6   8   4   3   8  24  23   6  15   4   4   3  17  18   2  20  16  12  21  22   6   4   1  18  25  13  13  12  21   7   7   8  22  14   6  21   5   8  24  21  15  23  19   6  21  22  21  17  17  25   6   6  16  16   5  21  11  14   3  12   3   9   1  25  25  16  22  24  11   7   9   9  23   4  13  19  15   6  21

