 100 
  29   0  34   0   0   0  26  45  27  36   0  31  26   0   0  49   0   0  45   0   0   0   0   0   0  23   0  18   0   0   9   0   0  22   0  41  42   0  12   0   0   0   0   0  18   1   5  28  37  16  26   0  40   0   0   0  48   5   0   0   0  38   5   0  23   0  50  12  40   0  11   0  18  11  25  22  38  38  37  34  35  47   0  47   7  18   0   0  28   6   8   0  33   0  16   2   0   0   0  16
   7   0  42   0  40  34   0  48   0   0   2  37   0  49  39  41   0   8  39   0  48   0  14  28   4   0   0  42   0   0  29  32  49  36  13   8   8   0   0  10   5   5   0  14  43  32   0   0   5   0  27   0  17   0   0   0   0   0   0   0   0   0   0  26  34   5   0  12   0  48  50   5  31  49   4   0   0   0   0  27   0  27   0  44  38   0  26   0   0   0  13   0  29   0   1   0  46   0  49
  12   0   2  27   0   0   0  33   0   0   0   0   0   0  26  27  43   0   0  49  19  43  40   0   2   0   0   0   0  47  21   6  21   0  10  18  29   0  15   0   0   0   0   0  39   0   0   3  28  15  38   0  18   0  27   0   0   0   0  50   0   0  26  18   0   0  10   0  10  15   0   6  11  40   0   2   0  34  10   0   0   0  42   0   6  16   0   0  44   0  28   0  12   0  25   0  32   0
   1   0   0  50  26   0   0   0   0   7   0  45  21   0  37   0   0  49  18   0  41  43  33  26   0  47   0  30  24   0   0   0   0   1  48  15   0   0   0   0  48   0   0   0   9  48   0  23  49  44   0  32  36   0  44  32  37   0   0  14  22  28   0  31   5  22   5  34   4  20   0   1   0   0  22   6  28   0   0   0   0  27  50  43  42   0   5  47   0  46   0   0   0   0   0  32   0
  14  21   0  40   0  11  21   0  19   0  50  40  16   0  32  18  36   0   0   4   0   0  14   0  28   0   0  33  23   0  34   2   0   0  22   7   0  42  49  19  47  31   0   8   8   0  34  14  33  40  13  28  27   0  46   0   8   0   0   0   0   0  41  34   0   0  27   0  45  22  25  35   0  29  43   0   0  24  48  16  36  11  22   0   0  32  35   0   0  13   0   0  32   0   0   0
  14   5   8  22  16   0   0   0  42  29   1   7   0   4   0   0   0  10  43   0  37  33  14   0   0  47   0  15   4  23   0   4  40   0  32   0  41   0   2  19   0   0   0  30  33   0  27  45   6   0   0   0   0   0   0   0   0   0   0  14  12   0  40  12   0  17   0   0   0  19  28   5  23   8   0   0   0  48  26  23   0   0   0   0   5   0   4  33   0   8   0  20  13   8   0
   0   0  36   0   0  19  27  45  19  22  48   0   0   0   0   0  34   0   0   0  19  42   0   0   0   0   0  24   0   3   0  36  39  25   0   0  29  31  11   0   0  38  26   4   0  19   0   0  50  10   0   0  43   0  28   0  25   0   0   0  19  43  34  34   0  13  20   0  35  29   0   7   5   0   0  33   0   0  10   0  32  45   0  29   0   0  44  40   0  43  23   1   3   0
  46   0  17   0  13   0   0   0   2   0  30   0  24   0  11  41   0  29   3   0  25  14  34   0   0  38  16  17   0   0   0  42   0   0   0   0   6   0   0  33  35  27  17   0  19  36   4   0   1   0   0   8   0   0  20   0   0  23   0   0  28  13  27  15  39   0   3   0   0   8  14   0  28   0   0   7   0   3   0  33  47  23   0  41  18   0   0  17  32  28   0  16   0
   0   0   0   0  44  18  48   0  10   0   0   0  37  45   0  11  34  31   0   7   0  23   0   0   0  16   0   0  10  19   0   0   0   0   0  36  10   0  44   5  10  41  48   0   0   0   0   0  21   0  29  30   0  27   0   0  27   0  11   0  48   0   0   0  29  20  39   0  33  34  49   0   0  43  33  28  42   0   0   0   0  44   0  45   0   0  21  44   0  40  16   0
   2   0   0  20  30   3   0   0   0  11  36   2   0  43  19   0   0  43  45   0  35   0   0   0  37  30  15  37  22  46  10  43   1   0  32   0   0  36  22  30  23   0  20   0   0  35   0   0   0   0   0   0  16   0  43   0  28  29   0  35  24   0   0   0   0   1   0  10  11   0   0  24  48   0  16  16  47   0  30   8  44   9   2  14   0   0  31  17   0   0   0
   0  23   0   9  21   0   9   0  10  21  31   9   0  45   0   0  50   4   0  36   0  38   0  29  40   0  29   0  48   8  46   0   1  49   0  48   0   0  40   8   0   0   1   0  48  32  30  28   0  48   0  22   0   0   0   0   0   0   0  48   0   0  35   0  50  49   0  37   0   0  35  30  40   0   0   0   0   0  14   0  25  39  43   0  36   0   0   0   0   0
  18   0  18  11   0  40  19   0   0  23   0  40   0   0   0  45   0   0   0   9   0   0   0   0  45   0   0  18  21  26   0  24  38   2  32  26   0   0   5   0  39   0   0   0   0   0   0   0  23   0  33  40   0  36   0   0   0   0  39   0   0  21   0  42   0  25   0   0  48   0   0  33  18   0   0   2   0   0   0  15  37  28   0   0  27   0   0   4   0
  46  18   0   0  23   1   0  10   0  36   0   0   0  23  23   0   0   0   0  22  33   0   0  39  49   0   0   0  45   0  13   4  48   0   0   0  38   0   0  20  36   8   0   0   0   0  41   0  41  33   0  38  50  30   0   0   0   0   0   0   0   0  17   0   0   0  25   0   0   0  46   0   0  15  29   0   0   0  48   0   0  44  30   0   8   0   1   0
   0   0  25   0   0  27   0  22   0  39   0   0   2   0   0   0  48   0   0   0   0   0   0   0   0   0  11   0  40   0  29   0  46   0   0  41   0  33   0   0   0  34  12   0  31  28   7   0  14  45   9   0  46   0   0   3  28   5  29  15   0   0  44  17   4   0   5  36  15   0  43  12  25  40  17  35   0  43  12   0  35  14   0  17  33  20   0
   0   0  29  27  28  46   0  49  34  19  21  36  29   0   0  44  31   0   0  27   0   9  41  39  22   0   0  36   0  44   0  10  21  30   0  12   0   0   3  23   0   0   0   0   3  42   0   0  11   3  40  15  30   5   0  15  45  23  16  12   0  21  36  31  32   0  46   0   0   0  29   0   0   0  25  48  26   0   0   6   0  19   0  20   0  27
   0   0  28   0   0   0  31  46  12   0   4   0  15  37   0   0   0  46   0  37  24   0  17   0   0   0   0   0   0  37   0  25   0   0  34   0   0   0   0  39  26  22   0   0   0   0  33   0   0  44   0  28  46   0   0   0  25   2   0   0   8  50  15   0  13   0   3  21  40   0   8   0  17   0  17  34   0   0   0   0   0   0  42  15   0
   4  39   1  22   0  13  43  18  39   0   0  40  18   3  37   0  48  42   0  10   6  38   0   0  18   0   0   6   0  14  24   3   0   0   0   0  25   0  44   0   0  10   0   0  22   9   0  20  17   0   0   0   2  20  44   0   0   0   0   0  32  47  23  24   0   0   0  12  31  20  19  35   1  28   1   0   0   0  17   4   0  30   8   0
  30  38   0   8   0  36   0  45   0   0   0   2  40  26  27   0  33  45  31  29   0   0   0   7   9   0  38   0  21   0   0   0   0   0   0  42  48   0   0   6   0   0   0   0   0  14   0  43  22   0   0   0   0   0  35  23   0   0  18   0   0  36   0   0   0  34   0   7  45  16   0   0   9   0  32   0   0  40   3   6  46   0   0
  10   1   0  47   0  37   0  17   0  41   0   6   0   0   0   0   0  25  42   6   4   0  18   0  11   0   8  48   0   0   0   0  23   0   0   0  26   0   0   7   6   3  18  34  26   0   5  16   0   0  37   0   0   0  22   0  40  20   0   0   0   0   1   2   0  31   0  12  19  38  39   0   0   0  30  48   0   0  43  37   0  15
   0  35  29   0   0   0  28  13  11  30  37   0  11  31   0   0   7   0  28  18   9   0   0  19  18   0   0   0   1   0  36   1   0   0   0   7  29  33   0   0   0  25   0   0  50   0   0  23   0  12   5   6  41   0   0   0   0  36  32  11  21   8  27  29   0   0  20   0  24   0   0  46   2   2   0   0   0  17  20   0  15
   0   0   0   0  46   0   0  28   1   0  21   4   0  27  40   0   0   0  45   0  14   0   2   4   0  46  33   0  45   0   0  41   0   0  23  35   2  33   0  29  19   0  12   0   0   0   0   0  23  30  50  27   0  26   0  35   0   0   0   0   0  24  11   0   8  16   0   0   0   0   0  42  44   0   6   0  10  45  16   4
   0  22   0   0   0   0   0   0   3   0   0   0   0  31   0  13  22   0   0   0  32  23  28   0   0   0  24  35  38  22  34  12   0  31   2   0  34   0  14   0   0  47  33   0   3  28  20  18   0   8  44   2  30   0   0   0   0  11  42  13   1   0   0   0  13  44  26  32   5   9  42   0   0   0  47  49   0  43   0
  44  27  35   0  29   0   0  34  26   7  22   0  32   0  18   0   0   0   0   0  36   0   0  27   0  12  42  36  23   8  35   5   0   0  38  24   0   0  20  15  12   0  26   0   0   0   0  13  46  14   9   8   0  37   0   0  18  19   6   0   0   0  24  29  29   0   9   0   0   0   0   0   0   0  16   0  24   0
  28   0  31  38   0   0   0   0   0   0   0   0  43  20  11   0   0  35  42   0   0  24  30  13   0   0   0   0  42  46   0   0   0   0   0   0   0   0   0  45   0   0  14   0  20  29   0   0   0   6  10  30  24  34   0   0   0   0   0   0  25   0   0   0  10   0   7  35   0  39  33  14   0   0   0   7   0
   0  37   0  20   0   0  33  11   0  19   0   3   0   0   0  44  27   0  40   0  36   0   0   0  47   0  11   0  13  15  14   7   0  16  32  35   0   7   0   4  46   0   0  33   0  23   0   0  40   0   0  22  34   0  42   0  48   0  49   8  32   8   0   0   0  37  11   0   0  38  47   0   4   0   0   0
  38  28   0   0   0  42   0  25   0   0  38   0  26   0  26   0   0   0   0  40  30   5   0   0   0  43  23  26  46  49  16   0   0  46   0  17  24   0   0  10  45  48  17   0   0  46   0   0  31  23  33   0  28  39  21  50   7   0  30  47   0   0  17   0  35   0   0   0   0  27   0   0   0  20  20
  50   0   0   0   8   0  22  44  50   0  44  35  44  46   0   0   0  37  39   0   0   0   0   0  38  23   0   0   0   0   0  32   8   0   5   0   0  17   0   8   0   0   0   0  33   0   0   0   0  16  33   4  46  18  32  49   0  14   0   0   0  42   0   0   0   0   0   0   7   0  33   0   0  45
  12  25  19   0   6  11  18  23  43  34   0   0   0   0  46   0   0   0  19  12  16   0   0   0   0   0   0   0   0   0   4  20  45   0  37  34   5   0   0   2   9   0  39  46  19   0  17   0  36   0   1   0  32   0  31   2  50  18  22   0   0  10   0   0  42   0   0  31   0  44   0   9  25
   8   0   0  40   0   0  49  17   5   0  25  32   0   3  47  43   0  11  31  24   0  50   0  30  14   0  17   1   0  36  22  43   0   4   3  18  46  25   0   8   0   0   0  40   0  49   0  11  30   0   0   5  34   0  20   0  22   0   0  38  37  35   0   0   0  38  34   0   0  19   0   0
   0  14  45   9  33  20  17   0   0   0  43  35  27   0   0   0   0  12   0   8  49   0   0   5  20   0   0   6  35   2   0  15   0   0   0   0  34   0  35   0  38   0  42   0   0   0  15  20  47   0   7   0   0  41  43   0   2   0  49   0   0   0   0  32   0  27  20   0   0  35  26
   0   8  35  13   0   0   9  35   2  27  16  40   6  32  50   0  47   0   0   0  38  32   0   0  37   0   0   0   0  46   0  21   0  21   0   3   0  36   0   0  16  17   0   2   0  19   0   0   0   0   0   0  21   0   0  16   0  21  34  12   0  14  32   0  45   0   0  39  40   8
  26  16   0  33   0   0  39  40   7   0   0  23   1   0  35  19   0  20   0   0   7   7   0   0  31  22   5  14  28   1   0   0  43  12   0   0  14   0   0   0   3   0   0   0  24   0  35   0   0   7   0   5   0   0  14  17  18   0   0  38   0  11   0   0  21   0   0  29   0
   6  21   0  27  15   0  38   0   0  32  13  36   0  24  29  30   0   0  40  46   0  11   0   0  14   0  14   6   0   0  34  32   0  49  35   0   0   0   0   0   0   0   0  12  11  48   9  15  45   2  27  36  28   0   0   0   0   0   0  44  48   0  27  45   6   0  29   0
  45   2  36   0  38   0  11   0  28   0   0  15   0  35  15  11   0   0   0   0   5  30  45   0   0   0  24  15   0   0   3  31   0   0   0  19   0   0   0   0  40   0   0   0  39  45   4  41   0  29   8  40   8  45   0   2   0  14  20   0   0  16  18   0   7   0  43
   0   3  44   3   0  36   0   8   0  38   0  33   0   6  14   0   2  48   0   1  43   0   0  25   0   0   0   0   0   0   0   0   0  40   8  46   0  13   0   0   1   7   2   0   0   0  46  43   0  29   0  41  48  26   0   0   0  50   0  35   0  20   0   0  10   0
   7  42   8   0  46   0  48  25   0   0  38  29  13  25   2   0  33  22  26   0  28   0  13   0   0   3   0  37   0   0  18  46  17   0   0   0  47   0   0   0  30   0   0   0  18  50   5   0  45  28   8  12  32   6   0  30  20   0  21   0   0   0   0   4   0
   0  46  40   0  15  17   0   0  43   0   0   6  27   0  22  16   0   0  48   6   0  14  28  11  31   0   0   0   0  12   0   0   0   0   4   0  31   0   3   0   8   0   0   0   0   0   0   4   0   0  44   2  32   0   0   9   0   0   0   0  12   9  24  25
   0  27  11  16   0  48  19   0   0   0   0  22   0  47  45   0   0   0  16   4   0  20   0  16   4   0   0   0  18  36   0  39  23   0   0  16   0   0   0   0   0   0   0  28   0  21  40  42   0  28   8   0  10   0   0   6  49  19   0   0   0   9   7
   0  31  15   7   1   0   1  38  34   0   0  22   0  24   0  31  36   0  44  37   0  16   0   0   0   0   8   0   0  17  31  12  44   3   0   0  47   0   0  30   0  20   0  33  40  49  22  36   0   0   0  18  48   0  38  26   0   2  19  13  26   0
   0  22   0   0   0   0   0   0  50   0   0   0   0  32   0  22   0  44   0  33  47   0  27   0   0   0   0  45  50   0   0   2  30   0  19  19   0   1   0  13   0   4  11   0  25   0   0  48   0   0  36   0  46  22  32   4  47  25   0   0  29
   0   0   0  33   0   0   0  29  15  17   0   0  28  10   0   0   0   0  22  50   0   0   0  29  22   0   0   0  44   0   0   0   8   0   0   0  10   0   0  40  18   0   0   0  20   0  16  20   0   0   0   0   0  24   0  32   9   0   0  25
  43  21  39  21   0   0   0  14   0   0   0   4   0  35   0   0  48  41   6   0   0  17  33   0  17  19  27  38   0   0   0  27   0   0  34   0   8  28   0  16   0  36   0   0   0   0  26   0   0  22   9   0  33   0   2   6  24  11  40
  12  41  28   0   0   0   0  20   0  47  12  23   0   0   0   0   0  26   0  45   0  33   0  45   0   0   5  40  29  17  11   3   0  25   0   0   0  33  34   0   0   0  30   3   0  24   0  36   0  15   0  49  15   0   0  32   6   0
  35   0   0   0   0   0  45   0  32   4   0   0   3  35   9   0  28  24  27   0   0   0   0   0   0   5  22   0  16   0  23   0  29   5   0   0  42   0  46   0   0   0   1   0   0   0  16   0  14  25   8   0   0  24   0  45  24
   0  21   0   5  29  41   0  18   0  36  34  25  31   0   0  26  17  28  20   0   0   0   0   0  23   0  10  34   0  44   0   7  28   0   0  34   0   0   0   0  19   0  18   0   0   7   0   8   2   0   0   0  20  36   0  38
  36  21   0   0   0  37   0  29  28  30  14   0   9  20  32  35   0   4   0  20   0  36   2  34   0  14  27  36   0   0   5  11   0  46  43   0  30  25   8  22   0   9  39   0  44  11  26  45   0  27   4   0   0  13  16
  38   9   0   0  41   0  26  39   0   2  19   0   2  50  37   0   0  28  33   0  21   0   4  41   5   0   0  17  43  38   0   0   0  25  45   6  36  38   0   6  11  28  36   0   0  21  40  37  23  50  45  15  37   0
   0   0  33   0   0  20   0   0   1  12   0   0  40   0   7  50   0  18   0   0   3   0  44   0  36   0  50  16  24  30  26  39   0   0  47  22   0   0   0   0   0   0  18  42  17  49  42  39   0  19  32   0   0
   4  28   9   2  19  12   0  49  48  48  27  34  11   0   0  11   0   0  39   0   0   0   0   0   0   0  20  16  17   0  32  48   0   0  22   0  39  22   0  22   4   9  24  50   0   8   0  38  20  34   0   0
   0   0   0  10  18   0   0   0   0   0  10   1   0   0   0  15   0   0   0  41  21   8   0  39   0   0  11  12  12   0   1   0  49  14   7   0   0   0   0  16   9  13   0   0  36  27  13  34   0  28   0
  45   0  11   0  50   0   9  48  19  34   0   0  27   6   0  43  29   0   1   0   0   0  18   0   0   7   0  20   0   0   0   0  17   0  47   0   0   0   0  11   1  18   7   6   0   0   3   0  45  42
   0  25   0   0  49   0   0  43   3   0  17   0   0   0  26   2   7  32   0   0  40   0   0   0   0  29  47   4   0  41   0  25   0   1   0  12  20  12   0  34  44   0  47   0   0   0   0   0  32
   8  36  39  12   0   0  24  15   0   0   0   0  36   6   0   0   0   7  26  28   0  22   0  10  42  49   0  42  28   0   0   0  15   0  18  32  30   0   0   0   0  42   0   0  43   0   2  20
  47   0  48   0   0   0   1   0   0   0  39   0   0   0   2   0  50   0   0   0   0   0   0  20  15   1   0  28  12   0   0   0  46  44  14  43  21   0   0   0   0   7   0   0   0   0   0
   7   0  37   0   0   0  42  28   0   0   7  10   0  25   0   0   0   0   0   0   0  49  44  42   0  41  20  31  36   0  30   5   0   0  24   0   0   8   0   0  32  41  40   6   0   0
  13  34  11   0  26   0  45   0   0   0  36  33   0   0  33   0  12  10   0  28   0   0  18  32   0   0  23  43   0   3   0  12  35  11   0   0   0   0  38   0   0   0  47  37   0
  13   9   0   0  47   0   0  18  35   0  14   0  28   0   0  43   0  20   0   0   0   6  46   0   0  36  11   0   0   0  42   0   0   0   0   0  18   0  41  19  42  16  18  22
   0   0  19   0   0  16  47   0   0   0   0  10   0   0  11   1   0  22   0  19  10   0  39   0  29  45   0  42   0  29  41   0  29  19   6   0   0   0  35   0  50  22   0
  36  12  43   9  31   0   0   0   3  10   7  18   0  10   0   0   0  19   0   0  29   5  26   8  34   0   0   0   1   0   0   0   0  31   3  16   0   0   0  10  47  46
  32  25  42   0  24   0   0  48   0   0  36  24  36  16   0   8  14   6   0   0  40  48  29  48  41   0  43   0   0   1  20  43   0   0  19   0  28   0  48   0   0
   9   0   0   7  33   0   6  22   0   0   0  43  12   0   0  44  15   0  32   0  11   0   0   0   0   0  44   0  27   0  31  31   0  26   0   0   0   0  18   0
  23  26  12   0   9  11   0   0   8   0  16   0   0  49  16   0  21   9   0   0   1   0   0   0  19  39  40   3   0   0  33  49  17  43  26   5   0   0  46
  44   0  25  41   0   9   0  44   5   6  30   0   0   0   0   0   0   0   2   0  33   0  22  15  40   8  13  10   0   0   0   0  25  29   3   0   0   0
   9   0   0  35  48  21  42  50   0   0  30   0  18   0  27  13  33   0   0   0  39  18   0  47   0   8  38   0  49   0   2   0  15   0   6  14   1
   0  37  27   0   0   0   1   0  30  36   0   0   0   0  49  34   2   0   0   0  48   7  41   8   5   0   0   0   0  19   0  36  12  47   6  26
  19   0   0  19   0  13   0  28   0   0   0   0   0   0  49   0  25   2   0  37  17   0  19   0  33  42   0  40  23  14   4   0   5   0  48
   7  38   0   0   0  23  27  38  34  14   0  42   0   0  36   0  38  35  45   0  26  45  25  27  48  41   0  28   0  15   0   0  22  19
  43   0   0  43  32  17  27   0   0   0   4  20   0   0   0  50   0  15   0  47  22   0  18  28  19  20   0  49   0  23   0   0   0
   0  39  19  37  25  46   0   0   0   0  14   0  13  12   0   5   5   0   0  47  17   0   6   0   0   7   0   0  35   0  37   0
   0  22   0   0  45  42  22  30   0   0   0   0   0   0   0  50   5   0  42   0   0  20   0   0   0   8   0   0  13  47   0
  15  30   0   0   0   0   0   0   0   0   0   4   0   4   0   1  33   0   0   0   2   0   0  38   0  32  24   0   0   0
   0  34   0  11   0  12   0   8   0   8  10  12  25  22  14  24  39   0   0  20   7  18   0  36   0  32  11   0   0
   0  37   0   0   0   0  12   0   0   0  12   0   3  35   5   0  22  18  29   0  31  14   0  17   0   0   0  29
   0  48   0   4  43  36   0   0   3  12   5   9   0   0   0   0  43   0   0   0   0   0   0   9   0   0  44
  32   0  11  37   0  41  29   0  23   4   0   0   0   0  15   0  30   2  24  46   0  45   0  13   0   0
   0   0  38  13  26   0   0   0   0  47   0   0  41   0   0  10   0   0  30   4   0   0  25   0   0
   4   0  37   8   5   0  16  10   0  49  39   7   0  40   0  14   5   0   0   0   0   0   0   0
   2   0   0  26  50   0   0  13   0   0   0  41  32   0  38  20   0   0   0   0   0  33  42
  35   4   0  33   0  42   0   0  35   0  30  41   0  42   0  18  45  50  42   0   0   0
  41   0   0   0   0   0   0   9  41  44   0  24  14  11   0   0  30  15   0   0   0
  44  28  34   0  20  50   0  38  16   0  42   5   0  20  15  40  34  12  25  41
  32   0   0   0  45   0   0  38   0   0  42   8  16   0  41   0   0  29  16
   0   0  18  40   0   8   4   0   0   0   0  16   0   0  31  27   0  42
  13  36   0   2  34   0   0  32   0   0  31  27  38  37   0   0   0
  31  40  23  17  27  10  38   0  29   0   0   0   0   0   0   0
  19  50   0  30  14  41   0   0  12  44  10  20  26   0   0
   0  29   0  22   0  20  45   7   1   0  24  18   0   0
   0   0   1   0  35   0   0  17   0  11   0  37   0
  39  47  34   0   0   0  47   0  23   9   0  32
  46  10   0   0  32  17   0  48   0  19   6
   0  26  20   5   0   0  49  13  18  14
  45  31   0   0   2   0  13   0   0
   0   0   0   0   0  31   0   0
  47   0   0  39  18   0   0
   0   0  26   0  43  30
   0   0  27   0  23
   0  16  30  49
   0   0  35
   0  14
   0

 474
  17   6  20  15   7  24  20   6  23  10  22  19   3   1  23   8  25   1  20   2   3  17  11   8  19  24   8  19   6  19  10   2  21  17   5  14   1   6  15  23  10   4   6  14   1  18  14  23   3  23  17  16  24  11  13   3  17   5  21  24  10   9  16  19  24  12   6  13  14   6  19  11   7   8   6  23  23   5  20   8  12   1   9  18  20   1  23  20   6  10  12   7  16   3  12  13  13  21  19  21
