 100 
  21  44  34   6   1  31  30  33  11   1  12  36  28  12  49  48  15  12  45  35  20  25   3  11  18   7  43  44  24   5  29  46  19  16   5  28   3  24  15  19  21  38  46  18  39  29  46   6  18  25   3   6  17  31  16   2  43  30  18   2  32  16  28  50  27  30   1  41  16  14  18  15  35  31  19  11  50  20   6  32  15   8  13  33  26   1  29  46   4  28  39  13  29  26   2  35  21  32  22  32
  17  34  50  32  36  24  50  31  11  47  23   2   5  48  45  37  47  42  45  50  36  33   1   1  41  16  37  18  33  20  43  42  22  13  43  45  18  21  50   2  20  34  50  20  17  38  13  28  36  43  27   7   2  35  42  17  39   9  11  17  17  33  29   8  46  43  14  47  28  29  44   4  27  38  16  18  40   8  18  26  35  37   2   8  11  13  44  47  22   7  28  15  29  25  15   3  33   5  14
  22  23  39  15  17  22   4   9  31  42   1  43  22  44  33  10  12  23  47  30  33  25  32  18  15  45  11  28  15   5   9  26   6  48   9  42  47  31  34  32  15   4  50   2  48   8  28  26  13   9  34  31   7  49  50  32  30  30  35  20  29  50  36  27   6   1  30  37  44  43  28  12  26  37  29   7  25  23  17  48  31   4  42   7  14  19   4   1  46  44  27  16  45  17  50  10  11  36
  18   2  22  29  19  18  32  18  50  33  36  21  22  50  42  16  21   2  13  12  19  39   6  16  25   5   7  28  49  29  31  34  27  43  22  19  11  49   3  25  26  48  49  25   7  19  26  43  36  38  30   7  48  12  24  15  33  10  48  42  30  17  19  29  26  40  13  10  26   1  47  38  27  14  18   6  18  32  21  14  39  28  32  44  29  28  49  20  29  29   4  19  28  20  48  47  44
  15  50  32  36  22  31  40   5   8  15  34  46   8  13  10   1  23  21   5  50   8  37  44  48  40  40  50  29  49   6   6  32  35   2  37  15  26   3   4  43  38  44  14   7  34  14  37  11  25  12  16  35  20  38  38  45  46  19  18  19  27   3  32  48  18  11  20  50  36  40  19  33  10  48   7  43   7  23  25  35  34  43  15  33  16  23   4   8  25  44  27  34  38  48   4  22
  31   1  11   5  33  11  33  13  39  12   9  35  31  24  13  39  30  36  25   4  44  11  20  32  31   2  11  33  34   5   6  48   3  24  17   3  42   9  10  48  42  25   1  30  31  32  28   2   3  16  43  31  50  25  23   7  48   7  27  47  26  40  15  34  15  39  45  40  22  44  40  12   9   1  17  44  11  30  50  31  36  20  24  44  19  45  42  26  15  13  39  24  30  15  42
  33  41  38  42  22  24  15  15  22   9  43  44   6   3   8  20  46  32   3  43  38  48  47  17  45  38  41  30  24  23   3  41  35  36   1  47   1   6  33  50  21  10  48  13  16  17  50  48   2   8  45  11   5  32  50   4  25  38  47  21  32  30  31   5  42  45   8  16  22  21  40  22  28  50  19  34  23  44   1  43  31  49  36  23  46  40   4   5  30   4  18  31  33  43
  15   7  48   4  23   9  50  11   9  35  50  34  27   1  23  32   1  42   5  13  23  35  13  16  15  18  50  11  16  40   5  28  21  28  10  22  12   5  50  40   3  35  26   7  47  32  15  28  41  43  21  22  17  16   7  49  10  34  43  28  35  22   1  26  41   8   8  11  37  45   4  30  37  48  18  44  41  23  44  13  33  40  50   8  27  13   8  20  50  18  38  11   4
  47  37  44  25  32  29   4  31   9  44  33  24  32  23  47  33  24  23  38  26  27  49  35  48  50  19  13  32   6  18   3  40  13  14  19  27  24  34  14   7  23  24  40  19  22  38  37  26  45  34   3  22  22  23  34  35  17  16  13  20  17   6  34  10  17  41  28  47  12  41  40  38   2  44   5  27   3  34   3  33  14  35   8  43  30  15   5  10   9  45  47  28
  21  39  18  50  16  40  22   4  41  22  24  13  49  19  13  25  12  31  23  20  16  44  39  42  21   5  24   2  25  19  12   6  34  33   2   9  28  42  44  15   5  11  23  32  18   7  44   7  10  39  40  31  23  48  49  43  34  13  43  14   4   5  24  25  26   7  30  47  15  41   7  16  45  35  25  38   7  18   5   2  35  14  20  39  49  35  35   5   7  34  16
  34  12  31  31   3   7  44  10  30   6  47  23  39  19  46  30   6   4  21   6  41  35  30  32  35  24  23  45  28  34  34  38  33  36  13  45  31  29  44   9  23  26  22   7  24  43  17   8   8  21   4  36  46  34   6  19  10   8  34  22  37  36  19  24  40  50  12  29   1  22  20  25  45  24  12   6   1  16   7   5  30  31  11   9  27   6  12   2   8   1
  47  33  25  49  34   7   5  21   7  43   5  42   6  14  26  21  36  31  40  34  19  13   2  15  14  31  26  35   9  10  45  38  44  50   3   8  48   3  49  27  33  34   3   3   7  28  47  17  12   4  22  48  38  35  20  36  29  36   9   9  47  48  20  27  48  38  35  26  41  21  14  46  43   7  22  17   8  47  16  23   2  49   1  37  22  36  42  30  41
  19  34  24  23  11  24  38  40  20  20  30  46   7  12   7  32  32  34  19  43  40  40   7  30  12  46  47  32  33  27  36  12   5  39  30  24  45   6  48  46  38   6  27  37   4  17  42  21  40  40  30  49  16  49   4   8   4   9   5  10  21  21  12  20  44  30  44  23  27   8   5  45   4  33  22  40  22   6  24   7  36  35  46  42  12  10   2   5
  37   8  32  50  11  14   7  35  22   7  49  43  47  14   7   7  32  16  11  15  29   6  12   5  23  33  43  40   8  24  14  49  12  28  47   2   4  12  46  24  27   8  37  43  33  10  42  30  35  47  37  45  20  47  19  24  38   8  24  36  18  34  49  28  40  42   1  30  23  19  26  10  36  31  10   9  19  15  39  19  29   7  37  50  36  36  30
  45  23  46  15  19  47  44  47  35  41  29  23  33  33   8  47  49  49  10  14  15  49   9  32  17  41  43  42  35   6  36  24  32  41   8  19  28  44  18  46  29   8  18   7  35  38  15  14  49  19  49  34  38  23   4  11  42  14  22   2   9  45  11  14   8   9  27  50   8  37  32  28  47  12  43  27  25  49  44  33  31  39  47   4  16  36
  14  22  27  19  38  18   9  38  44  40  27  17  28   8  41  22  15   8   6  20  23   9  45  15  32  47  48  45  33  22   1  27   6   9  41   2  34  40  34  34  14  11  38  34  41   7  34  28  22  19   3  39   7  37  46  32  13  11  28   4  29  28  20  11  34  39   8  13  16  28   4  27  21   7  11  35   1  37  35   4   2  40  11   7   2
  14  32   6  44  39  13  11  38  24  15   9  15  25  28  42  28  45  24  10  12  34  20  12  18  27  26  17  38  46   1  26  23  27  22  33  49  34  12   1  24  32  14  15   8  12   1  12  14  22  38   8  26  42   6  34  42  28   8  26  46   2  48   7  26  14  34   5  12  43  32  33  12  19  37  25  12  24  15   1  45  30  31  25  15
  35   5  47  25   2  38  22  28  15   4  31  15  31   1  37  31  50  34  13  45  50  25  13  34  46  40  19  13   2  28  31  15   3  29  43   8  48  21  15  21  16  25  42  47  42   5  40  38  20   6   8  45  28  21  38  12  30  37  28  27  31  45  20  48   8  29  16  27  31   7  10   1  38  14  40  28  26  18  35  16  39  13  19
  41  34  25  11   4   4  16  35  24  29  36  46  27  40  37  38  21  31  11  47  47  42   3  32  35  26   5   4  14  19  46  11  27  49  25  33   2  31  16  11   1  24  39  18  30  40  25   7  23  40  12  12   5  31  50  43   9  46  20  14  15  23  43  45  27  31  40  22  37  31  40  31  41  19  41  33  20  34  49  41   5  15
  18  38   6  40  40   6  10  37   5  15  17  12   3  33   1  11  34  31   6   3  11   9  44  23  24  37  42  22  11  43  35  29  26   5  21  12  23   9   8   4  21  38   4  40  13  42  49  26  17  28  22  49  24  18  22  30  31  36  46   4  41  39  50   8  26  25  29  31  33  46  26  43  27  33  10  49  12  25  34   5  40
  33   4   4  48  20  24  35  22  29  40  29  13  24  37  45  37   2  39  11  20  43  18  50  44   4  16  33  34  28  40  23  23  21   9  33  36  26  21  32  19  19  42  29  14   1  37  25  33  25  46  20   6  16  50  31  44  19   9  26  15  44  15  39  20  14  48  40  37  40  33  21   8   3  35   7  32  34  40  10  14
  27   3  44  47  31  46   3  43  41  49  39  42  27   3  32  33  26   4  31  28  17  37  45  39  10  30  43  32  34  13   1  49  30  44  19  37  20  37  13  49  16  23  28  35  16  39   7  27   6  26  43  25  19  32  23  18   9  26  15   8  14  39  22  45  19  13   3  18  26  17  20  46  21  18   5  44  26  19   5
  43  20   9  13  23  17  10   9  17  33  43  16   2  43  22  27  10   4  36   8  41  40  23  25  50  26  18  11   9  14   2  29  37  40  26  43   1  30  49  34  46   3  10  40  50  20  10   5  34  41  17  45  26  35  25  15  23  20  50  38  32  41  20   6  44   8  26  26  12  50  12  30  43  17  25  24  29  50
  10  43  32  37  28  36   5  37  19  20  23  13  27  33  20  23  31   8  33  14  10  17  42  18  49  28  45  34  21  37  45   4   5  44  50  38  23  39  15  32  43  27  21  33  28   4  12  22   2  30   2  41  28  35  13  41  34  42  18  11  10  27  36  21  19   6  36  42  49  43   7  12  36   5   5   7  12
  16  23   3   5  11  24  11  16  38   5  31  46  24  28  22  24  43  24  32  41  42  47   8   3  11  34  14  22   3  26   2  22   6  36  13  28  21  30  16  48  23  38  40   8  24  29  30  26  34  21  21  11   2  41  27  32  19  41   8  49  29   7   9  33  15  35   7  39  39  30  42  36   8  21  42  42
  37   5  33  26  20  35  32   4   3  29  36  37  36   5  39  30  24  49  50  32  46  49  13  38  13  48  38  37   3   6  30  41  28   8  12  20  21  12  16  11  49   2  22   8  16  20   7  28  27  13  39  13  46  24   4  33  24  32  14  17  40  32  34   8  15  29  24  10  11   3  43   9  12  26  50
  14  27   3  16  40  35  14  34   8  50  31  47  16  34  19  33  25  23  39  14  24  16   8  10  48  15  18  35   6  11   8  45  37   8   7  27   7  36  19  26  46  44  41  10  25   2  17   6  43   8  10  21  44  15  46  27  42  23  19  39  17   7  29  32  33  22  39  40  26   3   6  14  49  31
  13  21  13   3  24   1  31  10  29   4  48   1  48   9  27  37  30  30  38  28  48  12  44  39  21  21  26   6  36  25   1  24  50  50  20  11  30   4  42   1  18  21   4  44  24  19  46  15  26   3  27   4  43   9  36  23  40  36  37  29  15  22   8  35   6  18  24  16  17   5  16  25   6
  38  33  23  36  49  36   6   9  47  24  26  47  49  48  32  11   8  11  45  16  39  29   1   7  17   6  15  18  48  29  32  15   8  42  43  46   5  44  39   8   3  47  38  35  40  45   4  24  48   8  40  47  38  26  33  30   3  27   2  26  50  20  13   1  31   8  38  38  48  15  30  25
  15   6  48  29  44  28  10  23  23  29  19  47  23  24  14  41  29  47  40  37  12  27  18  14  14  28  46  23  21  38  45  40  31  14  44  18  45  16   7  21  42   9  47  48  25  26  38  14  24  13  39  23  16  40  22   8   9  46  47  45  14  38  11  38  37  43   5  29  44   8  13
  50  17   6  44  41  14   4  10   2   9  16   5  49   9  20  39  24  14   8  30  47  39  29   8  39  36  26  29  44  33  44  32  41  32  20  45  42  30  11  47  34  29  38  34  13  39  33  27   9  46  19  37  28  17  38  38  48   7  44  35  30  21  27  26  13   1  38   9  35   3
  43   2  38  19  13  17  14  11  20  11   1  49  12  20  12  34  40  50  44  16  43   4  48  24  12   6  50  21  18  31   3   4   7   1   1  26  38  17  45  43  46   5  11  45  21   5  15  13   7  47  33  44  14   9  34  11   3  39  10  14  44  44  19  44  44  18  39  13  24
  26   2  12  27  43   9  36   9  37   1  25  41  34  11  49  11  27  31   5  17  23  29  30  44   3  39  16  46  40  41  14  41  27   3  29  12  14  42   9  46  40  30  13  30  35  36  45  34  19  23  49  30   7  48  33  43  28  22  44  14  20  47  41   1   5  27  20  20
  31  40  23  49   9  15  50  50  20   7   1  13   4  33  39  31  49  10  37  20  15  50   5  12  29  31  14  16  36  29  25   9   8   5   3  31  15  22  32  24  16   4  47  29  37   9  36   5  19   2  35  33  38  45  12  13   6  30  30   7  26  37  33  29   3  32  38
   7   6  34  18   1  11  17  28  10  10  15   5  27  20  27  47  40  31  44  38  17  50   8  36  40  23   2  35  16  21   9  40  42  22  38  21  50  38   8  14  15   7  36   9  16  11  45  20   7  30  23  33  26  37  36   8  28  40  11   8  27  15  43  40  15  15
   2  39   6  37   9  27  44  13  36  28   1  18   6   2  10   6  19  43  13  24  28  14  25   9  29   2  26   3  10   9  34  47  38  10  10  44  49   4  12  29  24   9  35  14  19  33   4  13  44   3   6  30  39  41  30   5   4  49  44  44  10  12  18  15   1
   1  50  27   8  49  31  41  13  25  25  41  16   3  15  20  14   1  45  16  14  39   1  38  36  25   8  13   3  40   1  17  14   9   5   3  32  13  12  10  18  37   9  33  46  41  39   5  42  42  22  14  11  16  32  35   6   1  32   8  14  35  43  35  33
  45  46  42   4  17  23  16   3   3   4   2  25  39  10  35  28  22  39  23  21   1  26  12  33  27  31  31  31   5  24  15  10   4  24  21   2  29  46   1  11  35   2  26  21  20  47   4  40  36  15  10   1  26  13  19  41  40  44  46  38   6  45  45
  10   8   9  18  14  40  25  45  45  24   7   6  32  14  14  12  26  13  33  50  12  10  11  43  40  11   1  15  50   8  30  46  49  38  29  12  16  28  29  19  22  38  33  34  49  18  34  17  31  29   2  49  43  11  13  12  10  43  39  24  50  17
  20   7  15  43  15  22   5  10  16  23   8  46  20  19  31   5   3  14  40  11  22  48  27  44  39  27   7  20  46  12  19  30  34  23  14  11  40   3  25  30  35  20  34  33   8   4  18  24  37  36  13   5  24  25  22  42  39  31  22  17  42
  40  16  41  25   4   9   8   5  11  10  26  20  43   8  36  45  25  31   9  30  38  16  35   6  40  49  10  34  19  44  35  15  40  25  34  46   5  49  45  19   3  14  29  21  23   9   4  50  22  28  18  24   6   9  40  29  17  44  17   8
  27  44  33  19  18  46  25  25  38   6   3  33   4  31  40   8  16  41  47  45  41  39   9  32   1   7  38  47  26  13  31  42  39  20  24  30  45  23  18  12   2  12  30   7  23  49  31  18  24  47  24  45  50  46  21  44  15  36  26
  44  29   6  12  25   7  14  37  20   4  19  25  36  44  24  13   9  34  38   2  31  26  36  22  14   5  27  10  39  24  12  23  30  26  47  34   3  48  48  40   5  31  49  32  24  15  18  10  13  20  50  30  10   1   4   1  43  11
   4  32  40  27  41  32  44   2  15  44  18  49  29  44  13  14  14  25  44  18  12  36  15  26  27  15  22   7  34  28  20  23   9  40  10  22  11  40   8  46  45  12  37  30  48   2  45  29  45  43  30  28  46  29  26  35  31
  21  34  30  11   6  34  13  44  50  45  24  29   1  13  18  29  37  11   8  12  14   7   9  43  37  38  25   8  29  30  49  18   5  29  45  37  11  13   9  16  43  15  35  24  17  20  41  19  34  44  11  17  28  12  40   4
  24  20  46  36  23  41  38  19  50  42  45  17  20  48   5  18   1  46  28  16  17  30  40  50  14  25  12  26  21  50  45   4  12  32  44  17   1  19  41  26  40  27  49  40   8  30  48  44  34  34  16  36  34   5  47
  32  42  16   9  41  16  41  26  42  14   9  36  33  47  41  40  14  30  46  20  34  38   5   6  19  20  31  19  19  28  34   5   3  13  49  22  50  40  28  14  36  17   2  24   1  40  13   8  27  38  32  11  32  47
  37  12  26  13  28  28  45  14  40  36  25  36  20   1  32  21  22  47  14  10  15   6  44   7  30  31  22  22  44  11  40   5  10   4   6  10  49  19   5   8  23  29   8  39  12  37   6  35  33  34  13  41  25
  46  36   6   4  25  12  48  37  16  28  38  26  14  31  38  29  12  47  28  26  43  34  30  17  18  39  11   2  21  36   9  33  28  31  17  24   4  38  10  12  11  11  37  24   9  14   2  40  36  31  10   4
  38  46  22   4  24   4  10  44  25  26  29  12   5  15  15   9  30  28  20  13  40  26  41  28  49  50  10  10   2  11   1  43  39  18  25  42   3  11  39  34  26  28  33  44  13  48  33  33   2  48  12
  19  20  35  30  46  24  42  13   3  46  24  39  35  26  14  42  18  11  37  25  29  29   7  16  17  49  33   4   2  45   2  42  32  34  28  26  31  30   9  11  39  50  33  25  14   4  44  27  47  27
  16  28  30  36  17  18  26   6   6  33  39   6  13  22  50  37   6   6  23   6  38  46  24  46  39  48  26   1  33  47  40  28  26  20  11  48  36  36  21  33  37  40   6  37   1  40   4  16   5
  23  21  39  24  43   7  40  24  40   6  19   2  24  29  13  25  18  12  27  20   8   7  14  17  10  30  47  28  31   6  31   2   9  41   6  35  16  16  10  15  42  33  42  46  16  46  42  20
  28  38   3  40  42  14  40  48  40   5  40   7  13  49  45  45  47  41  41  49  18  33  47  25  40  22   8  49  36  30  24   3  12  47  33  25   6  25   4  24   4  10  19   1  50  17  31
  35  10  38  36  43  49  48  37  42  41   1  17  30  14  37   1  48  15  40  45   6  17   2  20  29  38  19  26  21  45  16  14  40  10   3  49  13  50   6  47  19  27  44  43  37  49
  14  39   1  10   4   6   7  19  20   1  42   4  31   6  24  13   7  31   1  48  22  31  27  49  28   2  26  36   9  32   3  50  15  43  24  44  15  28  37  24  21  39  19  40  31
  27  36  30  16   4  20  14   9  47  31  17  44  17  40  45   9  29  47  44  18  44  28  26  18  27  24  34  23  19   7   9  37  25  19  17  21  19  31  19  39   5   5  44  46
  30  20  15  20  44  31  35  11  34  43  46   4  21  12  12   3  42  31  11  43  46  26  47  17  43  21   5  31  29  31  44  44   7   3  38  13  41  20  10  38  36  39  50
  18  16  31  45  37  45  45  16  46  34  21  50   1  34   4  47  12  15   4  41   6  41  49  31  18  37  47  26  20  10  12  35  42   7  25  31  50  21  25  15  46  32
  14  46  50  36  24  12  12  12  40  17  41  44  36   4  26  42  35  22  43  13  12   9  47  50  15  14  33  13  23   3  11  40  29  21  17  46  19  24   5   4  30
  31  29  30  34  36  36  21  25  10  16  35  31  44  18  33  36  40  18  26  40  48  44  30  28  12  17  33  43  30  19  32  25  36  20  15  35  19   8  44   4
  22  37  19  34  15  17  44  44  20   3  35   4   2  44  12  32  37  24  25  19  37  16   5  30  22  22  38  30  14   9  26   7  22  27  33   3  33  15  39
   2   4  46  14  45  48  16  49   9   8  14  31  15  40   1  12  43  10   7  49  37   5  22  24  29  29  22  25   6  50  49   5  47  45  29  48  47  40
  37  32  46  34  34  19  26  39   2   5  42  48   9  43  50   5  21  15  47  38  43  17  15  34   8  38  31  17  44  36   8  44  20   3  35  37   3
  16  40  48  44  44  22  11  40  36  20   4  29  48  50  31  21   7  44  47  47  46  43  47  18  11   3  22  37  27  44  33  32  50  37  34  48
  43  32  47  24  40  47  29  17  15  39  17  28  35  41   9  38  25  19  31  37  10   7   6  30   9   4   3  36   8  19  31   2   1   3  46
  12  24  20  34  24  39  16  39  16  35  37  31   7  31   2  39  17  50  38  30  45   9  23   2  23  46  32  32  39  25  24  13  50  16
  46  49  13  22  50  21  48  23  41   7  21   3  22  20  36  29  46  37  35  10  21  12  12  37   8  21  48  35  12  40  16  26  17
  26  16  32   3  12  24  25  41  44   9   2  36  31  15  10  41  33  45  24  20  35  41  46  37  36   5  31  44  10  18  18  33
  27   8  22  12  19  23   5  40  16  50  48  29  21  17  44  34  49  25   8  32  44   4  29  37  14  32  15  50   2  10  24
  29   4  18  42  49  26  35  22  50  29  18  34   8  41   7   5  50  24  11  39  30  36  39  41  39  14  13  19  33  13
  43  23  22  48   9  30  37  18  41  25  48  26  12  26  27  32  27  36  33  33  14  28   7  39   7  17   7  33  15
  45  22  33  23  29  39  41  41  31   6  28  14  21  26  24  20  45  29  37  16  41  35  10  38  24  45  48  37
  21  40  23   4  34  44  49  10  26  27  12  49  19  42  41  48  23   7  48  30   8  39  16  22  26  47  38
  34  20   5  33  43  48  10  13  20  18  15  29  35  31  21  29   8   6   6  11  39  39  18  13  33  48
  29  14  39  40  20  11  39  14  21  43  31  15  37   9  10   4  34  11  32  10   8   3  41  43   1
  11  22  33  30  48  36  16   4  46  13   2  37  33   4   3  19  15  33  12  30   4  32   1  19
  19  20  14  45  36   3   7  39  30  20  26  21  11   6   7   4  40  24  27  42  17  25  33
   7  45  44  19  42  46  36  11  18  32  44   8  43  46  32   3  35  40  23  10  40  11
   1  27  32   7  15  40  42  29  28  23  40  41   9  50  23  32   8  28   4  46  14
  14   7  25  49  34  23  32  40  44  48  13   3  10  24   9  35  22  17  26   8
  44  26  49  48  16   1  42  15  34  38  27  29  21  36  36   1  32  23  33
  34   3  45   9  15  45   2  27  27   5  48   3  41  20  19  34  23  10
  34  30   6  16  50   1  26  26   2  11  35  47  37  22  24  39  49
  27  23  42   9  49   2  32  20  15  31  22  31  13  46  15  48
   8  14  15  10  39  30  38  42  27  43  15  48  46  50  47
  18  49  16  17  33  18   2  30  31  23  37   5  24  10
  33  12  36  32   7   3  20   1   9   4  20  31  41
  45  27  19  46  39   7  48   5   9  29  27  48
   8  45  48  40  48   1  17  18  32  46  50
  49  14  27  11  10  20  33  33  49  16
  12  47   7   5  34  48  20  50   5
  37  41  40  27   3  35  33   9
  28  24  44  13  22  47  22
  10  40   9   8  42  30
  27  18  20  40  25
  15  46   6  48
   4  44   3
  26  20
  39

 1154
  21   4  25   1  21  22  18  20  17  22  16  15  20   5  16  20  16  24  16  14  16  17   8   3  15  17   7  23  12  23  19   9  18   4   2   6  21   5   7   3  12  15   3   8  10   4  22  11  21  15   5  25  24   7  21  15  25  19  15  23   6  13   6   1   3  20  10  11  16  22  15   8  24  22  20  19   5  22  13   6   5  24   8  17  25  21  16   9  15  16  20  10  24  22  15  11   1  10  21  16

