  20 
   0   0   0   0   0  29   0   0   0   0   0   0   0   0   0   0   0   0   0   0
   0   0   0   0   0   0  30  30   0   0   0  23   0   0   0   0   0   0  35
   0   0   0   0   0   0   0   0   0   0   0   0   0   0   0   0   0   0
   0   0  45   0   0   0   0   0   0   0   0   0   0   0   0   0   0
   0  45  10   0   0   0   0   0   0   0   0   0   0   0   0   0
   0   0   0   0   0   0   0   0   0   0   0   0   0   0   0
  23  32   0   0   0   0   0   0   0   0  25   0   0   0
  25   0   0   0   0   0   0   0   0   0   0   0   0
   0   0   0  30   0   0   0   0   0  33   0   0
   0   0   0   0   0   0  45   0   6  10   0
   0   0   0   0   0   0  50   0  43   0
   0   0  33   0   0   0   0   0  17
   0   0   0   0   0   0   0   0
   0   0   0   0  21   0  22
   0   0   0   0   0   0
   0   0   0   0   0
   0  28   0   0
   0   0   0
   0   0
   0

 173
  23  22   3  25   6  23  24  13   8  22   1  19  11  25  18  24   5   7  12   9

