  20 
   6   0   0   0  39   0   0   0   0   0  20   0   0   0   0   0   0   0   0   0
   0   0   0   0   0   0   0  21   0   0   0   0   0   0  27   0   0   3   0
   0  33   0   0   0  22   2   0   0  17   0   0   0   0   0   0   0   0
   0   0   0   0  43   0   0   0   0   0   0   0   0   0   0   0   0
   0  34   0   0   0   0   0   0   0   0   0   0   0   0   0   0
   0   0   0   0   0   0   0   0   0   0   0   0   0   0   0
   0   0   0   0   0   0   0   0   0   0   0   0   0   0
   0   0  46   0   0   0   0   0   0   0   0   0   0
   0   0   0   0   0  50   0   0   6   0   0   0
   0   0   0   0   0   0   0   0   0   0   0
   0   0  14  40  10   0   0   0   0   0
   0   0   0   0   0   0   0  37   0
   0   0   0   0   3   0   0   0
  25   0   0   0   0  30   0
   0   0   0   0   0  50
   0   0   0   0   0
   0   0   0   0
   0   0  38
   0  33
   0

 159
  19   9   8  12  16  14   2   4   1  15  12   2  10  19  12   4   4   2   9  23

