  20 
  27  30  25  48  29  44  40  44  46  41   6  35  16  46  16  34  32  41  32   5
  31   5   2  38  36  22   5  19  50  17   9  16  13  19  50   3   1  16  16
   2  21  35  41  20  40  33  23  47  44  18  47  47  22   2  11  31  32
   5  18  50  25  21  37  12  19   1   3  12  23  49  22  20  18  18
   7  31  15  22   2   1   9   6   6  43  42   8  32  17  46  34
  41  13  43   2  22  28  22   1  47  50  34  14  50  16  24
   2  36  42  31  36  34  16  49   8   3  22  35  17  38
  35  10  30  48  22   7  14  29   6  22   1  28  25
   8  48  29  28  49  43  46  15  18  34  49  39
  13  46   1  47   6  39  38  15  42  35  38
  45  37  32  38  28  50  21   1  16  20
   6  23  12  49  21  36  38  16  29
   2  44   2  31  33  35   1  41
  46  45  28  41   2  49  26
  14  12  44  16  21  18
  46  45  23  31  49
  14  16  31  14
  21  44  21
  31   1
  18

 120
  23  22   4  10   4   3  17  16  14   3  10  20  12   7  20   3  11  13  23  21

