  20 
   0   0   0   0   0   0   0   0   0   0   0   0   0   0   0   0   0   0   0   0
   0   0   0   0   0   0   0   0   0   0   0   0   0   0   0   0   0   0   0
   0   0   0   5   0  15   0   0   0   0   0   0  45   0   0   0   0   0
  23   0   0   0   0   0   0   0   0   0   0   0   0   0   0   0   0
   0   0   0   0   0   0   0   0   0   0   0   0   0   0   0   0
   0   0   0   0   0   0   0   0   0   0   0   0   0   0   0
  44   0   0  27   0   0   0   0   0  43   0   0   0   0
   0   0   0   0   0   0   0   0   0   8   0   0   0
   0   0   0   0   0   0   0   0   0   0   0   0
   0   0   0   0   0   0   0   0   0  48   0
   0   0   0   0   0   0   0   0   0   0
   0   0   0   0   0   0  41   0   0
  43   0   0   0   0   0   0   0
   0   0   0   0   0   0   0
   0   0   0   0   0   0
   0   0   0   0   0
   0  28   0   0
  34   0   0
   0   0
   0

 113
   4  17  23  21  11  23  21   1  15  10   8   8   4  19  15   7  25   9   5  13

