  20 
  30  25  39  33   6   2  37   2  12  10  13  25  29  37  32  17  16  37  28  30
  38  11  15  35  17  49  47  16  16  16   8  17  28  17  16  20  18   1  18
   7  40  30  16  10  39   9  20  38  13  20  36  39   1   2  13  21  32
   3  33  39  44  22  23  35  47  39  38   9  32  43   1  19  13  32
  16  39  13  23  39  20   3  20  47  40  17  17   3  28   9  38
  14   4  20  16  40  10  44  30  26  45  22   4  16  41  42
  18  18  15  13   3  11   4  24   7   2  22  43  25   2
  48   8  49  25  22  48   7  26  18  14  41  29   8
  24   6  23  46  49  30  35  10  20  19  10  17
   6   4   7  47  37  45  27  37  18  27  39
  33  47   2  36  16   2  19  11   5  17
  16  46  32   6  47  20  24  18  48
  44  49  19   2  40  37  11  13
  40  47  25   5  12   1  36
   6  42  47  24  34  48
  19  43  42  34  35
  21  19  19  17
  14   2  28
  30  13
  21

 164
  19   6  14  22  19  18  12   9   9   5   6  11   9  16  13   8  22  15  17  15

