  20 
   0   0   0   0   0   0   0   0   0   0   0   0   0   0   0   0   0   0   0   0
  20   0   0   0   0   0  47   0   0   0   0   0   0   0   0   0   0   0   0
   0   0   0   0   0   0   0   0  34   0   0   0   0   0   0   0   0   0
   0   0  38   0   0   0   0   0   0   0   0   0   0   0   0   0   0
   2   0   0   0   0  23   0  24   0   0  49   0   0   8   0   0
   0   0   0   0   0   8   0   0   0   0   0   0   0   0   0
   0   0   0   0   0   0   0   0   0   0   0   0   0   0
  24   0   0   0   0   0   0  27   0   0   0   0   0
   0   1   1  26   0   0   0   0   0   0   0   0
   0   0   0   0  46   0   0   0   0   0   0
   0   0   0   0   0   0  46   0   0   0
   0  42   0   0   0   0   0   0   0
   0  29   0   0   0   0   0   3
   0   0   0   0   0   0   0
   0   0   0   0   0   0
   0   0   0   0   0
   0   0   0  35
   0   0   0
   0   0
   0

 139
   1  23  16  11   5  25   6  13   2   8  12  13   4  14  12  25   6  17  25  24

