  20 
  15  34   0   0   0   0   0   0   0   0   0   0   0   0   0   0   0   0  20   9
  31   0   0   0   0   0   0   0  28   0   0   0  29   0   0   0   0   0   0
   0   0   0   0   0   0  29   0   0   0  40   0  15   0   0   0   0  33
   0   0   0   0   0   0   0   0   0   0  34   0  43  47  15  34   0
   0   0   0   0   0   0  28   0   0   0   0   0  14   0   0   0
   0   0  16   0   0   0   0   0  15   0   0   0   0   0   2
   0   0   0   0   0  28   0   8   0   0   0   0   0   0
   0   0   0   0   0   0   0   0   0  17   6   0   0
   0   0  34   0   0   0   0   0   7   0   0   0
   0   0   0  19   0   0   0   0   0  44   0
   0   0   0   0   2   0   0   0   0   0
   0   0   0  30   0   0   0   0  29
   0   0   0   9   0  32  44   0
   0   0   0   0  44   0   0
  25   0   0   0   0   0
   0   0   0   4   0
   0   0   0   0
   0   0   0
   0   0
   0

  64
   5  14   7  14   8  23  22  13  15  19  22  19   6  10  11  16   1  11   8  22

