  20 
   0  50   0   0   0  39   0   0   0   0   0   0   0  41   0   0   0   0   0   0
   0   0   0   0   0   0   9   0   0   0   0   0   0   0   0   0   0   0   0
   0   0   0   0   0  38  48  24   0   0   0   0   0   0  39   0   0   0
  18   0   0   0   0   0   0   0   0   0   0   0   0   0   0   0   0
   2   0   0   0   0   0   0   0   0   0   0   0   0   0   0   0
   0   0   0   0  36  28   0   0   0   2   0   0   0   0  35
   0   6   0   0  22   0   0   0  17   0   0   0   0   0
   0  11   0   0  50   0   0   0   0   0   0   0   0
   0   0   0   0   5   0   0   0   0  47   0  23
   0  39   0   6   0   5   0   0   0   0  10
   0   0   0   0   0   0   0   0  36   0
  39   0   0  10   0   0   0   0   0
  25   0   0   0   0   0   0   0
   0   0   0   0   0   0   0
  34   0   0   0   0   0
   0   0   0   0   0
  19   0   0   0
   0   0   0
   0   5
   0

 198
  20  24  20  24   7  22  21  12  14  22  24   6   5  21  19  10  14   3   3  23

