  20 
  24  43  48  31  28  29  47  27  11   6  45  50  37  11  31  17  11  48  37   4
  18  38  23  43  23  21  20  24  15  20  10  19  32  24  15  20  20  45   9
  41  34  50  42  41  43  28  26  16   7  11  20  16  17   1   8  48  33
   8  41  23  40  18  16  17  16  24  32  21   6   6  13  21  25  39
  42  10  14  19  33  10  16  27  27  48  43  45  43  46  21  25
  44  34  42  21  33  15  27  44  42  15   5  33  21  17  35
  21  21  49  12   7  29  37   2  13   4  19  16   2   5
   8  15  43  41  19  28  31  38  31  39  18  25   8
  27  33  40  41  46  24  21  24  15  15  26  32
  28  29  38  46  47  26  13  24  43  46  39
  18  20  45  43   3  47  22  28  37  23
  33  28  21  36  14  19  17  13  42
  17  33  21  44  20  32  32  50
   7  40  33  12  29  46   7
  27   1  39   1  50   7
  49  48  36  24  26
   1  11   4   7
  40  25   8
  36  26
   9

 265
   3   7   6  12  25  24  24  25  25   2  19  10  17  15   8  15  15   8  15  11

