  20 
  22   1  33  49   2  20   1  18  42  40  41   7  23  21  14  33  26   1  38  30
  12  31   9  45  43  45  27  28  46  22  12  19  18  25  46   4   4  11   6
  37  16   6  18  50  45   1  30  26  39   8  32  25  39  48   5   5  32
   9  27  35  22  16  29  45  37  37  48  25  48  11  35  21  31  24
  34  49  13  17  49  42  21  12  39   2  19  37  23  36  11  20
  22  44  18   4  12  32   4  14  14  21  16  44   4  45  16
   6  38  27  27  41   3  46  28  15   6  16   7  43  38
  46  16  25  13  18  38  39  42  18  48  25  25  26
  10  24  45  20  45  40  35  30  14  31  16   3
  36  20  31  45  17  17  25   1  16   3  39
  29  11  24  44  14  46  21  17  49  27
  22   6  50  30  35  36  30  10  22
  22  29   7  24  14  29  21  29
  12  35  35  47  18  43  46
  34  20  37  42  40  26
  27   1  18  22  37
  47   9  17   5
  50  14   2
  38  13
   5

 126
   6  24  18  24  11  10   1   6   6   3  24  20  19   7  14   7   5   5  24  20

