  20 
   0  29   0   0   0   3   0   0   0   0   0   0   0  10   0   0   0   0   0   0
   0   0   0   0   0   0   0   0  37   0   0   0  17   0   0   0   0   0   0
   0   0   0   0   0   0   0   0   0   0   0   0   0   0   0   0   0   0
  12   0   0   0   0  23   0   1   0   0   0   0   0   0   0   0  16
   0   0   0   0   0   0   0   0   0   0   0   0   0   0   0   8
   0   0   0   0   0   0   0   0   0   0  29   0   0   0   0
   0   0   0   0   0   2   0   0  29   0   0   0  47   0
   0   0  38   0   0   0   0   0   0   0   0   0   0
   0   0  26   0   0   0   0   0   0   0   0   0
   0   0   0   0   0  10   0   0   0   0   0
   0   0   0   0   0   0   0   0   0   0
   0   0   0   0  20   0   0   0   0
   0   0   0   0  29  49   0   0
   0   0   0   0   0   0   0
   0   0   0   0  30   0
  38   0   0   0   0
   0   0   0   2
   0   0  28
   0   0
   0

  63
   1  19   9   1   1  13  13  15   9   7   2  13  11  23   1  25  22  24   4  25

