  20 
   0   0   0   0   0   0   0   0   0  44   0   0   0   9   0   0   0  33   0  14
   0  28   0   0   0  44   0   0   0   0   0   0   0   0   0   0   0  40   0
   0   0   0   0   0   0   0   0   0   0   0   0   7   0  22  49   0   0
   0   0   0   0   0   0   0   0   0  48  38   0   0   0   0   0  44
  38   0   0   0  35   0   0   0   0   0   0   0   0  14   0   0
   0   7   0   0  25   0  50   0  47   0   0   4   0   0  30
   0   0   0   0  26   0   0   0   0   0   0   0   0   0
   0   0   0   0  30  34   0  20  12   0   0   0   0
   0   0   0   0  11   0   0   5  47   0   0   0
   0   0   0   0  41   0   0   6   0   0  48
   0   0   0  39   0   0   0   0   0   0
   0   0   0  26   0   0   0   0   0
   0   0  10   0   0   0   0   0
   0   0  39   0   0   0   0
   0  39   0   0   0   0
   0   0  43   0  21
   0  16   0   0
   7   0  38
  11  43
   0

 212
  17  12   3   3  18   8  22   2   5  21   5   1  21  13   8   4  14  21  21   5

