  20 
   6   0   0   0  39   0   0   0   0   0  11   0  14   0   0   0   0   0   0   0
   0   0   0   0   0   0   0  21   0   0   0   0   0   0   0   0   0   0   0
   0  33   0   0   0  22   2   0   0   0   0   0   0   0   0   0   0   0
   0   0   0   0  43   0   0   0   0   0   0   0   0   0   0   0   0
   0  34   0   0   0   0   0   0   0   0   0   0   6   0   0   0
   0   0   0   0   0   0   0   0   0   0   0   0   0  37  50
   0   0   0   0  47   0   0  50   0   0   0   0   0   0
   0   0  46   0   0   0   9  10   0   0   0  30   0
   0   0   0   0   0   0   0   0   3   0   0  38
   0   0   0  14   0   0   0   0  16   0  33
  20   0   0   0   0   0   0   0   8  27
   0   0  25   0   0   0   0   0   0
   0  19   0   0   0  22   0   0
   0   0   0   0   0  33   0
  27  45   0   3   0   0
   0   0   0   0   0
   0   0   0   0
   0   0   0
  12  15
   0

  93
  19   9   8  12  16  14   2   4   1  15   5   3   3  24  10   4   9   4   4  19

