  20 
   0   9   0   0   0  31   0   0   0   0  27  28   0   0   0  47   0   0   0   0
   0   0  40   0   0   0   0  29   0   0   0   0   0  46   0   0   0   0   0
   0   0   0   0  17   0   0   0   0   7   0  21   0   0   0  13  43   0
   0   0   0   0   0   0   0  50   1   0   0   0   0   0   0   0  37
  40   0   0   0   0   6   0   0   0   0   0   0  16   0   0   0
   7   0   0   0  34   0   1   0   0   0   0   0   0   0  10
  14   0   0   0  14  23   0   0   0   0   0  32   0  16
   0   0   0   0   0  43   0   0  16  23   0  42   0
  12   0   0   0   0   0   0   0   0   0   0   0
   0   0   0   0   0   0   0  10  11   0   0
   0   0   0   0   0   0   0   0   0   0
   0   0   0   7  39   0  41  18   0
   0   0   0   0   0  14   0   0
  26   0   0  27   0   0   0
   0   0  31   0   0   0
   0   0   0   0   0
   0  27  45   0
   0   4  32
   0   0
   0

 215
  14  19  13   5  10  19   5  11   6   2  12  24  18   7  15  19   7   4  15  12

