  20 
   0   2   0   0   0   0   0   0   0   0   0   0   0   0   0   0   0   0   0  26
   0  24   0   0  33  36   0   0   0   0   0   0   0  15  16   0   0   0   0
   0   0   0  39  22   0  46  47  38   0  31   0   0   0   0   0   0   0
   0   0  28   7   0   0   0   0   0   0   0   0   0   0   0   0   0
   0   0   0   0  43   0   0   0  50   0   0   0   0   0   0   0
   0  17   0   0   0   0   8   0   0  46   0   0   0   0  33
   0   0   0   2   0  21   0   0   0   0   0   0  44   0
   0   0   0   0   0   0  19   0  38   0   0  27   0
   0  45   0   0   0   0  15   0   0  21   0   0
  27  39  25   0  46   8   0   0   0   0   0
   0   0   0   6   0  29   0   0   0   0
   0   0   0  40  47   0   0   0  15
   0   0   0   0  35  22   6  42
   2   0  14   0   0   0  43
   0   0  20   0   0   0
   0   0  40  34   0
   0  14   0   0
   0   2   0
   0   0
  24

 116
  11  12  24  11  15  10  14  14   2   5   9  12  23  17  17   3  11  12  22   8

