  20 
   0   0   0   0   0   0   0   0   0   0   0  27   0   0   0  38   0   0  12   0
   9   0   0  11   0  28  30   0   0   0   0   0   0   0  22  21   0   0   0
   0   0   0   0  30   0  50   0   0  50  20   0   0  50   0  14   0  27
   0   1   0   0   0   0  18   0   0  22   0   0  39   0   3   1   0
   0   0  41   0   6   0  46   0   0   0   0   0   0   0   0   0
   0   0   0   0   0   0   0   0   0   9   0   0   0   0  25
   0   0  18  50  48   0   0   0   0   0   0  32   0   0
  43   0   0   0   0   0   0   0   0   5  27   0   0
   0   0   0   0   0   0   0  48   0   0  18   0
   0   0   0   0   0   0  33   0   0   0  15
   0   0   0   0   0   0  16   0   0   0
   0   0   0   0  22  41   0   0   0
   0   0  10   8   0  36   0   0
   0   0   0   0  34  35   0
   0   2   0  46   0  39
  47   0   0   0  22
   0   0   0   0
  50   6   0
   0   0
   0

  76
   3  17  25  22  16  18  13   1   5   2   6  10  18   2   3  14  24   2   1   9

