  20 
   0   0  25   0   0   0   0   0   0  14   0   0   0   0   0   0   0   0   0   0
  48  18   0   0   0  10   9   0   0   0   0   0   0   0  39  41   0   0   3
   0   0   0   0   0   0  45  39   0   0   2   0   0   0   0  27   0  42
  39   0   0   0   0   0   0   1   0   0   0   0   0   3   0  47  18
   0   0   0   6   0   0   0   0   0   0  12   0   0   0   0   0
  35   0  46  20   3   0   0   0  20   0   0   0   0   0   0
   0   0   0   0   0  11   0   0  45  44   0  48   0   0
   0   0   0   0   0   0  13   0  30   0   0   0   0
   0   0   0  36   0   0  12   0   0   0   0   0
   0  46  43   0  35   0  14   0   0   0   0
   0  20   0  35   0   0   0   1   2   0
  10   0   5   0  48   0   0   0   0
  27   0  13   0   0   0   0   0
   0   0   0   0   0   0   5
   0   0   0   0   0   0
   0   0   0  31   0
   0  21  30   0
   0   0   0
   0   0
   0

 125
   9   8   6  24  20   2   4   2   9   2  25  19   8  22   6  12   4   3   8  25

