  20 
   0   0  27   0   8   0   0   0   0   0   3  44   0   0   0   0   0   0   0   0
  36   0   0   0   0   0  49   0  19   0   0   0  36  28   0  41   0   0   0
  41  47   0   0   0   0  29  32  17   0  13   0   0   0   0   0   0   0
   0   0   0  39   0   0   1   0  17   0   0   0   0   0   0   0   0
   0   0   0   0   0  36  21   6  10   0   0   0   0   0  46  24
   0   0   0   0  28   0   0   0  49  16  39   0   0   0   0
   0   0   0   0   0  20   0   0  20   0   0   0   0   0
  44  17   0   0   0   0   0   0  41   0   0   0  16
   0   0   0   0   0  37   0  50  36   0  28   0
   0   0  40   0   0   0   0   0   0   0  41
   7   0   0   0   0   0   0   0   0   0
   0   0   0   3   0   0   0   0   0
   0   0   0   0   0  29  16   0
   0   0   0   9   0  43   1
   0   0   0   0   0  16
   0   0   0   4  42
   0   0   0   0
   0   0   0
   0  23
   0

 134
   8   3   1  24  21  18  15   7  20  16   4  16  12  21   8  16  13   2  16   4

