  20 
   0   0   0   0   0   0   0   0   0   0   0   0   0   0   0   0   0  25   0   0
   0   0   0   0   0   0   0   0   0   0   0   0   0   0   0   0  32   0   0
   0   0   0   0   0   0   0   0   0   0   0   0   0   0   0   0   0   0
   0   0   0   4   0   0   0   0   0   0   0   0   0   0   0   0   0
   0   0   0   0   0   0   0   0   0   0   0   0   0   0   0   0
   0   0   0   0   0   0   0   0   0   0   0   0   0   0   0
   0   0   0   0   0   0   0   0   0   0   0  20   0   0
   0   0   0   0   0   0   0   0   0   0   0   0   0
   0   0   0   0   0   0   0   0   0   0   0  17
   0   0   0   0   0   0   0   0   0   0   0
   0   0   0   0   0   0   0   0   0   0
   0   0   0   0   0   0   0   0   0
   0   0   0   0   0   0   0   0
   0   0   0   0   0  43   0
   0   0   0   0   0   0
   0   0   0   0   0
   3   0   0   0
   0  25   0
   0   0
   0

 164
  15  15  23   4   3   8  12  19   3   6  18  16   9   6  12   1   8  13   8   2

