  20 
   0   0   0   0   0   0   0   0   0   0   0   0   0   0   0   0   0   0   0   3
  20   0   0   0   0   0  47   0   0   0   0   0   0   0   0   0   0   0   0
   0   0   0   0   0   0   0   0   0   0   0   0  29   0   0   0   0   0
   0   0  38   0   0   0   0   0   0   0   0   0   0   0   0   0   0
   2   0   0   0   0  23   0   0   0   0   0   0   0   0   0   0
   0   0   0   0   0   0   0   0   0   0   0   0   0   0   0
   0   0   0   0   8   0   0   0   0   0   0   0   0   0
  24   0   0   0   0   0   0   0   0   0   0   0   0
   0   1   0   0   0   0   0   0   0   0   0   0
   0   0   0   0   0   0   0   0   0   0   0
   0   0   0   0   0   0   0   0   0   0
  26   0   0   0   0   0   0   0   0
   0   0   0   0   0   8   0   0
   0   0   0   0   0   0   0
   0   0   0   0   0   0
   0   0   0   0   0
   0   0   0   0
   0   0   0
   0   0
   0

 151
   1  23  16  11   5  25   6  13   2   8  10   7   2  24  13  22  21  15  23  23

