  20 
  24   0   0   0   0   0   0   0   0  13  47   0   0  45   6   8  34   0  40  36
  26   0   0  46  50   0   0   0  49   4   0  40   0  19  23   0   0   0  19
  27  39   0  16   0  50  37  21   0  44  13  11   0  26   0   0  22   0
   0   0  50  21   0   0   0   3  10  42   0   0   0   9   0  19   0
   0   0   0   8  18  16  29  18  50  38   0   4  43   0   0  23
  36   0   0   0   0  45  44   0   0  24   0  29   0  31   0
   0  34   0   5   0   0   0  39   0   3   0  24   8   0
  49   0   0  27   0   0   0  48   0  48   8  48   0
   0   9   0  41  24   0  15  27   0  47  45   0
   6  42   0   0   0  14  24   0   0  15   0
   0   0   7   0   0   0   9  37  48   0
   0   0   7   0  15   0   0  42   0
  37  43   0   0   7   0  25  35
   0  43  39  20   0   0  35
  20  44   3   0   0  50
  36   8  22   0   0
   0   0   0  26
  41   0   0
   0  33
   0

 115
  14  14   4  20  10   9  16  22   8   8  14  13  24  23   6   7   1  16  10  13

