  20 
   0   0   0  21   0   0   0  16   0   0  43  39   0   0  43  43   7  36   0  46
   0   0  31   0  18   0  23   6   0   0   0  50   0  15   0   0  33   2  24
   0   0  25   5   0   3   0  50   8  20  25  27   0  39   0  15  34  27
   0   0   0  40  22   0  43   0  19   0   0   0   9   0  20   0  31
  38   0   0   2   0  21  46  35   0   0   0  39   0   0  29  16
  19   0  11  16   0   9   0  45  44   0   8  30   0   0   0
  23   1   7   0   0   0  48  37  34   0   0   7   0  48
   0  48   0  12  45  12   0  14  10  14  16  13   0
  17  25  40   3  36  17   0   3   0   0  50  46
  42  30   9  35   0   6   0   0   0   0   0
  32   0  18   0  11   0  33   0  44  37
  15  23  13   0   0  50  46   8   0
   0   0   6   0  17   0  21  42
   0  34   2  38   9   0   0
  31   0  29  44   0   9
   0   0   0   0  26
   0   0   0   0
   0   9  35
   0   0
   0

 239
  10  21  17  13  15  19  11  21  21  12  16  10   3   9  24   1   7  11  12   3

