  20 
  38  46   0   0  48   0  40   1   0   0  19   0  15   7   0   0  26   0  18  16
   0   0   0  30   0   1  47  13   0   5   0  34   8  11   6   0   0  45   6
  39   0  43   0  47   0  21   0  41  14   0   0   4   0   0  19  30  34
   7  27  17   2  42   0   0   0   6   2   0   4  32   2   0   1   0
  17  44  26   0   0   0  20   0   0  21   0   0   0  20  14  31
  43   0  27   0   0   0   0  19   0  16   0   0   7  19   0
  49   0   0   0   0   0  42   0   0   0  39  33   9   0
   0   0   7  19  22   0   0   0   0  29   0  15   0
   0  13  36  46  47   0   0  38  13  13   0   0
   0   0  48   0   5   8   0  32  42   0  41
   0   0  37  18   0   0   0  24  36   0
  35   7   0   0   1   0  17   0   0
   0   9  14  44  43   0   9   0
   0   5   0   5  12  22  46
   0  20  50   8  46   0
   0   0   0   0  37
  23  23   0   0
   0   0  19
  27   9
  26

 216
  15  12  19  18  23  23  14   3  12  10   6   7  15   6   1   7  23   7  12   4

