  20 
   0   0   0   0   0   0   0   0   0   0   0   0   0  41   0   0   0   0   0   0
   0   0   0   0   0   0   0   0   0   0   0   0   0   0   0   0   0   0   0
   0   0   0   0   0   0   0   0   0   0  39   0   0   0   0   0   0   0
   0   0   0   0   0   0   0   0   0   0   0   0   0   0   0   0   0
   0   0   0   0  36   0   0   0   0   0   0   0   0   0  50   0
   0   0   0   0   0   0   0   0   0   0   0   0   0   2   0
  34   0   0   0   0   0   0   0   0  41   0   0   0   0
  19   0   0   0   0   0   0   0   0   0   0   0   0
   0  20   0   0   0   8   0   0   0   0   0   0
   0   0   0   0   0   0   0   0   0   0   0
   0   0   0   0   0   0   0   0   0   0
   0   0   0   0   0   0  26   0   0
   0   0   0  27   0   0   0   0
   0   0   0   0   0   0   0
   0   0   0   0   0   0
   1   0   0   0   0
   0   0   0   0
   0   0   0
   0   0
   0

 243
  21  16  22  10  20  23   3   3  11  21  13   2  20  23  20  12   3  18  17   8

