  20 
  29  20   0  49  31   0  41   7   0  34   0  50   0   0  10   0   0   0   0  27
  45   1   0  18   0   0   0  22  15  31  47   0   1   0   0  15   0   0   0
   0  31   0   0   8   0   3  31   0   0   0  30  12   0   0   0   5   0
   0  29  42  47   1  42   0  32  35   0  41  22   0   0  37  33  19
   0   0  35  41  15   0   0   2   0  35  36  25  16  43   0   0
  31  36   0  18   0   4  14  43  46  33   0  40  50   0  23
   6  33   5   0  23   0   0  19   0  17   0   4   0   6
   0   0   0   0  49   0  17   0  40   0   0   6   0
   0   2   0   0   7   0   8   0   0   0  45   0
  16   5   0  17  37   0  26   0   0  11   0
   0   0   0   0  28   7   0   0  47  50
   0  33   6   0  42   0   0  46   0
  34  29  21   0   0   0  12   0
  10  39   0   0  17  10  23
   0   0   0   0  20   9
   0  21   3  38   0
  40   0  14   0
   0   6   0
   0   0
  16

 108
   4  20  11   3   9  24  17  14  18   5   1   7  12   1   1   5   4  23  10  21

