  20 
   0   0  36  47  35   0   0   0   3   7   0  13   0   6  49   0   0   0   0  46
  31   0   0   0   0  29   0   0  25   0  36   0   0   0   3  41   0  23   0
   0  14  18   0  26   0   0   0   0   0  31  15  36  31   1   0  48   0
   0   0   0  31   2  46   3   0   5   6  49  31   0   5  41   0   0
  19  22  26  24  16  44  49   0   0   0   0   8   0   0  16  38
   0   0   0   7  14   0   4   2   0   0   0  34   0   6  12
   0  50   0   2   5  50   6   0   0  17   0   0  35  42
  12  39   0   0  13   0  23   0   0  21   0   0  19
  14   0  17  21   0   8  45   0  25  15  23  36
   0   9  44  20   0   0   0  49  47  37   0
   0   0  37   0   0   0   0  34   0   0
  38  50  48   0   0  10  23   0   0
   0   0   0   0  25   0  38   0
  44  39   0   0   6   0   0
  49   3   0  31  21   0
  37   9   0  39  42
   0   0   0   0
   0  37   0
   0   0
   0

 244
  24  12  15  19  22  17  21   3  17  24  19   6  20  10   7  13   6  13   3  19

