  20 
   0  37   0   0   0   0   0   0   0  42  18   4  15   2  22   0   0   2   0   0
  47  11   0   9   0   0   0  31  48   0  17   0  46  15   0  13   4   0  39
  32   0  32   0   0   0  10  48   0   0  50  47   0  45   8   0  40  21
   0   4  13   0  31   0  37  16   0  25  39   0  33   0   0   0   0
  22   0  24  25   0   0   0  38   0   1  28  33   0   0   3  34
   0   0   0  45   0  31   0  22   0   0   0   4   0   0   0
   0  43  48  25   0   0   0   5   6   0  28  48  46   0
   2   0   0  15   0   0  13   9   0  29   0   0   0
   0   0   0   0   0  44  31  15  50   0  44   0
  36   4  37   0   0   0  16   0  38  23  34
  45   9   6   9   0   0  48  12   1   0
   5  42   0  50   8  39   8   0   0
   0   0   0  39   0   0  20  21
   0  39   0  32  11  41  14
  49   0   0  35  43   0
   0   0  12   0  27
  22  14   5   0
   1  38   0
   0  30
   0

 174
  10  25  14  17  11   6   5  11   4   1   8   5  18  10  11  13   3  13  13  24

