  20 
  36  23   0  10   0  50  30  42  50  35  44  35  41   0   3  44  20   9   2  38
  38  34  24   9   9   4  26  21  49  43   0  21  11  34   0  29   0   0  22
   0   0  49   0  30   0  17  33  28   3   0   0  18  49  32   3  10  25
   0   0   2  21   0  11  28  29  15   0  28  45  22   0   0   5   0
  44  24   9  44   0  24  25   4  28  24  22  23  27  29  35  12
  25  22  46   5  47  22  38   1   0   0   0  26  37  47   7
   0  18  31  12   8  12   0  50  12   7   0   9  39   0
  25   0   0  27  30   9  44   9  32   0  41  40  13
  40   3  23  34  10  41   4  25  19  50   0   3
  27  12  33   0  35  13   5  50   0  33   0
   9  16  35  17  48  19  10  50  35  11
  33  49  28  18  16  35   0  14   0
  32  48   6   0  35  44   0  16
   9  46   0   0   0  14  15
  34  19   0   3   0  46
   1  45   0  13  15
  43  32  41   6
  31   0  46
  41   0
  12

 126
  13   3  15  20  17   7   4  23  17  16   4  17  14  10  16  10   4   7  24  17

