  20 
   0  25  41  12  22  27  33   0  45  30  38  35  45  22  28  28  21  31  41   9
   0   0   0  33  13   0  43   0   0  36   0  45   0   0   0  40   0   6   2
  17  49  46  49   0   9  25  29  10  49  26  42  39  14  17  22   0  17
   0  29   0   0   0   0  14  46  46  33  11   6  44   5  46  35  32
  49  48   0   4  31  32   3  15   0  12  48  18  34   0  20  37
   0   6  47  16   0   1  21  30   9  48  20  44   0   0  47
  26   3   0  39   0  14  40   0   3  20   3   0   0  36
  33  46  21   0  10  30  22  20   8  38   7   0  26
  17  40   3   9   1   0  21  30  48  26  19  29
  23   0  49   0  21  20   0   0  24  13   0
  23  15   5   0  36   0   0  10  28  41
  39   0   5  31   0   2  48  13  42
   0  29   0  29  37  32  38   0
   0  12   0  16  26  23  29
  18  31   0  40   7  10
   0   5   7  14  31
   0  29  34  31
  30  41  32
  34   0
  48

  70
   6   9   7  23  13   5  10   3   5  13   7  14   4   7   5   4   7   7   5  22

