  20 
  31  44  22  14  42   8  32  34  30   6  36  28   0  12   0  42  23  13  35   6
  19  10   2   6  25   0   9   4  37   8  50   0  39  33  43   7   0   0  17
  28   5   0  49  39   0  44   0  17   9  39  27  31  10  12   0  28   5
  34  49   0  22   0  33  11   0  19  17   0  22  22   9  10   0  46
  31  44   0   5   0  11   0   0   0  49  19   7  41   0   0   1
   0  49  25  10   7  45   0  38  18   0  30  16  25  10  34
  32  40   0   0  35  11   7   0  29  14  19  46   1   0
   0   8  13  23  28  48   0   2   4  43  42   0  40
  42   0  48   0   0   5  26  37   0   0   5  36
   0   9  22  12  43  32  12   0   9  44  18
  35  38   0  32  15  20  12   0  21   0
   0  12   0   0  19   0   0  26   0
   5  19  41   0  15  35  22  14
  29  14  11  16  14  19  20
   0   4   0   0  43  10
  49  22  28  38   0
  27  45  21  12
   0  45  34
  25   0
  15

  73
  23   5  13  13  23  11  17  20  23  25  14   6  13  24   7  12  24  20   6  11

