  20 
  28   1   8  29  46  41  28  30  29  15  44   0  10  22   0   0  34  10  33   0
  12   2  37   9  37   0  48  37   0  50  17  37  43  37   5  27  17   0  27
  23  36   8   8   0   0   0   2   9  12  43  18  34  21  11  21  42  18
  36  11   5   0  26  21  18  18  23  38  18  29   7  48   0   9   2
  48  14   0   8   0  31  18  42   4   0   0  40  33  26   6   0
  38   6  31  50  36   0  17   0   0  23   0  28  45   0  39
   8   0   0  45   1   0  38  31   0  16   0  11  30  12
  31   4  28  35  38   0  48   0  27  39  44   0   9
  44  33  34   9  50  37  21  30  13  30  35   8
  36  31  14  44   0   9   0  38  42  20   0
  36  25   0  27  39  47  32  18   0   0
  45  42  16  15  20  45  18  28   0
   0  42  39  43  11  11   0  22
  25  19  21   0  46  21  31
   0  42  14  27   9  12
  36  32  31   0   0
   0  15  21  46
  38  22  48
  42  36
  47

 157
  25  21   1   1  25  24  21   1   1   7  18   2   2  17  23   5  25   7   4   5

