  20 
  20   0  41  10   0   8  34  49  44   0  50  18  23   0   0  46  30   0   0  37
  36  28   0  21   1  22  10  25  39  37   0   0  18   0  17  26   3  29  32
  50   0   0  19   0   7  28  33   0  25  30   6  34  13  33  48  30  23
   0  40  42  10   0  23  21  48   0  10  41  12  11   0   2  12   0
  14  15  14  43  42  33  15   1  47  27  24  11  45  31   9  15
   0  41   0  37  19  44   1   0  41  11  37  13  17   0   0
  21  26  23  20   0  18  17  19  40  19  40  48  50  39
   0  42  43  18   0  14   0   3  29  25  15  47  31
  20   0  23  38  18   3   0  46  18   0  20  43
  45  47  45  19   8  41  47   0  31  10   0
   0  13  24  15   0   0   0  30   9   0
  45  44  41  37  50   7  32  33   5
   0  46   0  35  24  29  26  14
  15  24  10   6  42  21   0
   0   0   0   0   0  15
  22  32   0  40   0
  45  15  43   5
  44  34   0
  49  16
  12

  73
  12   2   2  11  10   1   7   7   5   8   5  12  17   3  18   7   2   8  19  11

