  20 
   0   6  19  42   0  23   7   0  13  31  24  41  32  24  31  32  37  34  41  32
   0  38   0  47   0  14   0  47   1   7  20  12   4  26  40  48  22  22   0
  45  11  10  20  32  26  31  14   0   0  32  22  46  31  12  37   7  10
  14  32  42  50  33  10  30   0   0  10  37  46  27   7   3  31  30
   2  16  50  46   7  22  36  39   0  24  37   9  28   0  32   8
  43  24  44   0   0  10  17  36  50  46  44  20  44  42  32
   0  25  49  28  20  14  24   4   0  37   7   1   0  29
  41  46  32   0   0  31   0  34   7   5  36  38  32
   7  11   0  19   0  10   0  44  22  23  18  21
   0  38   1  16  26   0   0   9   0  19   0
   3   0  13  44  38   2   1  29  16   0
   0  22  33  24   0   1   0  22  47
  41  42   0  17   0   0  32  42
  10  23  48  30  12   0  22
  29   4  27  41  10   0
   0   0  23  50  41
   0  39  18  36
   3  39  46
  20  47
  36

 106
   1  19  19  12   3   3   3  10  11  19  23   6   7   6  14   7  10   5   5   6

