  20 
  37  18   0   5  30  46  47  40   0   0  46  39  42   0   0  10  16  30  31  30
  45  42   0  48   0   8  40  22  27   0   8   5  30  21  36   0  40  24  35
   0  34   1  29  31  28  18  32  11  13  12  45  20  43  30   7   0   5
  11   0  41  47  42  33   0  12  45  43   0  45  28   0   0   0  43
  25   0   0  18  26  24   0  41  35  19  22  38  49   0  17  30
  31  17  10  35  26  39   0  20  19   0  48  34  12   0   4
   0  24  16   0   7  15  48  21   7  19   5  20  44   2
  43   0  32  37  34   0   0   0  12   0  19   5  42
   0  10  48  44   6  27  29  48  39  37   4   0
  23   1  38  21   9   5  23   0   1  28  18
  47  24   0   1  37   0  28  43  31  39
   8   0  18   0  29  29   0  43  20
   0  35   0   0  50  15  26  50
   1  18  34  46  14  29  10
  27   7   0   0  43   0
   0  32   1   0  23
  15  30  46  44
  38  23   4
  49   0
  48

 249
  11  10  24   5  10  13  19  15  20  21  15  24  17  19   4  17   5  11  23   1

