  20 
   0   0   8  38  20  32   9   3  41  40   0  46  15  45  11   4   0  13  34  20
  17  23  42  42  34  35   2  18  19   1  27   0   9  39  40  33  45  41   0
  30  46  18   7  29   0  35  49  13   0  35   0  49  12  48   4   4  48
  31   0  46  18  37  18  37   7  47   0  14   0   0  35  23  32  32
   0  35  11  11   0  16  46  26  18  44  42  45  49   0   0   0
  40   3   8  28   0  15  50   0   0  20  26   0   0  48  18
   6   0  29  35   0  38  29  43   3   0  13  10  16  36
  28  32  16  38  16  16   0  35  17   0  37   0  44
  26  29  11   4  34   0  21   0  21   0  50  18
   5  42   0  36   2  21  43  44   0  44   0
   3  31   0   9  46   0   2   0   7  45
  29  37  21   0  12  32  30  36   4
  16  27   4   0  31  11   5   0
   0   6  44  29  49   0  12
  30  14   0  12   9  38
  47  12  18  36   7
  16  42   0  16
  40   0  36
   0  15
  39

 137
  23  10  25   1   2   8  23  13   6  25  18   1   6   6   5  12   7   9   2  25

