  30 
  41  36  24  32  13  49  16   3  19  15  44  28  14  36  35  18  27  14  13  31  10  45  39  43  28  17   3  42  28  17
  27   8  50  18  50   4   2  47  21   7   1  12  19   8  19  19  13  10  37  32  28  49  43  17  45  42  33  44  17
  36   3  39  11  49  30  20   7  29  24  39  17  34  22   9  24  22  31  11   2  39  45  22   4  37  13  21  24
  46  16  18   3  29  36  18  10  16  49  32  35  18  26  18  40  21  28  47  10  11  23  44  24  43   9  35
  15   2  16  32  48  39  28   9  32  21  14  10  20  43  32  19  33  13  43  16  36   7  38  14  28  42
   3  43  23   9   7   1  27   3  43   6   7  45   5  36   7  37  48  48  17  20  18  41  40   2  13
  13   9  46  18  44  24  41  19  46  43  33  46  22   1  22  44  48  32  25  17  42  48   3  27
  27  45   8  44  31  39   8  49  45  13  40  34   3  33  37  38  13   8  41  39  33  25  49
  19   3  44   7   6  41  10  29  27  22  27  38   6   9  45  41  22  39  26  44   3  49
  13   5  44  46  18  34   8  14  19  40  38  43  21  15   5  13  14  31  39  44  30
  14  50  17  23  47   9  18  26  38   4  29  41   3   5  10   6  34  38  19  12
  33  29   9  47  16  21  37  31  13  21  13  46  28  44  38   1  44  29  38
   1  30  12  17  29  48  20  36  44  18  26  28  17  30  19  38  42  20
   9  14  10  44  27  14  43  39  18  41  17  45  23   6  33  11  10
  15  27  14  23  47  31  24  45  25   9   5   3  13   9   6  19
   6  34   5   3   4  12  19  30  42   6   3  17  30  24  19
   6  38  50  36   3  19  25  48  46  29   3  27  25  44
   9   9  15  47  18  44  34  36  19  42   7  23   7
  19  38  39  39  12  42  50  47   6  15  20  12
  46  22  44  36  14  20  28  25  11   9  15
  33  30  40   6  48  10  31  14  47  10
  17   3  26   5  49  12  37  19   7
  15  10  15  17  17  27   4  47
  20  45  36  31  12  30   1
  46  39  13   3  43  32
  11   3   7  30  32
  18  15  41  46
   1  33  33
  20  43
  11

  62
   2   3  10  18   6   5  16   3  24   6   6  10  17  19  22  22   8   3  18  20  21  10  23  11  23  10  12  15  25  17

