  30 
  46  23   1  49  16  14   9  20   4  50   5  13  43  19  20  35  48   7   8  32  15  34   8  32  47  48  44  41  37   6
  40  23  27  13  11   7  39  40   6   4  48   9  50   5   4   2  46  31  42  29  43   6  32  28  26  43  32  13  20
  45  40  26  10  30  27  25   2  10  11  44  44  17  27  12  29   5  32  46  31  44  12  23  23  46  48  48  11
  45  43  45  38  32   9  13  15  43  18  23   2   9  33  17  31  50   7  16   5  30  10  11  45   4  40   6
  32  21  17  35  17  28  19  38  11  16  13  23   9  14   7  28  24  38   2  43  33  38  31  19   5  47
  50  22  24  40  46  14  20  10  48  43  34  26  36  33  46  22  49  21  48   3  35  36  25  37  44
  44  24  41  37  23  29  18  18  43  42  36  13  37  32  45  45   3  13   6  50  37  31  38   6
   2  42  45   1  34  18  41  42  20  46  21  35  18   4   4  33  38  35  42  48  22  10  34
  50  20  33  44   7  10  33  18  28  41  48  45  23  34  12  24  37  12  11  37  12  12
  48  22   7  47  29  49  35   5  20  29  37  10   4  42  38   8  39  50  34  17  41
  41  19   6  20  24  12  17  47  15  49   4  14  48  28   5  27  13  33  34  41
   6  22  50  10  23  38   8  34   2   8  50  27  13  33   3  10  49   8  45
  38  41  43   6  42   3  39  27  23   3  27  27  36  23  28  17  29  35
  48  21   5  23  48  19  14  12  13  14  30  36  48  49  20  12  31
  50  40  19  38  18  42  19  12   6   4   4  18  18  48  31  50
   1  31  42  10  27  31  28  25  35  49   2   8  37  43  16
  19  43  25  41  22  30  10  49  49   2  40  10  36  33
  40  28  28  36  13   5   3  39   2  47   6  34  38
  16  13  36  22  31   5  13   4   7  46  35   1
   3  25  39  19  39  13  15  12   6  22  10
   2  49  13  33   1   5   8  45  38  37
  10  30   1  42  28   3   8  50   4
  46  49  42  26  32  34  23  42
  17   2   1  28  27  21  20
  15  48  12  40  46  33
  24  44  14  39  21
   1  30  10  41
  38  32  50
  23  32
   4

 129
  20  18   8  18  10   9   7  17  13   7  22  20  12  11   9  10   4   6   1   5  16  18  24  24  18  19   9  15  23  12

