  30 
   1   2  45  50  45  38  48  46   6   1  22  39  36  44  22  36   4  47   2   5  22  44  35  39   2  21  29  15  24  16
   9  47  18   4   4  34  17  31  10  49  45   6  45   1   6  49  43  36   2  23  40  14  40  41  49  42  34  40  26
  10  45   7  33  50  22   5  45  31  18   4  11  39  12  16  35  31  32  24  48  24  42  27   1  32  49  38  40
  41  34  10  43  35  15  30  47   7  23  10  27  47  20  16  20  44   1  21  49   5  15  36   2  21  11  10
   5   3  17  40  22  37   7  32  28   7  36  44  18  45  42  44  36   2  16   9   5  35  48  48  44   2
  19  41   1  36   6  10  38  47  31  22   2  48  32   6   4  50  25   2  21  28   7   6  27  12  17
  42  20   6  41  18  10  38  41  36  37  42  41  11  32   5  25  34  11   4  25  26   5  13  25
  41  36  48  34  38  39  16  29  10  20  47  36  17  35  27   3   4  27  21  37   7  37  38
  48  44  19   2  11  15  46   3  32  44  31  31  47  19  40  22  32  22  39   2  28  31
  27  48  25  47  18  19  50  19  46  11  36  36   2   9  35  49   1  25  49  26  32
   7  47  14  14  40  18  17  31  32  42  14  50  16  11  22  11  31   2  29  39
  40  39  12  29   9  40  16  42   7  39  32  21  17  12  24  45  31  28  30
  16   6  40  13   9   9  19  39  44  29   4   1  39  36  16   8  12  31
  32  29  46  19  32  25  44  47   6   1  21  46  33  38   1  35  12
  30  32  26  12  49  32  11  14   4  48  30  13   1   3  43  43
  20  27  47  19  37  33  15  18  25  37  47  19  21  47  13
  36  50  41  50  24  47  38  50   4   9  23  11  30  15
  11   8  47  44  30  49   4  42  27  26   5  23   7
   9   1  10  48  10  47   7  38   8  19  33  11
  16  31  32  46   4  50  18  18  22  14   1
   4  30  20  50  33  22  47  42   1   2
  50  24  39  47  22  39  12  24  49
  41   8  35  39  27  20   2  12
  41  12  49  50  50  30  47
  17  14  11  47  24  33
  44   3  50   2   9
   3  27  11   8
  15   8  48
  50  41
  44

 154
  10  16  19   2   3   2  23   2  21   7  10  18   5  11  15   6  12  14   2   8  10  16  24  19   9   6   2   4   8   7

