  30 
  38  41  10  49  38  41  19  45   1  46  39  36   1  45  19  35  43  18  17   6   9  27  30  22  41  26   8  18  49  49
  20  50  35  21  19  29  10  50   5   8   2  11   4  10   3   2  48  25  35  34  45  47  25  12   2  41  33  35  15
  31  34  46  36   9  31  44  10  38   5  35  28  44  43   9  24  32  33  19  13  13  35  22  46   9  46   9  31
  48   1  29  34  28   2  45  34  28  12  37  26  22  45  17  43   7  14  12  12   2   2  37  37  38  18   1
   6  42  16  31  13  18  32  43  43  24  39   1   1  32  19  13  13  27  39  28  12  40  15  37  15  39
  30   2  48  43  39  19   5  24  14  11  17   7  41  11  39  45  22  37  26  27  12  17  22   9  22
  47  29  23  36  27  47   1  44  47  44  31  38  14  35  36  18  21  18   9  26  45   8  12  38
  12  47  39  15  29  48  15   4  33  21  48  31  20  22  28  16  25  46  14  10  38  32  31
   3  45  48  39   4   4  21  34  25  39  14  10  48  48  37  25  39   3  32  21  49  42
  20  47  38  46  37  28  19  42  45  48  37  35   7  24  38  16  26  22  18   7  49
  26  42  49  25   9   9  18  16  49   5  43  31  31  44  37  46  46  13  36  46
  23   6  37  40  40  39   1  29  44  26  19  32  10   1  31  22  18  41   9
   9  25  47  48  22  48  10  16   3  26  49   4  32   9  41  23  47  40
  15  12  11  30  17  12  35  26  19  28  36  27  10   9  38  36  49
  21  47  11  15  36   1  26  11   9  13  31  20  36  40  18   4
  33  36  36  50  18  28  40  31  46  12   4  46   2  40  20
  49  33  12  33  19  12  33  47  43  44   8  10  45   2
  16   1   8  27  45  14  49  35  26  15   6  44  18
  20  26  15  49   3  12  20  21   5  24  38  44
  41  20  45  43  25  23   9   7  39  29  18
   1  19   3  17  22  37  18  47  26  21
  21  39  12  36  35  18   3  29  10
  50  39  50  12  34  49  45  23
  46  41   4   7   5  11  40
  14  35  12  32  19  34
   5  32  29  25  36
   2  32   6  25
   8   9   1
  43  22
  15

 228
   4  19  23   6  16  15  19   8   4   4  10  19  20  10   4  17  24   1   1   3  21  19  23   5   3   6  15   4  16  20

