  30 
  46  15  16  33  42  23   5  29  21  16  11   4   7  11  37  19  33   4   7   6  17   5  16  50  33  40  38  16  15  27
  46  32  41   9  41  33  32  36  25   2  46   9  14   4  21  16  12  15  47  26  25   9   1  32  18  43  33  21  23
   1   8  20  34  19  25   2  50  50  29  49  32   8   5  13  32  48  31  39  19  21  23  26  32  25  14  11   3
  44   7  33   6  34  44  35  42  30   2  19  10   4  13  17  27  15  22  50   4  38  28  19  31  10  30  41
  38  32  16  37   1  48  16   3  49  12  37  31  29  24  17  33  45  27   7  32   8   4   3  45  19  49
  22  12  50   5  17  47  43  40  26  35  23  17   1   7  15  15  24  31  38  43  42  11  42  29  36
  11   7  11  22  37   5   9  42  41  40  37  22  46  49  32  22  29  30  23  42  33  22  28  46
  16  39  13  29  35   8  33  36  33  37  14  35   2  14  10   6  27  50  18  28  18   2   3
  17  27  28  13  10  46  21  14  31  25  10  24  32  46  21  41  19  49   4   9  17  18
  40  31  12  48   7   6  23  28  47  22  37  19  19  30   4   6  26   8   4   3  21
  30  28  27  17  13  15  18   8   3  47  41  27  21  38  27  38   2   5  16   8
  17  44  21  16   2  23  43  37  20   2  45  42  32  25   9  38  26  49  23
  31  45   9  24  48   4  50  48  13  44   3   2  20  43   7  29  23  16
  43  24   1  38   9  22  23  22  11  26  10   5  10  45  14  36  41
  45  21  21  47  28  23  16  47  21   3  29  48  46  16  18  14
  25  30  10  12  14  14   6  23  32  46  50  28  14  28  14
  23  45  14  45   7  36   3  49   1  36  34  28  19  26
  30  39  34   5  35  36  35  41  44  23   6  14  28
  12  26  11  15  41  36  44  31   7  36  18  22
   7  26  37  11  27   9  31  31  27   3   6
  35   9  47  21  30  27  20   9  10  25
   7  45  14  10  43  50  43  43   2
  10  19   6  30  14  13  33  15
  42   5  34   3  35  41  28
  50   5  12  10  23  32
  31  12  43  43  18
  20  12  42  13
  30   7  33
  47   2
   1

 252
  17  24  19   4  24  23   5  13   7   6  19  10  10  19   3  18  16   9  17  23  15   8  25   6  16  24   7   4  10  12

