  30 
   8   0   0   0   0   0   0   0  19  13   0   0   0   0   0   0   0   0   0   0   0   0   0  50   0   0   0   0  32   0
  24   0   0   0   0   0   0  40   0   6   3   0   0   0  17   0   0   0   0   3   0   0  31   0   0   0   0   0   8
  15   0   0  20   0   0   0  41   0   0  31   0   0   5   0   0  11   0   0  32   0   0   0  42   0   0   0   0
   0  29   0   0   0   0   0   0  10   0   0  32   0   0  18   0  42   0   0   0   0  24  31  39   0   8  14
   0   0   3  50   0   0   0  40  48   0   0   0   0  18   0   0   0  15   0   0   0  15   0  32   0   0
   0   8   0   0   0   0   0   0   0  20   0  23   0   0   0   0   0   0  36   0  29   0   0   0   0
   0   0   0   0   0   0   0   0  23   0   0   0   0   0   0   0  38   0   0   0   0   0   0   0
   0   0   0   0   0   0   0   0   0   0   0  48  32   0   0   0  48   0   0   0  17   0   0
   0   0   0   0   0  28   2   0   0   0  17   0   0  37   0   0  26   0   4   0  39   0
   0   3   6   0  23   0   0  14   0   0   0   0   0   6   0   0  30   0   0  19   0
   0   3  48   0  17   0  37   0   0   0   0   0  17   0   0   0   0   0   0   0
  11   0  17   0   0  36   0   0   0  45   0   0   0   0  27  18  11   0   0
  49  37   0   0   0  47   0  17   0  48   0   0   0   0   0   0   7   0
   0   0   0   0  29  32   0   0   0   0   0   0  47   0   0  48   0
  37   0   0   0   0   0   0   0   0   0   0   0   0   0   0   0
   0   0   0   0   0   0   0   0   0   0   0   0   0   2  27
   0   0   0   0   0   0   0   0   0  23  38   0   0   0
  47   0   0  18   0   0   0   1   0   0   0   0  18
   0   5   0   0   0   0   0   0   0   0   0   0
   0  31  50   2  15   1   0   0   0   0   0
   0   0   0   0   0   8   0   0   0   0
   0  10   0  41   0   0   0   0  26
   0  41   0   0   0   0   0  41
   0  11  10  32   0   0  21
   0   0  13   0   0   0
   0   0   0   0   0
   0  12   0   0
   0   0   0
   0   0
   0

 129
  13  16  16  21  14  25  12  25   5  12   3   6  25  21   7  16  14  11   4  20   9  20  23  18  20  18   8   8  24   9

