  30 
   0  11   7   0   0   0   0   0   0   0   0   0   0  12   0   0   0   0  45  46  13   0   0  20  27  46  31   0   0   0
  48   0  23  50   0   0   0   0   0   0   0   0   0  31  36   0   0  14  23  44   0   0   0   0   0  31  26   0   0
   0   0   0   0   0   0  13   0   0   0   0  30   0   0   0   0   4   0  40   0   0   0  20  14   0  40   0   0
   0   0  36  33   6  44  44   0   0   0   0  27   0   0   0   0  14   0  25   0  40  40   0   0   0  27   0
  50  41   0   0  12   0   0   0   0   0  30   0   0  40   0   0   0  45   0   0  26  12   0   0   0   0
   0   0   0   0   0   0   0   0   0   0   0   0   0  46   0   0   0   0   0   0   0   0  18   0  22
  23   0   0   0  12   0   0   0   0   0   0   0   0   0   0   0  40   0   0  24   0  42   0   0
   0   0  47   0   0   0   0   0   0  46  28   0   0   0   0  25   0   0   0   0  43   7   0
   0  48   0  10   0  50   0   0  38  24  24   0   0   0   7   0   0   0  36   0  44   0
   0   0   0   0   0   0   0  24   0  35   0   0   0  37  27   0  50   0   0   0   0
   0   0  14   0   0  39   0   0   0   0   0   0  24   0   0   0  49   0   0  23
   0   0   0   0   0   0   0   0   0   0  36   3   0   0   0   0  16  18   8
   0   0   0   5   0   0   0   0  12   0  20   0   0   0   0   0   0   0
  27   0   0   0   0   0   0   0   0   0   0   0   0   0   0   0   0
   1   0   0   0   0   0   0   0   0   0   0   0   0   0   0   8
   0   0   0   0   0  38   0  47   9   0  35  36  26   0   0
   0   0   0   0   0   0   0  31   0   0   9   0   0   0
  36  13   0  38   0   0   0   0   0   0  29  27   0
   0   0  44   0   0  29   0   0   0   0   0  43
  21   0  39   0   0   0   3  29   0   4   0
   0   0   0   0   4   0   0   0   0   0
   0   0   0   0   0   0   5   0   1
   0   0   0   0   0  15  12   0
   0  38   0  39  43   0  41
  22   0   0   0   0   0
   0   0   0   0   0
   0   0   0   0
   0   0  24
   0   0
   0

 251
   5  23   9  22  12  22   7  13   3  21  19  24   7   9  11   9   2  15  22   3  18  21  15  15  18  18  23  15  16  19

