  30 
   0   2   0   0   0  13  30   0   0  43   0   0   0   0   0  26   0   0   0   0  44   0  27   0   0   0   0   0  37   4
  21   0   0   0   0   0   0   0   0   0   0   0   0   1   0   0   0   0  13   0   0   0   0   0  28   0   0  12   0
   0   0   0   0   0  34   0   0   0   0   0  16   0   0   0   0  26   0   0   0   0   0   2   0   0  12  30   0
   0   0   0   2   0   0   0   0   0   0  38   0   0  18   0  42   0   0   0   0   0   0   0   0   0   0   0
   0   2  39   0   0   0   0  13   0   0   0   0   0   0   0   0   0   0   0   0   0   0   0   0   0   0
  17   0   5   0   0   0   0   0   0   0   0   9  15  49   0   0   0  13   5   0   0   0  17   0   0
   0   0   0   0   2   0   0   0   0   0   0  28   7   0   2   8   0  24   6   0  15   3   0   0
   0   0   0   0  24   0   0   0  34   9   0   0   0  18   0   0   0   0   0  32   0  47  29
   6   0   0   0  31   0   0   0   0  26  29   0   0  19  24   0   0   0   0   0   0   0
   0  49   0   0   0   0   0   0   0   0   0   0   0   0   0   0  37  35   0  32  17
   0   0   0   0   0   0   0   0   0   0   0   0   0   0  15  29   0   1  49   0
   0  40   0   9  10  35  27   0   0   0   0  35  27   0   0   0   0   0   0
  33   0   0   0   0   0   0   0  20  45   0  48   0   0   0   0  41   0
   0   0   0   0   0   0   0  18   0   0  29   0  16   0   0  47   0
   0   0   0   0   0   0   0   0   0  14   0   0  41   0   0   6
   0   0   0   0   2   0   0   0   0  11   0   0   0   0   0
   0   0   0   0   0  19   0   0   0  24   0   0   0   0
   0  10   0   0   0   0   0   0  15   0   0   0  35
   0   0   0   0   0  24  17   0   0   0   0   0
  50   0   0   0   0   0   0  21   0   0   0
   0  50   0   0   0   0   0   0   0   0
   0   0   0  12   0  45   0   0  15
   0   0   0   0   0   0   0   0
   0   2  44  27   0  27   8
   0  27   6   0   0   0
  15   0   2   0   0
   4  26   0   0
   0   0   0
   0  41
   0

 285
   2  11  12  23   3  24   2  11  17  22   6  19   7  25   9  23  18   1   3   1  15  25   9  22  24  14   6  23  20   7

