  30 
   0  30   0   0   0   0   0   0   0   0   0   0   0  28   0   0   0   0   0   0   0  16   0  36  33  17   0   0  38   0
   0   0   0   0   0   6   0   0  42   0   0   0   0   0  46  35   0   0   0   0   0   0   0  40   0   0  40   0  39
   0   0   0   0   0   0   0   0   0   0   0  12  46   0   0   0  21   0   0   0   0  22  38   0   0   0   0   0
   0   0   0   0   0   0  40  27   0  42  44  47   0   0   0   0  10   0   0   0  17   0   0  50   0   0   0
  21  42   0   0  44   0  18  35  30   0   0  28   0   0   0  27   0   0   0   0  35   0   0   0   0  39
   0  33   0   0   0   0  27   0   0   0   0   0   0   0   0   3  42  15  42  38   0   0   0   0  22
  32   0   0   0   0   0  11   0   0   0   0   0  29   0   0   0   0   0   0   0   0   0   0   0
   0   0   0   0   0  12   0   0   0   0   0   0   0   0   0   0   4   0   0   0   0   0   0
   0   0  44   0   0   0  39   0   0   0   0   7   0   0  36   0   0   0  43   0   0   0
   0   0  15  13  13   0   0   0  15   0   0   0   0   0  23   5   0   0   0  49   0
   0   0  18   0   0   0   0   0   0   0   0   0  15   0  31   0  33   0  23  17
   1   0   0   0   0   0   0   0  36   0   0  45   0   0  50  49   0   0   0
   0  21  27   0   0  19   0   0   0   0   0   0   0   0   0   0   0   0
   0   0   0   0   0   0   0   0   0   0   0  33   0   0   0   0   0
   9   0   0   0   0   0   0   0   0   8   0   0   0  15   0   0
   0  32  22   0   0  21   0   0  16   0   0  31   9  20   0
   0  20   0   0   0   0   0   0   0   0   0   2  43   0
   0   0   5   0   0   0  48   0   0   0   0   0   0
   0   0   0   0   0   0   0   0   0  46   0  18
   0  22   0  21   0   0   0   0   0   0   0
   0   0   0   0   0  16   0   0   0   0
   0   0   0   7   0   0   0   0   0
   0  28   0  48  33   0   0   0
   0   0   2   0   0   0   0
  39   0   0   0   0   0
   0   0   0   0   0
   0   0  14   0
  32   0   0
   0   0
   0

 157
  10  22  24   8  21  15  25   9  23  14  22  15   1   9   3  17   8  24  23  22  24  13  12  24  10   3  15  12  11  10

