  30 
  43   0  34   0  47   0   0  27   9  50   0   0   0   0  43  14   0  38  26   0  43  47  18   0   0   0   0   0   0   0
  47   0   0   7   0   0   0  25   0   0   0   0   0  29   0  21   0  34   0  26   3   0   1  33   0   0  22   0   6
  13  43   0  36   0  10  38   0  24  41  12  36  39   0  27   0  13  49   0  18  15  17   0   0   0  23   0  47
   0  38   0  17  33   5   7  29   0   5   0  19   0   0  16   0   0   0  32  39  26   0   0   0   0  44  45
   0  23  36   3   0  45   0  23   0   0  30   0   0   0   0   0   3   0   0  42   0   0   0   0  16  22
  13  19   0   0   0  19   0   1   0   0   0  43  39  44   0   0   0   0   1  18  31  29   5   0  45
   0  30   0  23  32   0   0   0  47  21   0  38   0   3  28   0  21   9   0  30  30  25   0  27
  23   0  14   0   0  20   0  49   0  38  30   0  41  25   0   0  35   0   0   0   0   0   0
   0   8   0  15  12  40  45   0   0   0  13  26  22   1  35   0   0  46  27   0   0  35
   0  14  17   0   0   0   0  38  18   0  17   5  48   0   0   0   0   0   0   5   2
  27  45   0  10  35   6  38   0  19   0   0   0   0   0  21   0  23  44   6  38
   0  35   0  34   0  17   0  11  26   0  26  46  23   0   0  30   0   0   0
   4  13   0   0  50   0   0   0   0  19   0   0   0   9   0   0  41  13
   0  42  17   0   7   0  25  35   3   0   8  49   0  32  27   0  22
   0  44   0   0   0   0   0   5   0   0  11   0   0  11  36   6
   0  42  15   0   0   0  43   0  41   0  12  40  28   0   7
   5  35  49   0   0   0  33   0   0   0   0  24   3  25
   0   0   0  25   0  48  40  49   0  10   0  24  11
   0   0   5   0  32   0   0  19  18   0   0   0
   0   0   9  41   9  23   0  12  38   0   0
  24   0  30   0   0  10   0   0  50   0
  42  41  23   0   4   0  39  17  21
   0  40   0   0   5   0   0   0
   0   0  31   0   5  31   0
  44  44  48   0  23   0
  23  33   0   0  24
   0   0  41  12
   0   0  45
   0  41
   0

 143
   5  18  10  24   4   6  15  18  23  20   3  20   7  16  11  10  16  13  14  15  21   7  17  12  19  25  22  21   2  16

