  30 
   9  16  17  46   0   0   0  48  31   0   0  42   0   0   0   0   0   0   9   0   5  43  13  30   0   0  35   0   0  27
  47  25  48  36  33  15   0   0  31   0  37   0  13  27   0   6  25  22   0  19   9  47  13   7   0   6   0  10   0
  24  49  25  45  27   0   0  19  41   0   0  28   2   3   0  35   0   0   0  50  15  47   0  20   0   0   0   0
  47   0  40   0   0   0   0   0   0   0   0   0  45   0  26   0   8  34   0   0  38   0   0   0   0  48   0
   0  41   0   0   0   0  50   0  36   6   0   0   0   6  38   0   0   0  27   0   0   0   0   0  25   0
   3  30   0   0   0  38   8   7  27   0   7   0   5   0  18  49   0   0  41   0  12  33   4   0  49
  27  47  30  48  20  16   0  13   7  22  14   2  14  35   0  39  45  34  21  15   0   0   0   0
  21   0   2   0  17   0  50  45   0   0  30   0   0   1  17  49   0   0  17  15   0   0   0
  48   0  20   0  12   0   0  22   0  47   2   0   0   0   0   0  49  21   0  36   0   0
   0   0  11   0   0  43  14   0  48  30   0   0   0   0   0   0   0  18  36  13  31
  45   0  22  11  10  12  50   0   5   0  10   2  24  23  19   0   0   0  38   0
   0  33   0  18   6   0  19   0  46   6   0   0   0   0   0   0   0  47  41
   0   0   2  44   2   0  28   0   0  34   0   0   0  28   0  48  19   0
   7  15   0  27  50   0   0  31   0   4   0  29  13   0   0   0  17
   0  47   0   5  47  40   0   0   0  39   5  14  27  41  27   0
   0  40   0   0  21   8   6   0   0  28  35   0   7  44   0
   0  41  33   3   0   0   3  43  14   0  50   7  32   0
   0  26   0  48   0   0  46   0   4   0   0   0  48
   5  32  45   0   0  42   0   0  19  45   0   0
  11  20   0   0   0   0  16   0  27  25  28
   0   0  16  47   0   0   0  50   0  29
  11  15  30  41   0   2  34  29  49
  38   0   0   4   3   0   0   0
   2   0  20  23  19   0   0
  20   0   1  28  19  44
   0   0  33   0   0
  14  36  31   0
   0   0  13
  12  26
  16

 123
   6  19  11   7  17   9   5   2   7  13  25  11   4  24  10  17  10   4   7   8  25   4   4  14   3  21  16   4  11   9

