  30 
  48  20  29   4   0   0   0   0   0  37  49   0  41   0   0   0   0  44   0   5   0  37  30  49  11   0  24   0   0   4
   0   4   0  11  18   0   0  18   0   5   0  43  14   0  22  25  35  41   0   0  38  46  33   0  35  39  38   0   0
  20  13   0  26   0  41  16   0  50   8   1  11   0   0  25   0  36   0   0   0  16   0  13   3   0   0   5   0
  36   0   0   0   0   7   0   0  42  17   8   0   0   0   0  26  28  49  21  38   0  35   0  49   0   0  20
  14   0   0  48   0   0  43  35   0   0   0   0  44  21  37   2  29   0  37  33   0   0  27   0  19   0
  41   0   0   0   0   0   0  40  38   0   0   0  30  19   0   0   0  13   0  26  12   0  21   0   0
  15   0   7   0   0   0  40   0  37   0   0  26  33  25  40  37  46  26   0   0   0  47   0   0
  13   0  18  22   8   0   0   3   0   0   0   0  16  32  22   0  47   0  35  19  20   0   0
   0   0   0  19  29   0   0   0   1   0  26   0  10   0   0   1  44  34  24   0  50   0
  36  14  36   0   6   0  19   0  35   0  45   0  38  35  27   0   0   0   0   3  19
   0  46   6  46   6   2  11  32   0  26  31   0  23  21  14   0   0   1  21   0
  22  11   0   0   0   0   0   0  29  36  36   0  23   2  44   0  50   0   0
   6  30  44   0  43   0   0  31  47   5  17   0  24   0   0   0  34  20
   0   1   0  47   0   0   0   6   0  43   0   0   0   0   0   0  49
   0  41  33  10   0  40   0   0  14   0   0   0   0  38   0  15
  27  40   0   0  38   0   0   0   0   0   0  30  42   0   0
   7   0   0  15  45   0   0   0  48  38  45   0  10   0
   4   0  23  31   0   0   4  42  25  11  28  36   0
  14   0   0  10   0   0   0  14  20   0   0   0
   0  37   0  28  40   0  29   0   0   5   0
  35  39   0   0  37   0  47   8   0  39
  37   0   0   0  30   0  16   0  39
   2  13  36  11  47   0   0  19
   5   0   2   0  35   1   0
   0   0   4   0   0  24
  25   0   0  14  33
   0  23   0  22
  14  35   0
   0   5
   6

 282
  25   5   7  15  14  22  25  20  14  24  22  11   1   5  17  12  24  25   2  14   5   4   3   4  20   6  25   9  17  23

