  30 
   0   0  39   0   0  48  26   0  46  31   0   0  25   0   0   3   0   0  38   7   0   0   0   0  48  21  28   0  12   8
  28  16  29   0   0   0  40  39   0  49   0   0   8   0   0   0  12   6   0  25  47   0   0   0  12   0   0   0  24
  21   1  25  10   0   0  22  22   0   0   0   0  31  33  32  37  10   0  37   0   0  23  17   0  45   0  17   0
  18   0  50   0   0   0   0  45  16   0  23   0  42   0   0   0   0  12  35  38  15   0  48  42   0   0   5
  20   0   0   7   0  41  41   0   0   0   0  43   0   0  39  50   0  41   0  37   0   0  28   0   0   0
   0   0   0  45   0   0   0   8  26   5   0   0  30   6   7  17  23  34   0   0   0  12  49   0   0
  44   0   0  33  25  10   0   0   0   7   0   0  45  26   0  31  38   0  41   0   0   0   1   0
   0   0   8   0   0  41  48   1   0  38   0   0   0  21   0   0   0   0   0  35   0   0   0
   0   0  16   0   0  33   0   0  43  33   6   0  15   0  44   0   0  27   2   0  24  33
   0   0  43   0   0   0  34   0  21  41   0   4   0   0   0  40  40   3   0   0   0
  39  38   0   0   0  26  37   8   0  10   0  39  48  13  17  12   0  25   0   9
   0  21   0   0  26  31   0  28   0   0   0   0  17   0  36  49   0   4  28
   0   0   0  45  33   7  45   0   8  49  42   0   0   0  30   0  13   1
   0  24  26   0   0  45   0   5   0   0   4   0  35  26   0   0   9
  38   0  37  23  46   0  36  42  15   0   0  44  50   0  26   5
   0   0  12   0   0   0   0   0   0   0   0  25   0   3   0
   0   0   0   0  50   0  50   0   0  15   0  37   1  29
   1   0   0  31  34  29   0   0  14  48   0   0  18
   3   3   0   0  27  31  35  32  35  13   0   0
   0   0  16  35  26   0  17  10  37  43   7
   0  46  25  28  25   0   0   7   0   0
  33   7  34  37   0  29  13   0  38
   0  37   0   0  40  22   0  26
   0  33  19   0  20  18   0
  47  13   0  37  36   0
  15   0   0   0   0
   5   0   0   0
   0   0   0
   0   7
  43

 308
  21  16  19   5  13  21   7  24  25  15  23  18  19   1  24   9  12   6   7  18   1   9   8   2  18  12  15  16  19  21

