  30 
  50  21   0  47  44  16  17   3   0  27  10   0  38   3   0   0  31  37   0  32  21   0   0   0   0  31  37  16  30  36
  40  46  50  12  24  48   0   2  28   2  25  11  48  36   0  12   0  41  22   0  21  37  46  23  11   0  46   7  31
  31  11  24   5   0   0  23   0  25   5   3  15   8  19  19   0   0   7  15  43  33  43  33   0  40   3   0   2
  31   0  50  26  30  37  37  39   2   3   0  10  11   1   0  28  25  13  38  36  19  48  42   0  35  16  21
  25  13  42  48   8   0   0   0  17   0   0   0  15  27  34  46  23   1  25  35  13   6  12   0   0  49
  36  26  27   8  18  12  46   0  32  27  38   0  15  25  25  35  24   0  21   3  18   1  28  34  10
  42  36   0   5   0   2  45   0  17   0  20  12  20   0  11  21  11  43  29  37   0   0  22   0
  11   0   2  31   0   4  28  38  22  29   0  39   3  15   0   0  35   9  43   1   0  33  26
  39   1  49  13   0  50  27   0  36   0  12  19   5  32   4  49  48   0  36  15   1  14
   0  16  13  46  17  20  43   1  49  22  38   0  32  18   0   0   8  22  47   0  12
  11   0  18  43  31   0  31  32   0   1   1  38  46  19   0   0   0  43  43   0
  20  30  47  20  11  26   2  17   0   7  11  16   6  43  40  40  45  45  28
  48  50  36   5  12   0  45   0  50  33  32  47   0   8  19  26  25   0
   0  42  39  15  17  28  17   0   0  27   0  49  50   0   8  23   7
  24  10  31  44  36  46  49   0  45  39  24  14  39  37   0   0
   0  25   0  46  29  14  33  40   0   2   4  31  31   0  43
  15  35  35  46   2  35   0  12  16  30   0   4  36  43
  36  10  30  39  18   1   0   8  34  16   0  14  24
  35  45   0  21  39   8  13  43  21   0   1  43
  30   0  42  38  47   5  41  22  43   3   1
  36   0  11   0  12  20   8   3  31   6
  50   0  40   0  41  44   8  48  25
   0  35  35  22   0  15  26   0
  38   0  35   0   5  47  11
  12  27  21  10  26  47
  44  26  42   0   6
  34   2   0  14
  44  44  13
  35   8
  18

 247
  14  15   3   6   5  25   8  12  25  24   8   1   5  23   2  22  22   4  10  11   2   6   6  22  24  12   9  17   3   4

