  30 
   5  19   8  19  20  40   9   5  25  34  29  20  30  36   0  18  13   1  20   8  44  15  23  10   0  46   0  24   0  36
   0  41   0  18   0  30  21  44  34  13   9  28  27  14  39  10  20  42  49  21   9  20  24  28   6  14   1  23   0
  19  34  20   3  49  50  12  16  38   0  39   0   0   0   3  32  10  32   0   0   3   6  20  12   0   5  13  39
  47  15   0   0  31  22  28  21  39   5   5  21  30   0   4  17  31  29  30  16  23   0   0  26   0  15  33
   0  42   0   0   0  34  12  42  50  44  22  42  34  11  47  35  10   4   0  21  38   6   2  37  37   0
   0  10  39   0   0   4  30  15  27  33   0   0  13   0  14  46  38  32   0  25  11  19   0   0  28
  40   0   0  36   1   0  41  35  18   0  30  20  24   0  30  13   0   0  44  38  16   0  32  25
  10   2   0  33  42  20  45  22   0  24   0   0  29   0  36  50  18   0   0  39   0  36   0
  29  43   0   0   0   2   0  30  45  32   0  16  43  19   0  34  50   0   2  47  35  18
  26  37  49  20   7  14  31  32   2  20  50   0   6  16  21  38   3  27  25   0  25
   0  37  31   0  12  48   9  24  29  28  26   0  24   5  27  44   6  49   0   6
  21   0   0   0   0  15   0   0   0  44  13   9   9  17  18   0  23  10  26
  28  46   0  30   0  21   7  25  42  21  27  50  20   0   7   0  14  19
  21   0  35  34   7  36  18   0  29  47  24   0   4   1  46  18  29
  15  20   0  43   0  15   0   0   0   1  18  11  26  24   9  24
   4  16  21  21   6  49  31  15   6   0   5   0   1  40  11
  21  31  12   9  40   0  47  42   0  13   0  31   0   3
  32   0  46  46   0   0  32  29  25   8  30   1  39
  35  43   0  36  50   7  47   0  34  47  49  35
  27  12  26  47  28  39  41  23  23  32   0
  48  39  25   0   0   5   0   0  15  36
  30  49  14  31  46  38  37  25  18
   0  38  28  32   3   1  49  37
   5   0   5   0  18  39   0
   0  22  44   0   0  44
  37   0  40   0   0
  47   0  44  37
  34   0  31
  37  14
  28

  95
   9   8   7   6  11  11   5   9   9  19  16   1  16   8   3  21  17  15  22  18   4  23   5  13  22   5  19  23   2  18

