  30 
   8   3  19  17  46   5   0   3   1   0   2  37  36   0   6  31   7  33  28   0  20  34  50   0   5  36   4   1   0  30
  10  19   0   5  42   8   0   5  32  34  30   0  39  14  12   8  22  49   1   6  45  50  20   0   0  44   3  14  50
  47   0  17   4  18   0  14   1   0   3  22   0  46  37  33  43  46   0  46  17  38  13  12   2  49   0  27  42
  16   0  32   0   0  32   0  18   2   0  18  22  47   0  15  49  24   9   0   9   0  46  12   0   0  39   0
  16  27  30   0  42   0  34  36  35  23  11   0  18  15   0  31   0  45  35  46  33   4  11  24  24  37
  45   0  29  50  34  46   6   0   0  26  42  43  22  39  13  47  31  49  39  11   1   0   0  47  36
   0  20   9   2  38  36  12  27  42  25  34   6  25   0   6   0   0  43  24  35   0  20   4  13
  46  13  39  24   5  17  44  34  23  44  41   2  21  13  23   0  30  44   0  14  24   5  50
  34  33   1  47   0  50   0   0   0  32  34  13  32  35   6  24   0  37   3  30  24   9
   0   0  33   0  20  15  26   4   8  37  13   0   1   8  14  34   5   0   0  27   0
   0   0   0   0  27   0  16  21  45   1   0   5   0   0   6   2   2  25  30  23
  23  32   0  36   0   0  22   9  31   6  17   0   1   0   0   0   3  44   7
   0  22  16  15  29  41  14  19  30   0  29   0  43  15  40  14  21   0
  45   0   0  19  34   0  26   0  49  43   0   0  33  12  38   0  48
  37  35  40   7   0   0  22  29   0   0  22  33  27  17  31  39
   0  21  50  46   1  30  39   8   0  26   7  11  13   6  48
  41  26   0   0  43  47  47  37  14   0   0  39  30   0
   5   4   0   0   7   0  35   0   0  26  29  19  26
   0   0   0  33  39   0  28  49   0   8   2  14
  43   0  19  23  49   6   0  41  28  15   0
  43   0  46  10   0   0  15  39   0  34
  12  44   3  28   0  26  39  47  45
   0   0  50   0  16  11  32   0
  45  17   4  28   0   6  12
  38   0  33   5  16  14
   7  45  50  46  27
   0  48  15   8
  28  36   0
   0   0
  30

  98
   5  12   1  11  20  11  11   6  19  17  11   8  10  21  10   5   7  13   2  25   7   3  11  25  19   4  21  10   7   4

