  50 
  39  22  27  18  21  44  28  16   8   1  30  29  18  26  14   6   6  21   2   7  18  36  15  27   6  43  39   1  12  10   2  23  39  20  27  50  33  32  13   6  30  47  42  39  30  17   2  39  24  25
  39   1  48  50  16   6  19  17  10  15  21  40  49  17   2  29  11  36  14  35  40  18  24  39  23  50  34  24  10  42  35  45  34  41  31  31  29  33  33   8  34  16   3  46  10  44  13  25   7
  10  19  23  19  50  40  45   3  41  40  16  33   9  28  36  25  17  28  22  36  18  26  45  31  14  47  48  10  18  43  38   3  47  37  46  20   6  18   9  29  31  32  15  30  12  29  44  30
  19  10  26   3  11  31  24  43  17  25  22  49   9  50   8  38  40  37  15   5  35  37   2  22  33  19   8  23  42  29  31  32  16   2  13  27  26  21  38  12  35   1  21  15  24  10  24
  17   9  23  20  20  33  23  24  16  45  28  38  12   7  36  42  44   4   8  35  33   3  42  38  14  46  11  27  32  24  37  11  16  20  34  22   3   8  13  28   8   7  33   8  29  31
  33  37  11  44  46  46  32  23  39  42  32   4  34  36  38   4  35  20  31  10  13  18  25  10  31  43  41  48   2  14  41  14  35  20  33  33  38  16   6  13   2   3  50   5  38
   6  12  44  23  20   4  24  25  50  13  24  17  19   6  37  47  26  19  22   7  16  27  49  17  32  22  44  39  40  44  38  11  15  18  42   7  11  33  41  20  27  38  42  37
   3  46  14  46  16  39   2  43  14  50  23   2  21  47  33   7  14   3  39  33   1  45  46  23   2  12  50  24  42   6  19  10  20  29  22  19  37  47  29  14  23  37   6
  16  50  15  24  35  17  44   1   8  26   5   1  17   9  16  44  30   2  47  38  22  13  43   1  17  13  12  11   4  17  34  44  35  27   2  34  10  24  50  38  44  49
  31  20   1  49  20   3  20  43   4  37  32   4  18  39  11  43   1   1  35   4  46  40  14  49  39  41  18  29  32  16  28  24  43  40  37  44   9  29  31  50  32
  27  27  50  22   6  46   9  45   8  50   6  30  18  35  24  23  17  12  27  47  18  36   9  27  30  39  27   6  17  32  14  18  48  14   2  40  22   9  15  23
  14  31  30  13  21  12  26  32  39  13  12  13  29  36  18  25  23  24   4   8  35  48   8  48  13   4   2  32  32  47  13  32  24  16  23  17  23  40  19
  26  10   2  47  37  45  15   3  46  17  20  41  27   6  50  34  40  17  46  13  39   4   3  14  45  37  12  24  35   7  18  40  25  22  19  50  34  18
  22  37  44  15  48  19  38  31  14  39  33  42  25  18  25  35  24  21  20   6  46  11   7   5   5  18  16  45  16  28  36   2  15  11  17  29  16
  42  48  30  22  11  40   7  42  16  48  22   1   1  27  45  47  38  13   7  32  39  32  14  23  33  16  16  42  37   1  31  42  20   6  31  21
  28  43  21  31  17  11   1  26   1   9  25  31  29  33  39  40  38  17  45  21  43  30  40   8  21  20  45  18  40  12  38  43  37  48  14
   6   8   7  12  12  13  36  12  42  25   7  45  48  43  33  43  22  48  21   1   6  47  33  31  44  35  30  35  48  14   6  23  43   1
  29  48  23  36  32  15  42  20  15   8  47  25   9   3   4  12  33  26  43   2  26   1  24  44  20  42  34  42  42   5  20  39  33
  21  49  40  28  48  19  29  42  12  31  35   3  36  46  37  46  47  17  34  45  10  40   1  26  44  23  14  25  32  44  26  50
  44  15  42  34  10  22  30  40  12  34  41  13  14   2  38  19  28  34  10  13   2  50  17  13  29  42   8   8  26  30  45
  30  28  46  26  19  16  13   2  23  26  34  49  14   5  37  16  26  29  42  14  11  29   7  31  18  32  17  34  34  33
  30   2  45  11  10  47   8  40  15   2  27  41  35  46  21  18  32  20  20  28  33  27  29  31  29  24  18  29  14
  43  10  11  25  27  40  44  22  50  14  17  43   5  17  17  37  33   1  11  22   3  40  28  11  42  32  33  15
  23  36  45  22   2  28  41  39  12  47  15   7  16  20  45  46  48  16  49  36  37   2  41  19  30   3  28
  49  12   9  31  44  31  18  39  48  14   4  50  39  16   2  17  44  22  21  11  17  35  41  30  11  35
  18  49  16  38  17  46  50  50  17  32   9   9   7  42  32  44  50  48  13  16   1   3   9  13  21
  39  27  41   6  16  11  10   8  41  30  21  32   6   5  20  24  44  42   6  26  38   5  37  19
  21   4   4   5  41  13  11  22  50  16  13  48   3  43  33  19  31  34   3  21  18  37  35
  20  35  33  19  11  50  21  13  15  16  39   6   3  45  24  48  34  48  16  30  49  11
  22  33  20  20  29  36  12  43  30  30  33  34  34   4  28  42  39   3  40  29   6
  22  35   6  48  13   7  21   4  20  23   7  13  13  14  38   7  18  22  36  33
  20  45  31  30  29   6  22  14  43   9  19  50   9  31   6  49  29  45   2
  42  20  38  19  21  25  41  41  36  21  15  21  34  20  32  28  10   8
  29   1  36  21   2  15  34  21  44   1  14  12  49   5  42  10  19
  38   9  24  12  15   2  39  44  44  11  26  34   2  35  31  12
  17  14  24  44  21  31   8  34  10   6  27  40   6  31  48
  15   6  23  50  48  18  44  34   5  50  20  40  31  31
  35  17  48  30  47  19  18  34   8  23  40   1  23
   7  12  18   4  49  30  44  15  16  50  28  44
   2   9   5  32  40  21  16  29  29  38  17
  13  15  31  24   3  40  34   7  33  34
  27  11   8  47  22  16  33  38  45
  24   7  22  26   2  20  16  18
  40   2  17  17  44  12  45
  38  28   9  16  23  50
   8  27  49  21  37
   6  47  36  42
  34  39  44
  41  20
   9

 206
  25  20   1  15  20  19  24  21   9  11  24  25   5   8   6  13  20   6  15   8  22   9   3  24  22  15  14   6   7  15  17   8   9  12   7  13   5  19   8  23  24   9   6  18   3  24   6   2  15   1

