  50 
  28  11  42  17  12  47  49  15   1  46  47  28  33  25  11   5  45  44  17   6   5  17  10  10  45  46  16   4  35  41  23  26  22  49  48   7  22  27  26  33  35  30   3  26  47  28  47  16   5   8
  50   6  15  15  33  49  14  36   5  26  28  45   8  28  49  30  16  25  45  46  45   1   9  10  26  47  35  19  49  19  48  12  31  20   8   6  18  50  50  43  49   1  12  23  31  41  30  50  26
  29   8  14  24   9  49  34  16  48  27  49  50  14   7  31  12  16  29  19   1   5  21  40  26  41  42  21  49  13  46  19  36  40  34  23  25  11  27   8  30  46  49  46   1  21  18  21  25
  26  27  45  44   4  16  41  30  38  14  49  48  36  27  11  13   1  50   8  18  32  26   1   5  50  26  49   4   5  38   8  39  19  35  38   6  37  26  23  21  10  22  30  38  15  31   1
  18  46  20  11  11  14  48  37  29  14  31  45  43  44  13  11  23  29  31   2  40   8   9  27  33  33  16  44  23  43  46  14   7  45  21  31  28  27  24  41  13  22   8  45  20  34
  44  48   8   1  29   5  49  50  22  31  47  11  43  43  23  49  32   5  38  11  16  29  20   5  36  30  22   9  35   3  42  43  10   9  46  18  49  27  49  36   5  12  27  38  15
  13  19  13  18  31  41  37  28  11  20  13  14  22   9  18  40  13  26  25   6  35  30  48  28  49  37  35  44  23  35  23  22  30  29   5  10  20   2  18  31   2  11   1  50
  24   7   3  27   7  48   1  18  37   1  26  47  24  32  36  20  37  20  34   4  32  38  39  40  23  23  31  21  21  25   2  43  33   4  27  10  24  38   6  17  30  16  15
  21   3  46  13  28   6  19  32  49  21  38  30  16  36  13  47  37  33  40   7  45  24  36  44  26  20  33  14  21   2   7   3  14  10   3  43  13  17  47  35  45   2
  26  19  12  48  39  12  39  16   1  24  33   3  23   6  14  10  26  48   4  35  11  25  41  12  20  16  27  40  23  41  41  49  48  23  20  49  30  36  12  21  19
  46  22  35  33  25  37  12  32  25  13  33  11  33  18  39  10  30  25  34   4  37  31   8  12  45  20  18  11   4  17   1   7   7   5   7  33  25  44  10  18
  47  48   5  22   2  11  13  19  24   2  49  26  22  25  25   2  10  35  33  25  12  45  11  49  48  41  39  33  35  42   8  37   1  25  14  40  46  13   2
  17  29   9  32  50  34   6  30   5  16  15  44  20  31  25   1  27  26  37  18  18   3  22  43  30  20   5  35   6  34  21  35  46   9  36  11  41  15
   5  20   9  26  33   6  29  10  27  18  50  23   2  39  12  34  11  42  41  37   3  20   2  38  10   7  29  24   5  13   3  41  12  36  14  24  33
  33  13  15  25  48   9  24  39  21  13  23  10  36  16  20   6   9   2  16  29  12   7  17   8  34  21   9  25  26  36  14  33  11  17  42  10
  41   4  10  12  48   8  24  39  22  34  32   8  12  26  46  19  39  22  20  34  12  43  37  37  22  47  46  29  13  29  11   8  46  21   7
  19  41  28  43   5  28  31   9  31  10  42  44  13  28  16  26  17  41  30  14  15  46  20   2  35  36  17  16   9  31  23  34  22   4
  34  41  36  19  47  30  37  11  14  49  50  44  18  16  37  21  14  43  26   7   1  20  41  27   3  39  19  25  35  40  25  28   4
  32  24  45  29  41  32  42  25  11  38  40  36  45  41  48   5  48  48  21  38   5  47  50  13  43   2  17   4  17  21  13  27
  21   4   5  33  33  47  21  29  29  49  10   2  11  25   7  28  13  13  35  40  25  21  24  20  48  31  49  17  23  21  10
  27  17  27  43   8  33  34   9  46  45  31  46  45  38  24  25  19  28   5  13  14  46  36  48  13  41  44  39  47  50
   1  19  18   2  23  24  49  45  24  15  46  30  10   7   6  39  17   9  31   7  38  32  40   6   8  27  25  50   9
   2  39  28  50  32  19  37  33  47  13  48  34  28  24  22  18  40  18   6  15  38  35  27  28  37  43  34  38
  28  15  50  31   7   9  32  28  29  12  44  50  11  23  50  31  25  11   6  47  12   3  22  16  25   2   5
  46  33  10  16  37  30  15  32  37  23  21  27   8  29  15  12  47  15  14  26  26   2  22  31  30   2
  31  30  45  13  44  33  43  33  24  23   6  18   8  19  37  35  37  15  42  43  50  16  42  38  20
  38  32  36  21  23  30  31  21  10  17  38  33  43  16  43   1   5  49  37  47  17  14  12  44
  14   5   7  20  22  10  32  17   1  31   4  11  18  44  20  12  44  45  36   2  25  50  36
  13  18   8  36  30  43  48  12  44   1  10  11  44  22  35  27  15  15   3  11  10  44
  43  50  41   3  18  15  25   2  19   5  46  25  39  43   7   7  36  28  29  26  27
  11  22  23  49  10  30   4  21   7  48  42  14   2  31  37  50  15  19  19  42
  27   8  20  13  32   7   1  17  20  28  24  45  18  32  23  34  26  20  33
  25  39   5  40  42  28  20  12   7  22  46   2  15  29   5  15  39  11
  36  14  23   6   3  32  11  42  33  28  35  41  30   2  23  47  36
  45  36  35  49  16  15  14   3  37   8  39  27   9  32  12   3
   2  11  11  25  38   4  41   5  41  39   4  33  29   4  13
  38  41  14  35   5  33  31  15  36  31  27  17  20  24
  12  48  15  15  38  44   5  31   3  18  47  42  22
  38  41  25   1  42   9  21  26  31  31   3   9
  31  26  34  41  41  28  11   2  14  19  50
  18  32  28  33  20   3  45  30  34  39
  42  14   5  38  13  39   2  21  30
  35  46  21  27  17  15  15  37
  11   5  14  32  17  43  32
  39  39  10  39   2  47
  43  50  36  44  34
   3  14  15  11
  35  28  19
  36   9
   2

 490
  19  23   5  19   6   7  22   4  17  10   1   1  20   7  20  24   7  18  14   3   8  14   2  10  16  15  25   6  13   3   4   3  18   6   6  20  16  13  16  20  10   9  17  16  15   6   5   1  19  17

