  50 
  26  19  27  35  36  40   3   6  34  28  43  35  19  35  44  21  10  47  18  32   3  48   2  42  11   6  22  29   7  22  50  33  12  11  28  27  36  27  36  20  10   3  29  41  24  40  37  11  37  30
  44  47   1  19   3  23  19  40  36  28  30  45  44  29  30  14  50  41  42  47  13  48  38   6  34  49  34   9  48  49  50  39  23  34  48  26  49   2  11   1  17  41  39  11  18   9   2  13  11
  25  38  20  50  20   1   5  18   8   9  44  12  23  31  28  11  25  30  26  11  28  12  37  17  10  26   6   7  46  22  32  33  37  49  18  19  28   4  33  21  50   3  49  31  23  23   9   9
  25  13   7  28   4  31  19   3   1  30   3  40  39  49  11  17  36  35  22  21  22   8  43  21  44  36  12  25  14  22  12  33  44   6  43  10  22  12  12  40  47  33  42  10  46  18  15
  10  37  21   9  27  44   1  22  41  18   7  39  25  34   1   6   2  40  26  13  15  42  37   1  19  31  43  22  28  31  13  31   4  49  10  30  25  46   9  34  49  23   3  34  25  35
  20  10  34  36   8  22  26  22  44  39   8  20  28  19   4   4   7  43  48  19   7   6   3  13  46  11  28   2  23  34   9   7  22  33  24  50  25  10  41  47  39  16  32  35  28
  46  38  41  33  15  13  48   6  13  22  12   3  13  42  29  13  37  11  10  16  39  39   6  40  26  23  42  27  47  24  20   8   8  31   6  44  22  39  38  25  32  25  29  36
  12   8  37  49   6   8   9  24  24  10  33  47  42  22  28  47  48   5   8  24  38  46  20  25  16  35  27   4  43   5  34  49  42  25  47  23  45  46  35  27  48  14  27
   4  44   1  44  25  22  33  36  48  37  26   1   7  26   4  30   5  46  45  35  38  18   2   1  35  14  44  23   7   7  34  39  44  41  20  36  31   1   7  34  12   1
  32  10   5  47  11   5   1  45  26  31  33  44   6  18  48  14  37  40  32  49  31  15  28  29  26  20   3  33  38  10  17   3  15  10  25  50   9  19  25   8  40
   7  13  16  36  36  36  11  19  37  15  46  48  10   8  17  47  41   1   2  37  38   6  41   1  30  15  34  36  33  15  15  21  16  47  14  30  42  26  17  26
  36  26  34  16  25  26  28  18   6   8   4  11   3  31  17  22  33  44   5  29  34   2  45  30   5   4   5  32  36  15  16   5  47  35  46  43   9  34  34
  24  25  43  12  44  31  47   7  15  23  41  19  36   9  46  39  33  43  18  44  21  19  34  23  19  41  20   3  18  30  37   1  16  38  13  21  26  49
  10  15  13  11  22   3  20  50  29   6  18   2  42  43  20  10   1   3   2  16  20   5  33  12  18  20  48  29  37  21  49  22  37  47  14  31  29
  40  32  13  16  38  28  25   4   6  16  48  28   8  46  31  42   2  34  43  13  24  26  42  47  36  12  40  41  50  33  29  23  17  44  35  50
  19   5  42  10  11  23  46  41  27  37  34  36  33  43  48  33  48   5  39   1  50  20   4  32  47  42  45  22   8  41  40  26  13  42  22
  13  39  39  41  20  22  38   9  29  24  48  28  30  35  29  49  16  17  39   7  19  29  27  21   8  37  22  37  29  18  35  10  44  13
  44  30  30  48  25  49   3  11  22  23  50  14  28  42  24  40  35  13  16  32  47   8  34   9  43  13  34  20  17  21  24  28  26
  34  11  22  36  33   1  11  48  11  46   7  15  38  25  18  41  30  12  28  44  12   7  16   1   8   5  16  33  49   8  45  24
  17   3   7  41  45   1   5  10   6  16  12  25  36  30  16  22  11  18  21  12  12   8  49  14  25  12  23   1  48  10  12
  42   9  41   5  31  11  20  45  26   7   6  12  17  26  48  42  43  36  48  13  14  33  47  17  13   1  48  15  17  19
   4   4   5  34   8  29  14   4  26  34   8   3  40  26   3  34  31  49  40  11  30  40   2  34  29  45   2  45  17
  38  19  14  46  50  40  27  10   4   4   4  23  23   2  37   8   7  37  21  15  10  33  34  48  19  21  49  26
   3  10  17   6  49  39  24  10  14  31  24   6  34  38  41   4  46   9  32  33   7  36   3  39  34  33   2
  11  28  10  48  12  31  32  13  19   8  16  49  45  23   9  43  14  13  11  38  35  30  27   4  42  29
  24  12  18   9  49  30  17  39  34  38   5  36  31  16  46   9   1  50   3  47   9  20  14  41  38
  21  50   4  49  49  32  35  49  13  41   8  16  17   1  38  12   6  24  32   9  37  41  15  23
  22  30  24  16  19  44  12  23  18  27  19  20   5  20  26   2   5  23  17  23  43  27  11
  37  48  38  47   2   9  27  22   8  49  29  28  10  35   3   6  13  26  16   9  38  42
  46   9  21   8  33  27  35   4   8  34  24  16  14   7  27   2  20   8  11  34  15
  17  44  17   7  10  17  35  49  15  36  47  22  50  24  13   8  31  37  15  35
   2   9   1  42  26  48   7  50   7   6  10  36   9  39  43   5  35  47  21
  21  17  25  36  14  30  17  42  18  24  20  16  45  22  26  30  10  18
  30  33  14  38  36  18  49  27  41  26   4  36   1   2  12  12  38
  28  49   3  31  16   8   2  13  19  25   8  16  34  23  44  42
  25   2  17  22  34   8  15  40   5  29  42   7  23  15  49
  42   7  22  33   6  18  20  28  50   2   4   5  26  40
   8  45   1  47  36  16  45  38  44  25  47  32  14
  17   3  42   9  23  47  50  28  50  45  40   3
  19  12  30  24   8  37   2   5  29  16  37
  11  17  36  24   5   4   5  18  44  23
  36  13   4  22  45   3  22  50  43
  37   2  45  27  44  20  23  38
  49  49  21  18  20   7  29
  48  15  35  42  23  23
  31  45  33  13  26
  45  49  45  48
  18  35   9
  25  17
  17

 526
  22  17  19   8  17  18  24   8  23  11   4   9  22  24   1  16  20  15  21  12  11  22   1   3  18  10   2  17   3   3   2   9   3   7  15  21  10  18  20   4  21   6  11  12  13   7  14  25  15  15

