  50 
  42   9   6  35  22  11  21  33  43  36  41  14  47   9  47  23  25  14  47   8  23  25  32  16  27  24  30  48  21  49  45   6  12  45  20  13   4  35  42  29  29   2  39  10  25  46  19  46  13  30
   2  18  27  45  29   7   4  10  45  12  20  37  30  14  37  12  44   5  19  30   5  23  13  50   4   1  35  41  13  33  30  38   3  14   4  40  16  28  10  47  47  39  48  19  35  11  22  50  34
  19   6  10  18  29  37  48  48  22  27  23  10  42  35  39  28  50  29   7  15  21  45  46  48  23  32  25  47   3  44  11  10  50   6   3  35  21  15   8  46  26  25   6  23   9  16  19  15
  16  37   1  38  14   2  19  48  42  44  13  16  50   9   7  31  19  16  36   2   2  24  17  43  44  50  27  28  23   8  20  45  15   7   4  16   5   2  11  25  12  28   2  22  11  35  49
  32  30  22  23  39  22  14   5  45  40  27   3   1  28   9   1  35  29  17  12  30  34  35  43  41   1  10  22  19   1  50  28  19  13   5  19  12  17  44  41  39  50  42  29  14  32
  30  18  12  25  35   9  25  30  46  29   9  33  13  35  27  39  36  41  12  45  28  15   8  45  12  32  30  13  23   1   6  39  10  23  30  22  35  45  25  40  33  48  41  10  11
  39  27  39  42   1   9   3  22  47  10  27  34  34  39  10  50  31  50   3  40  11  10  32  46  27   1  29  22  45  15  43  40  10  13  37  38   8  10  48  33  20  13  39  16
  30  41  49   3  17  18  35  34  39  33   6   3  36  18  50   2  41  30  40  42  40  30  31  50  13  41   7   9  49  49   8  49  49  36  35  40  42  34  18  47  36  44  35
  47  15   6  11  36  38  19  40   9  45  26   8  34  32  35  25  45  25  32  31  33  26  14  38  48  28  39  44  33   6  27  23  26  16  17  47  27   9  35  39  11  48
  18  37  12  48  31  16  47  36   3  26  31  21  49  18  44  38  26  20  28  27   7  11  39  12  30  32  13  42   1  23  23  17   8  13  26  43   2  10   2  27  37
   4  44  39  17  33  49  10  18  37  45  29   3  13   8  19  44  46   9  42  26  13  37  42  48   7  44  46   5   4  37  33  39  29  35  33  43  37  46  50   8
  37  26  21  26  28  29  47  37  26  50   1  42  16  23  31  32  26   3  13   1  42  33  39  31   2  25  23  33  31  48  48  49  31  47   8  10  50  49   8
  11  21  33  34  50  50  36  44  25   2  23  40  46  49   9  13  29  30  31  10  30  21  30   3  18  44  31  37  12  14  33   9  34  11  14  31  15   3
  11  42  39  44  19  24   7   4   9  14  44  31  50  11  12  34  45  48  45  47  11  40  42  12  38  39  27  36   3  17  45  39  16  36  20  14  27
  29   9  37  39  32   1   2   9  47  43  21  14   6  14  20  26  47  48   4  15  14  41  13  44  32  31   3  15  40   6   4  13   7   1  44  42
  23  40  10  38  40  28   8  23  44   2  22  22  34   2  38  13  21  50   4  34  20  27   9  15  20  29  46  31  49  39  31   6  50   7  33
  17  15  34  17  31  24  21  13  45  46  46  28   9  30   6  48  23   1   2  12   3  30  20  42  47  36  17  40  11  41  33  20   2  34
  10  17  36  25  27  26  11  23  48  11  46  34  38  50  27  27  40  37  14   1  33  28  35  33  43  43   5  47  27  44  17  42  42
  18  24  39  11  17  30  40  47  13  12  50  42  49  31  50  25  32  40  21  32  47  23  20  47  11  14  15  16  21  17  15   7
   3  18  39  19  37  15  17  27   5  45  36  16  15  45  15  32  33  25  35  20  29  25  16  28  22  29   9  39  25  49  40
  47  47  17   5  22  11  40  33  14   3  35  18  21  26  40  31  29  14   5  15  10   6  32  42  19  13  10  33  47  44
  23  31  20  48  39  38  27  21  10  15   6  44  26   9  26  29   3  39  49  19  50   8  10  24  36  39  17  38  49
  24  49  40  34  42  47  13  17  35  31   6  12  14  16  32  10  46  12  30  23   8  43  11  22  27  29  50  40
  22  43  10  19  17  19  10  26  41   8   4  44  17  35  10  49   5  19  48  15  44  37  30  20  15  36  37
  18  23   8  18  45  30  35  26  35  43  13   9  18  27  15   2   9  25  24  38  46  30  30  29  38  28
  31  40  23  47   8  49   3  37  48   1  10  24   8  49  13  47  21  27  36   7  34  48  14   4  38
  24  42   8  49  13   6   3   3  36  35  32  17   9  34  31  49  41  41  11   1  45   2  28  10
   8   3  19  16  48  46   4   9  17  27  32  27  30  42  22  40  10  31  42  26  31  32  34
  21  24  24  46  20  19  12  46  38  21  48  21  22  20  37  37  39  25  37  37  44  16
  15  10  13   9  50  11  41  40   1  23  30   3  31  25  35   5  24  44  27  12  31
   9  40  19  33  16  34  10  49   7  48  46  46  18  27  39  42  37  39  41  46
  17  40  20  19  44  23  13  47  18   4   2  19  24  14  17   4  14  38  25
  49  13   1  28  30  26  48  34  13  20  22  44  23  35  41   1  17  41
  42  14   5  10  35  42   7  48  31   8  25  19   4   6  17  31  14
  19  34  37  49  14  13  12  25  29  28  39   5  49   4  20  33
  22  31  11   1  32  24  13  11  35  27   2  43  15   6  27
   6  29  10   5  47  47  15   9  28   7  17  15  18  50
  42  22  25  19  50  28  39  19  27   8  39  20  40
  46  37  33  39  34   3  35  12  29  23   1   7
  27  36  12  13   7   4  35  20  50  45  40
  30  44  14  37  32  37  15  32  16  15
  38  10  11  32   9  43  42  27  16
  21  44  21  25  49   5  49  11
  17  17   2  46  37  35  50
  21  25  10   9  30  49
  29  36   4  30   6
  23  24  27  17
  17  26  19
  10   7
  28

 407
  20  10  24  13  24  23  17  12  23  12  17   8  25   2  16   1  16  11  23  18  19  15   2  12  17  22  11   6   3  10  22  18  15   5  15  10  16  12  24   6   3  18  19   2   6  23  14   3  22   4

