  50 
  34  35  48   1  18  29  35  49  23  16  19  46  41  41  29  39  35  30   7   8  13  45  46  38  35  10  48   2   3  21   9  40  18  47  34  35  12  31  34  31  31  42  45  18  35  38  33  32  35  20
  26  36  21   5   5   3  34  24  25  20  24  41  20  22  17  46  30  15   7  38  25  13  35  30  40  49  35   5   7   1  40  50  17  18   6  22  42  38   4  21  23  45   6  21  33  27   2  50  30
  49  32  36  20  19  43  42   6  10   3  11   6  28  21  35  20  34  29  37   7  13   9  42  12   7  12  23  23  33  44  15  48  44  20  39   5  41  21   8  14  36  37  26  37  15  42  19  45
  20  31  49  16  10  10  29  40  40   4  31  32  18  43   9  47   9   8  46  10  16  50  35  49  22  38  37  16  13  48  40  17  17  45  20  36  47  40  17  49  10  24  42   6  37  33   1
  50  38  22  17   1  42  30  45  37   2  29  23  23  36  11  31   5  29  49   6  34  22  47  35  37  41  14  32  45  47  24  46  13  29  13  25  44  47  34  15  27  12  24  37  42  32
  36   8  10  13   7  31  37  16  34   5   3  23   3  39  49  19  34  47  50  27  46  23  40  25  48   6   2  35  29  27  24  41  10  15  38  44  41  37  37  38  19   6   9  50  13
  25  49   1   4  41  49  45  26   3  14  21  48   2  23  14  44  23  38  39  22  23  46  16  36  37  45   7   8  35  25  33  32  20  21  47  24  14   6  32   7  36  13  45   8
  26  49  27  39  13   8  19   2  39  17  40  49   6  26  18  10  39  24  36  24  12   8   9  44  43  33  45  41  35  13  30  21  41  20   7  50  32  12  38  33   8  30  25
  33  35  26  37  32  48  19  10   5   7  32  44  50  34  49  11  15  29  10  45  13  50  24  16  36  48  35  30  27  30  41  13  44  38  35  21  45  39  17  37  29  50
  46   3  38  48  11  38  43   2   3  50  33  37  37  12  28  50  26  34  42  31  35  19  41  36  50  48  21  16  13   7  31  33  28  19  48  47  16  48   8  25  27
  50   8  13  25  29  43  10  24  31   3  31   7  23  14  29   2  38  17  12  16  25  35  26   4   1  32   6   7  28  27  43  47  17  45  21  37   5  20  30  38
  43  36  39  50  16  45   5  29  50  26  25  34  44  49   3  16  18  43  47  13  26  15  25  15  26  33  31  33  33  44  28  17  15  37  36  24  48  31  30
  39  49  21   8  24  42  46  12  15  34  19  42   8  15  43   7   3   2   9  14  50  37  26  23  24  32  43  11   8  48   1  21  16  35  26  21   3  33
  33  30  49  34  25  16  19   8  17  16  22   1   2  25  38  34   3  44  43  17  31  30  22  50  24  47   3   6  29  41  25  15  14  36  16  44   5
   7  37  25   7  40  29  14  25  33   3  21  36  46  40  20  16  27  26  10  47  14  25  15   2  34   1  31  19  34  46  10  23  33   9  18  50
  33  46  34  26  44  44  42  31   8  18  26  40  22  14  42  17   5  36  36  10  16  35  23   1  22  13  46   5  31  33  47  32  22  39  45
  43   3  32   5  43   2   1  11  39   4  18  12  35   4  12  38  21  47  40  38   9  14  46  22  41  36  43  28  35  35  29  26  36  20
  46  29  12  47  37   2  25  17  30   5  48  14  28   8  31  49  28  15  20   3  17  24  13   5  47  41  13  35   5  16  21  36  24
  26  24  43  45  29   6  16  37  13  50  20  14  21  11  24  15  14  44  47  10  25   9  34   5  27  32  15  34  45  19  39  43
  37  12  47   1  35  31  45   3  17  21  48   8  13  11  11   6  23  45  35   6  27  23  20  48  36   5   5  29  25   9  50
  13   7  23  49  16  21  36  21  30  49  33  32   7  32  32   3  23  46  31  13  12   2  34  20  17   1  26  35  21  22
  37  25  20  26  31   6  37   9  18  41  50  38  42  33  16   9   9  49  41  37  18  44  50  40  22   9  21  20  29
  12  19  34  16  12  33  25  25  15  47  28  24  46  20   2  14  18  40  44  19  48  39  45  50   7  35  18  40
  26  29  30  25  37  39  22   2  35  34  24  22  15   3  30  41  41  15   2   7  28  19   2  18  45  18  21
  32   3   8  42  41  30   1   4  11  33  43  43  12   3  39  32  29  19  20  32  36  40  50  29  34  40
   5  10   9  29  26  41  47  11  36  13   8  46   8  35   1  41  29  21  38  25  18   8   4  22   4
   6  12  22  11  17  18  17  13  48  27  10  49   1  24  11  49  49  45  49  49  31   8  44  26
  36   5  39  44  34  28  18  37  35   5  44  19  24  44  46  50   2  39  14  14   3  40  36
  17  46  40  40  50  31  30  30  42  11  30  41  34  22  11   7  27  21  45  23   2   4
  29   4  27  31  10  13  33  46  11  39  38  15  35  33  21  31   6  12   3  44  29
  35  32  45  15  12  32  32  11  33  48  18  30  10   3  39  22   1   3  29  20
  21  48  44  41  14  39  33  31  18  16  38  31  46  48  45  44  46   4  29
  37  25  27  10  10  26  34  48   9  20  10  48  45   7  23   7   3  25
  14  38  15  32  19  38   9  46   7  44   5   5  42   4  19  39  24
   7  34  11  23  14  39  14  13   7  44  15  15   3  18  42  43
  12  47  35  39  10  38   1   9  37  33   2  39  47   6  19
  22  35  38  45   1  41  23  11  32  43  23  15  44  12
  28  10  19  43  44  10  47  49  41  38  43  32   6
  16  39   3  19  12   7   3  20   5  27   3  33
  29  30  48   3  23  40  49  36   8  31  44
  48  38  46  11  26  45   5  32  50   3
  14  12   7  10  35  41  22  49  24
  27  20  21  25   7  35  33  23
  15  37  32  40   3  39  40
   5  31  10  23  16  49
  35  18  44  12  20
  39  20  45  15
   1   2  19
  22  33
  40

 364
   7   5   3  17  16  15   8   7  20  10   8  17  10  16  19  25  24   3   5  23   2   1   2  11   4   6  17   6   9  18  14  23   5  17  24  16  17   1  19  13  20   2  18   9  23   2  23   1   8  23

