  50 
  31  48  21  34  15  14  42  32  38  31   8  11  12   8  44  22  16  37  12   7  10   6  29  49  16  29   7   3  44  30  16   9  45  22  41  22  43  28   5   8  32  35  50  47  42   9  14  23  46  13
  13  21  42  10  44   2  49  29  40  23  27  42  39  25  34  13  47  46   2  43  10   6  48  21   7  48  34  36   4  10  43   5  50  45  33  13   5  45  27  32  10  22   9  46   8  10  41  25   3
  40  45   1  21  40  46  37  11  29  16   4  29  45  14  32  17  49  30   4  28   8  40  41  45  48  27  46  36  48  45  42  43  43   3  30  40  26  24   9  47  41  44  35  44  18   5  44  10
  23   4  22  31   7  37  36  35  15  33  40  15  27  34  10   4  30  29  27  15  49  13  18  28  11   7  18  11  34  17  49   4  18  40  29  45  16   9  46  34  35  49  11  47   2   6  26
  35  17  21  14  30   3  39  16   8   7  30  10  32  15  36  22  14   4  40  29  37  39   2  30  10  38  15  39   8  20   9  29  10  36  42  28  37  36   5   4  44  17  15  16   5  33
  39  29   9  32  18  18  42   7  27  18  26  42  24  40  12  34  33  26  19  44  31  26   5  40  17  19  11  22   6  40   9  18  35  12  43   7  44   6  18  11  36   9  18  43  40
  44  34   6  37  10  44  16  27   8  17  16  31  37  42  41  43  18   7   8  39  28  13  31   7  44  16  22  25  30   6  28   1  25  24  50  43  17  29  25  44  45  38  48  29
   1   4  40  34  10  29  34   9  12  34   7  48  39   5   3  15  12  47  35  13  21  23  24  17  32   2  38   6  28  18  41  32  12  11  42  29  27  25  47  50  43  23  46
   2  18  37  50  29  27  44  21   2  40   9  37  33  11  32  30   2   6  25  50   4  37   5  29   5  35   8  47  48  41  48  34   3  49  20   8  30   2  32  36  12   1
  11  36  25  49  50  25  16   9   2  13  32  20   4  33  47   5   1  17  47   8  24  48  16  23   9   7  24   3  42  48  36  40  13  46   9  48  23  17  35  48  22
  23  41  24  30   2  40  11   3   2   8   8  34  28  41  34  31   9  20  47  35  30  34  41  33  24  25  37  10  41  22  22  26  36  26  38  36  40  33  45   3
  20  43  46  37   9  28  34  24  13  39  36   5   7  12  38   9  13  14  40  20  19  30  42  32  37  12  10  32  34  43  43   2   8   6  49  31  23  22  41
   4  40  40  19  11  37  27  21  34  49  18  43  39  22  34  30  14  39  24  17   9  20  49  34   3  25  24  48  31  41  36   2   5  46  31  40  22  50
  44  25   4   5   4  11  50  33  22  41  11  12  27  32   1  35  32  19  16  26  18   1  37  45  41  28  42  15  42   2  14  28  13  11  15   9  44
  20  26  20  40  19  18  19   6   2   8  22  23  41   3  45  37  18  39  13  14  37  16  16  31  33  36  44  48  31  41  37   2  48  14   5  31
  36   1  47  19  21  25  33  36  15  25  29  49  17  45  45  44  22   3  27  47  39  40   6  44  23   4  45  42  22   6   4  19   9  30  26
  32  46   5  50  24  39  16  10  34  31  31  29  24  17  39  31  20  44  11  27  12  29   7  13  38  37   4  23  22   8  50  29  29  37
  15  10  49   8  42  41   6  14  47   2  49   3  49  11  10  36  21   4  49   4  10  47   2  16  26  40  42  30  20  29  22  31  13
  29  49  44  12  10  45   5  32  12  19   5  25   8  26  11  36  31  21   8  23  40  28  17  34  10  41  16  45   6  44  50  34
  28   7  50  16  10  38   8  16  24  10   3   5  12  18  34  41  18   4  10  47  50  48  23  35  41  18   2  48  24  40   5
  44  38  50  22  11  28   9  40  39  22  32  13   2   9  29  38  22  11  18  14  13  25   9   9  14  20  35  38  10  11
  44  46  43  39   2  15  18  26  21  28  23  35   1  20  11  48  38  30  10  48   3  13  21  47  15  42  24  11  44
  33  30   5   9  47  26   6  30  32  30  37   3  37  23  37  41   3  29  25  18  43  36  10  39  22  40   1  13
  27  22  15  28  22  48   3  15   6  23  35  35  12  38  15  36  34  12   3  28  19  36  13  17  10  35  14
  13  42   9   5  40  31  32  17  24   4  32  34  35  42  28  47  14  18  17   5   5  47  11  30   7  47
  44  21   2  22  35  38  44  22   5  42   7  31   7  26  18  38   8  42  15  34  33  13  47  29  37
  23  47   5  16  20  23  24  16   5  22  49  16  48  45   2  26   2  48  42  22  24  11   3  35
   1   4  22  31  29  45  25   2  18  42  23  40  47  45   7  31  23  42  25   7  40  45  35
  16   7  49  13  41  12  39  47  19   6  19  26  15  47  48  16  22  42  24  18   7  49
  36  27  34  42  39  38   4  49  40  48  43  44  36  14  14  20  21  19  16   9   4
  48  27  34  32  11   5  43  16  44  23  29  47   7  42  38  37  32  36  24   5
  24   3   7   2  47  22  42  50  43  21   7  14  31  15  34  39  11  11   6
  30  32  16  49   1  27  27   5  34  21   3  25   4  44  14  36  46  44
   1  27  44  45  36   9  36  19  20  35  44  48  35   3  46  18  31
  26  11  48  36  15  26  39  34  22  25   2  46   6  49   1  22
   7  30  48  32  49  47  46  32  14  12  29  36  38  29  42
  29  14   1  40   4  12   2  38   9  36  26  40   7  43
  19   5  42   4  41   3  26  16  22   3  44  11  39
  27  14  40  36  27  32  12  23  44   4  28  20
   4   3  41  22   8   9  30  43  37  26  23
  33   9  13  46  47  48  24   5  17  20
   3  13   6  25  50  16  13  10   1
  32  33  20  26  12  50  48  30
  38  20  47  11  10  16  35
  22  34  11  30   9  48
  14   9  39   3   1
  20  41   6  38
  18  15  44
   5  46
  21

 237
  12  15   3  17  10  11  15  18   6  11  17   9  15  24   7  12   3  23  22  13   5  20   1  23   9  22  22   6  11  23   9  13  24  24  16  17   4   8   5   5  14  18   5  25  20   3  15  25   1  20

