  50 
   0  25   0   0   0   0   0   0   0   0  43   0  25   0   2   0   0   0   0   0   0   0   0   0   0   0   0   0   0  46  44   0   0  29  24   0   0   0  40   0  37   0  32   0   0   0   7   0   0   0
   5   0   0   0   0   0   8   0   6   0   0   0  15   9   0   0   0  49   0   0   0   0   0   0   0  23   0   0   0   0  20   0  48  30   0   0   0  14   0  29   7   0   0   0   0   0   5  45  50
   0   0   5   0   3  41   0   0   0   0  27   0   0   0   0  25   0  35   0   0   0   0   0   0  17   0   0   7   0   0   0   0   0   0   0   0   0   0   0   0   4   0  22  12   0   0   0   0
   0   0   0   0   0   0  38   0   0   0  40   0   0   0   0  14  23   0   0  29   0   0   0  31   0   0  23  49   6   0   0   0   0   0  50  18   0   0   0   0   0   0   0   0   0   0   0
   0   9  28   5   0  42   0  16   0   0   0   0   0  23   7   0   0  43  18   0   0   0   0   0   0   0   0   0   0   0   0   0   0   0  47   0   0   0   0   0   0   0  12   0   0  47
   0   0   0   0   0   0   0  27   0   0   0   0   0  27   9   0   0   0  36   0   0   0  29   0   0   0   0  19   0  25   0   0   0   0  41   0  48  18   0   0   0   0   0   0   0
   0   0   7   0   0  13   0  14   7   0   0   0   0   0   0   0   0   0   0   0   0   7   0   0  23   0   0  26  20   0   0   0  27   0   0   8   0   0   0   0   0   0   0   7
   0  32   0  34  50  35   0   0  26   0  36   4  14  22   0   0   5   0   0   3   7   0  33  24   0   0  16   0  47  21   7   0   0   0   0   0   0   0  13   0  23   0   0
   0   0  16   0   0   0   0   0   0   0   0   0   0   0   0   0   0   0   0  36   6   6   0   0  26  21   0   0   0   0  18   0   0  11   0   0   6   0   0   7   0   0
   0   3   0   0  38   0   0   0   0  45   0   0   0   0   0   0   0  34  18   0  21   0   0   0   0   0   0   0   0   0   0   0   0   4  30  36   0  40   0   0   0
   0   0  50   0   0   0  42  36  15  36   0   0   0   0   0   0   0   0   0   0   0   0  11   0   0  50   5   0   0  11   0   0   0   0   0   0  25  32   0   0
  45   0   0  47   2  19  16   0   0   0   0   0   0   0   3  38   0   0   0   0   0   0   4   0  15   0   0   0   0   0  39   0   0   0  28  29  27   0   0
   0   0   0   0   0   0  39   0   0   0  44   0   0   2   0   0   0  35  27   0  21   0   0   0   0  43   0   0  10   3  36   4   0   0   0   0   0  44
   0   0   0   0   0   0   0   0   0   0   0  20   0   0   0   0   0   0  46   0  28   0   0  20   0  31  28   0   0  27  23  42   0   0   0   0   0
  39   0   7   0   0  12   0  31   0   0   0   0  50   0   0   0   0   0   0   0   0   0   0   0   0  39   0   0  29   0   0   0   0   0   0  11
   0   0   0  26   0   0   0   0   1   0  16   0   0   0   0   0   0  30   0   0   0  20   0   0   0   0   0   8   6   0   0   0   0   0  21
  44   0   0   0   0  19   0   0  42   0   0   0  15  39   0   0   0  29   0   0   9   0   0  22   0   0  11  34  47   0   0   0   0  47
  14   0   0   0   0   0   0   0   0   1   0  25   0  13   0   0  29  32   0  41   0   0   0  17   0   0   0   0   0   0   0   0  44
   0   0  13   0   0   0  44   0   7   0  30   0   0   0   0   0  44   0  24   0   0  17  23   0   0   0   0   0   0   0  42   0
   0   0   0   0  12   0   0   0   0   0  48   0   1   0  48  22   0  20   0   0  39   0   0   0   0   0   0   0   0   0   0
   0   0   0   0   0   0   0   0   0   0  16   0   0   0   0   0   0   0   0   0  17   0  26   0   0   0   0   0   0  20
  37   0   0   0   0  39   0   0   0   0   0   0   0   0   0   0   0   0   6   0   0   0  16   0   0   0   0   0   0
  30   0   0   0   0  46   0   0   0   0   0   0   0   0   0   0   0   0   4   1   1  33   0   0   0   0   0  46
  49   0   0   0   0   0   0   0  43   0   0   0   0  40   0   9   0   0   0   0   0   0  30   0   0   0   0
   0   0   0   0  44   0  26   0   0   0  40   0   0   0   0   0   0   0   0  16   0  23   0   0   0   0
   0   0   0   0   0   0   0  11   0  23   0   9   0   0   0  29   0  33   4   0   0  31   0   0   0
  38   0   0  13   0   0   0   0   0   0   0   0   0   0   0   0   0   0   0   0   0   0   0  14
  12   0  34  28   0   0   0   0   0   0  36   0  28   0  37   0   0   0   0   0  12   0  17
   0   0   0  47   0  32   0   0  17   0   0   0   0   0  20   0  29  17   0   0   0  28
   2   0   0   0   0   0   0   0   0   0   0  17  32  35   0   0   0   0   0   0  14
   0   0  16   0   0  28  41   0   0   0   0  16   0  19   0   0  47   0   0   0
   0   0   2  24   0   0   0  15   0   0   0  16   0   0   0   0   0   0   0
   0   0  18   0   0   0  35   0   0   0   0   0   0   0   0   0   0   0
   0   0   0   0  23   0  39   0   0   0  44  14  47   0   0   0   0
   0   0   0   0  44   0   0   0  31  26  48  27   0   0   0   0
  23   0   0   0   0   0   0   0   0   0   0   0   0   0  47
   0   0  28  21  44   0   0  43  11   0  16  15   0  34
   0  33   0  31   0  10  37  23   0  38  12   0   0
  21  31   0  25   0   0   0  35   5   0   0   0
  20   0   0   0  49   0   0  42  13  49   0
  47  16   0   0  29   0   0   0   0   0
   0   9   0  50  25  10   0   0  11
   0   0  11   0   2  11   0  15
  50   0   0   0   0   0  46
   0  26   5   0  29  33
   0  36   0   0   0
   0   0   0  48
   0   0   3
  11   0
   0

 329
  24  23  18   3   3  13   5  18   8  18  23  17  12  15  25  15   7  16   6  14   8   3  19  25  15  19   4  23   4  20   5   5  15  21  25   1  10   1  10   3  16  10   1  13  11  10  12  14  19  15

