  50 
   0   0   0   0   0   0  47   0   0   0   0   0   0  28   0   0   0   0   0   0   0  38   0   0   0   0   0  44   0   0   0   0   8   0  28   0  21   0   0   5   0   0   0   0   0   1  26   0   0  23
   0   0  26   0   0   0  47   0   0   0   0   0   0  48   0   0   0   0  18   0   0   0   0  20   4  13   0   0   0   0   0  29   0   0   0   0   0   0   0  27  49   0   0  34   0   0   0   0  23
   0   0   0   0   0   0   1  46   0   0   0   0  48   0  29   0   0   3   0   0   0   0   0   0   0   0   4   0   0   0   0   0   0   0   6   0   0  15  21   0   0  47   0   0   0   0   0   0
   0   0   0   0   0   0   0   0   0   0   0   0   8   0  15   0   0   0   0   0   0   0   0  12   0   1   0  18  34   0   0   4   0   0   0   0   0   0   0   0   0   0  39  25   0  47   0
   0   0   0   0   0  36   2  44  42  48   0  22  21   2   0  38   0   0   0   0  11  35  48   0   0   0   0  24   0   0   0   0  49   0   3   0   0  17   0   0   0   0   0   0   0  15
   0   0  10   0  12  11   0  10   0   0   0   0   0   0   0   0   0   0   0   0   0   0   0   0   0   0   0  10   0   0   3   0   0   0   0  33   0   0  42   0  23   0  37  45   0
   0   0   0   0  18   0   0   0   0  25   0   0   0   0   0   0   0   0   0   0   8   0   0  17  28   0   0  48   0   0   0  12   0   0  17   0   4  42   0  22   0   0   0   0
   0   0  44   0  43   0   0   0   0   0   0   0   0   0   0   0   0  29   0   0   0   8   0   0   0  37  16   0   0   0   0   0   0   0   0   0   0   0   0   0   0   0   0
   0  24   0   0  39  39  10   0   0  39   0   0  11   0   0   0   0   0   0   0   0   0   0   0   0   0  19   0   0   0   0   0   0   0   0   0   0   0  21   0   0   0
   0   0  34   0   0   0   0   0   0   0   0  19   0   0   0   0   0   0   0   0   0   0   0  40   0  19  29  24   0   0  21  43   0   0   0   0   0  47   0  35   0
   0   0   0  10  19  16   0   0  50   0   0   0   0   9   0   0  32   0   0   0   0   0   0  47   0   0  16   0   0   0  44   0   0   0   0   0  10   0   0   0
   0   0   0   0   0   0   0   0   0  48   0   0   0  37  34  27   0   0  47   0   0   0   0   0   0  34   0   0   0   0  11   9  20   0  41   0   0   0   0
   0  30  20   0   0   0   0   0   0   0   0   0  43   0   0   0  27   0   0  13  11   0   0   0   0  44   0   0   0  21   0   0  41   0   0   0  41   0
  44   0   0  45   0  24   0  17   0  15   0  11   0   0   0   0   0   0   0   0   0   0  23   0   0   0   0   0   0  19  43   0   0   0   0  42   0
   0   0   0  12   0   0   0   0   0  10   7   0   0   0   0   0  30  18   0  48   8   0  40   0   0   0  24  17  22   8  19   0   0   0   0   0
   0   0   0  50  35   0   0   0  18  26  34  38   0   0   0   0   0   0   0   0  35   0   0  21  41   0   0  38   0   0   0   0  41   0  32
   0   0  16   0   1   0   0   0  20   0   0  25   0  30   0   0   0   0   0   0   0   0   0   0   0   0   0   0   0   0   0   0   0   0
   0  23   0   0   0   0   0   0  40   0   0   0   0   0  22   0  48  26  35  32  50   0   0   0   0   0   0   0  33   0   0   0   0
  45   0   0   0  38   0   0  16   0   0   0   0   0   0   0   0   0   0   0   4   0   0  21  19   0  13   0   0   0  33   0   0
  28  23   0  35  35   0  50   0   0  13   0   0   1   0  39   0  30   0   0   0   0   0   0  34  39   0   0   0   0  21  39
   0  41   0   0  23   0   0   0   0   0   0   9   0   0  24   0   0  17   0   0   0  19   0   2   0   0   0   0  12   0
   0   0   0   0   0   0   0   0   0   0   0   0   0   0  18   0  48   0   0  46   0   0  29   0   0  23   0  29   0
   0   0   0   4  24   0   0   0   0   0   0   0   0   0   0   0   0   0  34  40   0   0   0   0   0  21   0   0
   0   0   3   0  25   0  21   0   0   0   0  42   0  23   0   0   0   0   0  41   0   0   0   0   0   0   0
   0   0   0  32   0   0   0   0   0   3  45   0  43   0   0   0   0   0   0   0   1   0   0  36   0   0
   0   0   0   0   0   0   0   0   0   0  28   0  17   0   0   0   0   0  45  42  44   0   0   0   0
   0   0   0   0   0   0   0   0   5   0   0   0   0   0   0   0   0   0   0  34   0   0   0   0
   0   0   0   2   0   0   0   0   0   2   0   0   0   0   3   0   0   0   0   6  20   0  43
   2   0   0   0   0   0   0   0   0   0   1   0   0   0   0   0   0   0   0   0  27   0
   0   0   0  30   0   0  29   0   0   0   0   0   0   0   0   0  24   0  24   0   0
  44   0   0   0   0   0   0   0   0  35   0  14  13   0   0   0  45  27   0  13
  36   0  17  18   0  16   0   0   0   0   0   0   0  44   0   0   0   0  11
   0  44   0   0  23   0   0   0  37   9   0   0   0   2   0   0   0   0
   0  34   0   0   0   0  41   0  45   0   0   0   0   0   0   0   0
   0   2   0   0   0   0   0   0  29  37   0   0   0   3   0   0
   0   0   0  29  25   0   0  25   0  49   0   0   0   0   0
   0   0   0   0  33  44   0   0   0   0   0   0   0   0
   0  23   0   6   0  18   0   0   0   0   0   0   0
  39   0   0   0   0   0   0  34   0   0   2   1
   0  25   0   0   0   7   0   0   0   0   0
   0   0   0   0   0   0   0   0   0   0
  34   0   0   0  38  25  46   0   0
  48   0   3   0   0   0   0   0
   0   0   0  21   0   0   0
  25  17   0   0   0  20
   0   0   6   4   0
   0   0   0   0
  20  28  45
  49   0
   8

 531
  18  16  10   6   8  10   4  22  15  16   9  16  18  13  24  19  11  10   7  22  23  13  15   2   1  18  14   4   6  12  11  16   9   9   3  16  24  14  22  15  16  13  14   7  14   9   3   4   9   2

