  50 
   0   0   0   0   0   0   0   0   0   0   0   0   0  25  44   0   0   0   0   0   0   0   0  45   0   0   0   0  17   0   0  32   0   0   0   0  47   0  36   0   0   0   0  14   7   0   0   0   0   0
  39   0   0   0   0   0  26  31   0  15   0   0   0   0   0  41   0   0  42   0   0   0   0   0   0   0   0   0  31   0   0  12   0  29   0  30   0   0   0   0   0   0   0   0   0   0   0   4   0
   0   0   0  15   0   0   0   0   0   0   0   0  12   0   0   0   3  47  43   0   0   3   0  21   0   0   0  48   0   0   0  14  42   0   0   0   0  20   0   0   0   0   0   0   0   0   0   0
   0   0   0   0   0   0   0   0   0   0   0  46   0   0   0   0   0   0   0   0  16   0   0  16   0   0   0   0   0   0   2  46  32   0   0   0   0   0   0   0   0   0   0   0   0   0   0
   0   0   0  35   0   0   0   0   0  42  32   0   0  28  43   0   0   0   0   0   0   0   0   0   0   0   0   0  30  44   0   0   0   0  29   0   0   0   0   0   0   0   7  27  27   0
   0   8  20   0   0   0   0  42   0  10   2  45   0   0   0   0   3   0   0   0   0   0   0   0  37  42   0   0   6   0   0   0   0   0  50   0  10   0   0   0  12   0   0   0   0
   0   0   0  21  14   0   0   0   0   0   4   0   0   0  46  46  46   0   0   0  11   1  44   0   0  28   0  45  20  47  23   0  33   8   0  46   0   0   0   0   0  48   0   0
   0   0   0   0   0  16   0   0   0   0   0  25   0   0  41   0   0   0   0  13   0   0   0   0  36   0  25   0   0  17   0   0   0   0  15  15  17  19  21   0   0  33   0
   0   0   0   0   0  49   4   0   0   0  32  10  26   0   0   0   0   2   0  16   0   0   0   0   0   0  14  29   0   0   0   0   0   0  33   0   0  27  44   0   0   0
   5   0   0   0   0  33  25   0   0   0   0   0   0   0   0   0   0   0   0  35  45   0   0   0   0  50   0   0   0   0   0   0   0   0   0   0  43   0   0   0   0
   0   0   0   0   0   0  29   6  24  24   0   0   0   0   0  34   0  21  50  41  34   0   0  42   0   0   0  20   0  44   0   0   0  31   0   0  29   0   0   0
   0   0   0  48   0   0   5   0   0   0  10   0   0  41   0   0   0   0   0  20  47   0   0   0   0   0   9   0   0   0   0   0   0   0   0  18   0   0   0
   0  41   0   0  39   0   0   0  13   0  12  19  20   0  37   0   0   0   9   0   0   0   0   0  17  48  13   0   0  45  21   0   0   0   0   0   0   0
   0   0   0   5   0   0   3   0  20  35   0   0   0   0   0   0   0  33   0   0   0   0   0   0  29  18   0   0   0   0   0   0  24  17  34   0  30
  22   0   5   0   0   0   0   0   0   0   0  20   5   0   0  41   0   0   0   0  41   0   0   0   0   0   0  25   0   0   0   0   0   0   0   0
   1   0   1   0   0   0   0   0   0   0  22  13   5   0   0   0  47  36   0  50   0   0   0   0   0   0  24   0   0   0   0   0   0   0   0
   0   0  29   0  29   0   0   0   0  46   0   0  41   0   3   0   0   0  15   0   0  40   0   0   0   0  40   0   0  39   3  38   0   0
  12   0   0   0   0  39   0   0   0  34   0   0   0   0   0   0   0  19   0   0  24   0   0   0  24   0   0   0   0   0   0   0   0
   0   0   0   0   0   0   0   0  12   0   0   0   0   0   0   0   0   0   0   0   0   0  50  22   6   0  24   7   0  14   0  33
   0   0  49   0   0   0   0   0  18   0   0   0   7   0   0   0   0  50  21   0   0   0  31   0   0  15   3   0   0   0   0
   0   0  10  18  37   0  10   0  14  41   0  14   0   0  22   0  19   0   0  39   0   0   0   0   0   0  46  33   0  37
  48   0   7   0  45   0   0   9  36   0   0   0   0   0   0   0   0   0   0   0   0  20  16   0   0   0  48   0  15
   0   0   0  47  27   0   0   0   0  11   0   0   0  48   0   0   0   0   0   0   0   0  50   0   0   0   0   0
   0   0  43   0   0   0  38   0  36   0   0   0   5   0   0   9  13   0  22   0   8   0   0  10  28   0  15
  21  22   0   0  36   0   0  49   0   0   0  22   0   0   0  40   0   0   0   0   0   0   0   0  24   0
   0   0   0   0  46   0   0   0   0  20   0  49   0   0   0   0  35   0   0  42   0  46   0   0   0
   0   0   0   0   0   0   5   0   0   0   0   0   0   0   0  30   0   0   0  37  45   0  16  19
   0   0  25   0   0   0   0   0   0   0   0   0  45   0   0  22   0   0   0   0  37   0   0
   0   0   0   0   0   0   0  18   8   0  47  37   0   0   0   0   0   0   0  16   0   0
   0   0   0   0  24   0   0   0   0   0   0   0   0   0  35   0   0  50   0   0  45
   3   0  11   0   0  11   0   0   0   0   0  14   0   0   0   0   0   0   0  23
  34   0   0   0   0   0  39   0  14   0   0   0   0   0   0   0  27   0   0
   0   0  45   0   0   0  29   0   0   0   9   0   0   0   0  25   0   8
   0  31   0   0   0   0   0   0   0   0   0   0   0   0   0   0   0
   0   0   0   0   0   0   0   0   0   0  42   0   0  37   0   0
   0   0   0   3   0   2   0   0   0   0   0   0   4   0   0
  36   9   0   0   0   0   0   0   0   0   0   0   0   0
   0   0   0   0   0   0  18   0  34   0   0   0   0
   4   0  38  36  17   0   0   0  39   0   0  48
   0   0   0   0   0  28  21   6   0   0  39
  33   0   0   0   0   0   0   0   0   0
   0   0   0   0   0   0   9   0  46
  35  42   0   0   0   0   0   0
   0   0   0  31   0  22   0
   0   0   0   0   0  23
   0   0  22   4   7
   0   0   0   0
   0  37   9
  27   0
   0

 193
  15  25  23  19  10  21  23  25   1  11  22  20  21  16  14   7   1   1  17  23   4  13  12  21  18  16  19  23  10   6   3   7   1  15   7  19  10  19  18  17   9  22   2  20   8  17  20   6  16  18

