  50 
   0   0   0   0   0   0   0   2   0   0   0   0  15   0   0  11   0   0  16  13  48   0   0   0   0   0   0   0   0   0  12  20  45   0   0   0   0   0   0  49   0   1  42   0   0   0   0   0   0  17
   0   0   0   0   0   0  23   7  16   0   0   0   0   4  18   0   0   0   0   0  46   0   0   0   0  32  11   0  35   0   0  15   0   0   0   0   0   0   0   0   0   0   0   0  20   0  14   0   0
   0   0   0   0  50   0   0   7   0   0   0   0   0   0   0   0   0   0   0   0   0   0   0   0  28  49   0   0  24   0   0   0   0   0   0   0   0   0  15  43   8   4   0   0   0  12   0   0
   0   0   0   0   0   0  48   0   0  20  50   0   0   0   0  17  46   0   0   0   0   0   0   0   0   0   0   0   0   0   0  33   0   0   0   0   0   0   0   0   0  45   0   0   0  31   0
  25  18   0   0  16  17   0   9  19  25   0   0   0   0  38   0   0   0   0   0   0   0   0   0   8   0  43   0   0  30  25  46  34   0   0   0   0   0   0   0   0  10  49  46   0   0
   5   0  18   0   0  25   0  35   0   0  15  31   0  29   0   0   0   4   0   0   0   0   0   0   0   0   0   5   0  44  40  14   3   0   7   0   0   0  37   0   0   0  15   0  44
  40  24   0   0   0  12   0   0   0   0   0   0   0  19  32  42   0   0   0   0  32  48   0   0  29   0   0   2   0   0  40   0   0  19   0   0   0   0  39   0   0   0   0  26
   0   0   0   0   0   0  45  27   0   0   0   0   0  44   0  11   0  46   0   0   0  16   0   0   0   0   0   0  34   0  25   0  28   0   0   0   0   0   0   0  20   0   0
   0  50   0   0   0   0   0   0  22   0   7   0   0   0   0   0   0   0   0   0   0   0   0   1   0  25   0   0   0   0  26   0   0   0   0   0   0   0  22  38   0   0
   0   0   0   0   0   0   0  39   0   0   0   0  12  36  29   0   0   0   0   0   0  25   0   0   0   4   0   0   0   0  15   0   0   0  27   0  39   0   0   0   0
   0   0   3   0  44   0   9   0   0   0   0   0  34   0   0   4  36   0  40   0   0   0   0   0  29   0   0   0  42   0   0   0   0   8   0   0  21   0  19   0
  32   0   0  37   0  39   0   0  36   9   0   0   0   0   0   0   0   0  40   0  23   0   0   0   0  40  49   0   0   0   0   0   2   3   0   0   0  46   0
  36  36   0   0   0   0   0  25   0  35   0  38   0  39   0  22   0   0   0   0   0  28   0   0   0   0   0   0   0   0   0   0   0  30   0   0   0   0
   0  17   0  24  30  13  49   0   0   0   0  10   0   0   0   0   0  26   0   0   0   0   3   0  19  35   0   0   0   0  11   0   0  49   0   0  40
   0   0  10   0   0   0   0   0  25   0   0   0   0   2   0   0   0  44   0   0   0   0   0   0   0   0   0  41   0  37  34   0   0   0   0   0
   6   3   0   0   0  24   0  24  50   0   0  47   0   0   0   0   0   0   4   0   0   0   0  42  39   0   0   0   0   0   0   0   0   0   0
   0  22   0   0   0   0   0   0   0   0   7   0   0   0   1   0   0   1   0  40   0   0   0   0   0   0  25   0  46   0  28  47   0  42
   0   0   0   0   0  41  20  18  15   0  29   0   0   0   0   0   0   0  42   0   0   0   0   0   0   0   0   0  40   0   0   9  24
   0   0  31   0   0  38   0   0   0   0   0   0   0   0  43   0   0  37   0   0  13   0   8  45   0  23   0   0  48   0   0   0
   0  16   0   0   0   0   0   0   0   0   0   0   0   0   0   0   0   0  16   0   0  20   0   0   0   0   0   0   0   0   0
   0  30   0  25   0   0  31   0   0   0   0  31   9   0   0   0   0   0  46   0   0   0  36   0   0   0  26   0  14  44
   0  11   0   0   0  23   0   0   0   2  45   0   0   0   0   0   7   0  46  27  34  37   0   4   0   0   0   0   0
   0   0   0  19  17   0   0   0   7  33   0   0   0  17   6   0   0   0   0   0   0   0   0   0   0   0   0  15
  33   0   0   0   0   0  16   0   0  30   0   0   0  22  22   0   0   0   0   0   0   0  21  32   0   4   0
   4   0   0   0   0   0   0  48   0  33   4   0  23   0  26   0   0   0   0   0  28  28   0   0   0   0
   0  28   0  10   0  28   0   0   0   0   0   0   0   0   0  49   0   0   0   0   0   0   7   0   0
   0   0   0   0   0   0   0   0   1   0   0   6   0   0   0   0   0   0   0   0   0   0   0   0
   9   0   0   4  34  18   0   0   0   0  28   0  10   0   0  34   0   0   0   0   0   0   0
   0   0  23  36  22   3   0   0   0   0   0   0   0  23  13   0   0  21   0   0   0  34
   0   0   0   0   0   0   0   0   0   0   0   0   0   0   0  19   0  29  44   0   0
   0   0   0   0   0   0   0   0   0   0  13   7   0   0   0   0   0  15   0   0
  37   0   0   0   0   6   0   0   0   0   0  33   0   0   0  27   0   0   2
   9   7   0   0   7   0   0   0  40   4   0   0   0  22  39   0   0   0
  35   0   0   0   0   0   0   0   3   0   0   0   0  15   0   0   0
  50   0   0   0   0  28   0   0   0   0   0  25   0   6   0   0
  18   0   0  34   0   0  22   0  16   0  16   0   0  48  42
   0   0   0   0   0   0   4   0   0   0   0   0   0   0
   0  26  43   0   0  50   0  44  45  47   0   0   9
   0   0  16   0   0   0   0   0   0   0  29   0
   0   0   0  39   0   0   0   0  50  44   0
   0   0   0   0   0  17  28   0   0   0
   0  17  16  34   0   0   0  39   0
   0  28   0  12   0   0   0   0
   9  43   0   0   0   0   0
  42   0   0  14  27   0
  18   0  29   0   0
   0   0  21   0
   0   0   0
   0  27
   0

 515
  10  21  17  24  11   8   3   1   9  21   8  18   2   2   8  21  12   8  12   8   1  18  25   1  14  12   9   7  19  18  25  22  22   5  25  14   1  19   7  16  16   7  20  19   7   3  22   5   5  10

