  50 
  45   0   0  30  43  31   5  36  13  39   0   0  45   0  11   0  19   0   6   0   8   0   0   6  42   0  44   0   0   0   0  47   0  26   0   0   0   2   0  32   0   0  24   0  10   0   0   4   0  17
   0   0   0  11   0  33   0   0   4  35  31  47   0   0  41   0  25  22  20   4   0   0  34  48  37   0   0  21   0  14  12   0  19  49  19   0   0   0  49   0  28   0   0   0   0   4   0   0  41
   0   0   0  29   8   0  30  23   0   3  47  49   7  36  50  27   0  27   0  16  17  24   0  22   0  48   0   0   0  32   0   0  45   0   0  18   0  30   0   0   0   0   0   6  49  14   0   0
   0  24  39  32   0   0  24  40   0   0   9  38   0  27   0   0   0  37   9   0   0   0  28   0   8  34   0   0   0  12   0   0  37  23   0   0  38   0   0  44   0   0   6   0   0  44   0
  30   0   6  19   4   0   5  23   0   0   0  42   0  42   0   0   0  38  19  44  11   0   0   0   0  18  48  10  33   0  46  19   0   0   0  26   0   0   0  18  40  16   0   0  50   0
   0   0  10   2  28  44   0   0   0  29   0   0   0   0  18   0   0   0  29   0   4   0   6  50   0   0   0   0   0  22  43   3   0  20   0   0  16   0   0   0   7   0   0   0   0
   0   0   8  38   0   9  16  34   0  39   0   7   0   0  47   3  24   0  29  33  27  24   0   0   9  33  41   0   0  11   0  20   0  18   0  21  21   0  11   0   0  27  28   0
  44  40   0  39   4   0   0   1   4   0   2   0  22   0   5   0   0   0  32   6   0  25   0  27   0   0   0   0  42   0  22   6  17  47   9  20  19  11   2   0   7   0   0
   0  20   0   0   0   0   0   0  40   0   0  12   0   1   0   0  16  23  21   0   0  33  22   0  31  46   0   0   0  19  16   3   0  28   0   0   0   0   7  10   2   0
  43   0   0   4   0   0   8   3  23   0   0   0  37  48  15   0  40  31  28  14   0  43   9  26  24   0  21  25  18   0  36  22   0   0   0   0   0   2   0   6   0
   0  37  10   0   0  41  10  39  17   0   0  24   0   0  38   0  21   0   0   6  40  49   9  27  43   0   0  43  40  44  43  32  21   0   0  42   4   0  34   0
   0  23   2  47  39  24   1   3   0  17  50   0  21   0  44   0   0   0   0   0   0   0   3   0   0  35   0   4   5  11  12   0  19   0   0  48   0  13  29
   0  20  23  21   0   0  12  31   0   0  12  30   0  33  31   0  17  21   0   0  39   0  49  50   0   3  25   0  13  20  17  21  44   0  41   0   7   0
   0   0  49   0   0   0   0  18  31  28   0  49   0  20  30   0   0  21   0   0   0   0  23   0   1  48   0   0  15  41   0   0  43   0   2  32  25
   0   6  37   0  29   0  29   0  28   0   0  23  20   0  44  11  31  33   0   7   0   0   0  43   0   0  48  26  21   0   3   0  31   0   0   0
   0  38   0  43   0   0  25  16  38   7   0   0  28  50   0   0  11  41   2  18   0  38  36  46   0  44  28   0  12   0  46   0   0   0  18
   0   0  17  37   1   0  21  48   0   0   0   0  17  42  50  10  25   0   5   0   0  28   0   0   0  43   3   0   0   0  32  20  31   2
   0   0  34  20   0  20   0   0   0   0  25  47  26   0   0  38   0   0   0   0   0   9   0   0  10   0   0   0  37  33  43   4  35
   0  36  20  13  50   0  18   8   5   0   0   3  20   0   0  17   0  34  17   0  20  37  32   0  28   0   0  50  33  17  35  20
   0  36   0  22  27   0   3   0   0   0  13  38   0   9  29  30  45   0  38   0   0  48  20   6  44  34  14  38   0  29   0
  40   0   0  11  48   0   0   0   0  12  24   0  29  46  38   0  38  48  19  40  28  16  28   0   7  11  29   0   0  18
  17  30  30  18   0   0  50   0  21  26  39   0   0   0   0  18  30   0   0   0   0  16   0   0  10  15   0  43  23
  29   0  35  30   0   0  46  11   0  33  33  42  35   6   0   0   0   0   0  13  43   0   0  29  43  42   5   0
   0   0   0  44  28   0  31   0  40   3  48   0   7   0  30  35   0  39   0   0  28   7   0   0  44  48   0
  45   0  38  44   0   0  48   0  36   8  21   0  41  37   0   2   0  12  28   0  26  36  20  28  13  28
   4   0  31  34  32  31   0   0   6   0  43   0  29   2  22   0  41   9  36  19  20   0   0   0  48
  40  16   0  39  31  43   0   0   0   3  24   0   0  34   2  21   0   0  24  19   0  32   1   0
  46   8   0   0   0   0   0   9  22  26  24   0   0   9   0   0   0  33   0   0   0   0   0
   0  33   0   0   0   0   1   7  12  50   0  28  33   0   0   0   0   0  27   0   1   4
   0  31   0   0   0   0  46  47  42  13  45   8   0   0  19   0  13  47   0   0   0
   0  13   0  42  13  15   0   0   6  43   0   0  15   0   0   0  34   5   1   1
  16   0   0  46   0   0  35   0  25  22  11  45   0  44  36   0   0   0  36
   0  34  45   0   0   0  49   0  33  43  32   0  44  27  11   0   0   0
  47   0  29   0   0  16   0   0  15   0  49   6   0  30  23  42   0
   0  37   0  12   5   0  47  44  48  46   0   5  27   0  21  32
   0  17   0   0   0   0  23   0   0   0   3   5  14   1   0
  30  33   0  12  37   0  30  26   0   0   0   1  20  19
   0   0  22   0   0  44  35   0   0  46   0   0  10
   0  33   0   0  25  37  30  22   0  27   3  33
  21  22   0   0  42   0  46   9  20  25  48
   0   0   0   0   0   0   0   0  47   0
   0  15   0   1  33   0  10   0   7
   0   0   0   0   0   7   0  11
  26   0   1  24   0  45   0
  15   0  19   0   0  36
  30   0   0   0   0
  42  10  46   0
  20   0  47
   0   0
   0

 295
  24  20  22  14   9   5  17  25   8  17   6  21  25   7   5  23   4   5  23  21   1   1   5  17  21  11   5  16  11  12   6  23   2   7   8  19  24   5  11   1  17  16   9  20  24  24  18  15  11   8

