  50 
  47   0   0   0   0   0   0   0   0  28   0   3   0   0  38  36   0  49   2  35  45  22  36   0  16  32   3   0   0  17   0   0  30  26   9   0   7  26  32   0   0   0   0   0   1  17   0   0   0  24
  27  17  49   0  48   0   0   0   0  42   0   0  49  30  19   0   0   0   0   0   0  18   4   0  41   0  29  27   0  47   6  22   2  26   0  49   0  22   0  14  13   0  43   0   0  18  17  12  40
   0  11  14  29   0  17   0   6   0   0   0  44  18   0   0   0   0  49   0   0  34   3   0   0  16  47   0   0   0   0   0   0   0   0   0   0   0  39   0   0  38   0  11  20   1   2   0  12
  12   0   0  15   0  17   0   0  33  20   0  41   0   0   2   0  35  38  41  32   0   0   0   0   0   0   0  18   0  29  35   0   0   0  11   6  21   0   0  48   0   2   0  35   0  10   0
  30  45  19   0  12   0   0   0   0   0  26   0  27  49   0   0   0   0   0   0  42   0   0   0  21  24   0   0   0   0   0   0   0   0  45   0  43  47   0   0   0  13   0  15   0  49
  44   0  13   0  37   0   0  16  41  39  24  19   0  25   0   0  36  33   0   0  36  48  13   0   3   0   0  17   0  17   0   0  43  25  40   0   9  46  10  36   2  12   0  40  37
  19  34   0  41   0  24  24   0  36   0   0  11  20   7   0   0   0  36   6   0   0   0   0  40   0   0   0  33  49  44   0   0  24  13   0  19   0  31  18  29   0   0  16   0
   0  26   0   0  29   0   0  17   0  44   0  20  40   0   0  28   0   0   0   0   0   0  33  32   0  38   0   0   0  36   0   0   0  32   0  43   0  47   0   0  30   0   0
  44  44   0   0   0   0   0   4   0   0   0   0   0   0   0   0   0   2  44  16   0  36   0  45   0  47  35  32  14   0   0  18   0  46  34  14   0  36  19  24   0   0
   0   7  24   7  28   0   0  35   0  47  21   0   0   0   0  40  50   0   0  47   0  42   0   0  14   0   0   0  34  14  33  33   6   0  11   0   0  17  50   0   8
   6   0   0   1   0   0  50   7   0  18  28   0   0   0   0   0   0   0   0   0  25   0  38   1   0   0   0   3  50  40  16   0   0   0   0  35   0   0   0  24
   4  20  43  33   0   6   0  10   0   0  34   0   6   0  45   0  34  42   0   0   6  11   1  13   0   0  48   0   0  18  47   0  14   0   0   0   0   0   0
  14  26  37   0  38  17  25   0   0   0   0  31   7  38  27  42   0  11   0   6   6   0   0  22   1  32   0  29  31   0   0   0   0   3  37  35   0   0
   0  48  10  47  44  45   0  23   0  11  39  45   0   0  29  41   0  36  32   0   0   0  47   0  30  15   0   0   0   0   0  32  13   0  22  30   0
   0   0  48  10   0  47   0   0   4   0   0   0   0  42   0  31   0  13  32   0   0  40   0   0   3  31   0  24   0  50  33  35   0   0   0   0
   0   0   0  18  29  45   0   0   0  13   0   0   0   0   1   0  15   0  46  24   0  13   0   0  28   0   0   0   0   0  39   0  21  19  19
   0  40   0  26   0   3   0   2  43  11   0  38  33   0   0  44   0  30  21   0  33  33   0  41  33  28   0   9  19   0   0  15   0  31
  29  47  49   1   0  10  28   5  32  20  40   0   0  41  41  50   9  42  27   8   0   0   0  10  19  46   0  14  16   0  44  48   0
  44  10  18  45   0   0  35   0   0   0   0  14   0   0   0  12   0   0   0  42  17   0   0  12   0  11   0   0   0   0  30   0
   0  30   0   0  27   8  22   0   0  45   0   3   0   0   0  35  12   4  44   0   0   0  34   0   0   0   0  29   0  21  27
   5  42  24   0   0  17  32   0   2   0   0   0  22   0   0  48   0   0   0  35   0  30   0   0  33   0  48   0   0  34
  11   1  19   0  42   5  45   0   0  35  27  31   2   0   0  44   0   0  31  49   7   0  39   9   0   0   0  49   5
  22  35   2  15   0  29   0   5  48   0   0   0   0  36  20   0   0  46  10   0   0  32   0   8  30   0  14  28
  33   5   0   0  11   3   0  38  37   0   0   0  12   0  48  15   0   0   0   0  29   0   0   0   2  45   0
  16  40  35   0  43   0  31   0   0  15  30   0   0   0   0   0   0  21  32   2   0   0   0   0   0   0
   0  29  43   0   0  43  44   4  38  39   0   0   0  17  30   0   0   0  11  49  20  50   0  41   5
   0  37   0  20   0   0   9   0  46  12   0  47   0  18  43   0   0  10  34   0   0  16   0   8
   0  28   0   0  18   0  42  16   0  11   0   0   0   0  45   0   0  35   0   0  41   0  10
  20   0   0  27  44   0   0   0  47   0   0   0   0  34   0   0   9   0  48  49  10   0
   0  16   0   6   0  10   0   0   0   0  20  25  30   0  33  10  14  44   0   0   0
  43   0  23   0  34  37   0  20   2   0   0  50   0   0   0  35   0   0   7   6
   0   0   7  27  15  17  31   0   8  32  21  37   0   0   0  44  31   0   0
   0  43   1  26   0   0   5  22   0  12  25   0   0   0  33  46  21   0
  31  39  16  36  14   0   0  35   0  19  42   8   0   7  27   0  25
   0   0   0   5   0   0  45   0   0   0   0   0   0  36   0   0
   0  31   0   0   0   0  40   0   3   0  29  23   0   0   0
   0   2   0  39  26  48   0  44   3  42   0  18  42  38
  22  10  25  35   0   0   0  27   0   3  35   0  44
   0   0  44   0   0  10   0   6   0   0  47  19
   0  37  14   0   0   0  36   0   0  15  43
  43  34  30   6   0   0   0   0  41  46
  23   8   0   0   0   0  22   0   9
   0  31   0   0  50   7  11  31
   0   0  50   0   0  38  14
   0  46  30   0  47  24
  28   3   0  46   3
  32   0   0   0
   0  46   0
   0   0
   0

 140
  21   9  22  10  18   1   6  21  23  17  10   8  24   4   2   5  16  24  23  14   2   3   3  14   5   3  22  16  24   5  19   3  22   9   9  18  24  24   7   6  23   5  12  12   7  23   3   5  18   5

