  50 
  36  23   0   0   0   0   9   0  46   0  29   0  42   0   3  18  15   0   0  14   0   0   0   0   0  27   1  32   0   0   0  26   0   8   0   7   0   0   0   0   0  39   4  48   0  34   4   0  48   2
  38  34   0   0  32  50   0   0   0  24   0  15  43   0   9  19   0  24  50  14  20   0  12   0  21   0   0   0  29  43   0  20  28  13  18  21   0  13  16   0   0   0   0  46   0  20  48   0   0
   0  38   9  15   0   0  18   0   0  22   4   0  16   0   0   0   0   0   0   0   9   0   0  29  48   0  23   0  21   0  10   7   0   9   0  27   0  24   0   0   7   9   0  22   0   0  43   0
   0   0  30   4  30   0  38   9   8   0   0  49   0   0  19   0  44  13  46  50   0  44  45   0  35   0  41   0   0   0   0  36  11   2   0   4   3   0   0   0  27  15   9   0   0  10   4
   0   2  30   8  13  40  36  27  46  14  28  34  25   1   0   0  41  15  36   0   2   0  26  42  20   0  42  21   0   0  14   0  47  28   0   0   0  29  30  49   2   0   0  36  21   0
  24   0  36   0  50   3   0   0   0   0  18   0  44  45   0   0   6  15  33  28   3  28  15   0   0   0   0   0  31  49  17  11   0   0   0  33   8   0  18  11   3   0   0   0   0
   0   0  37  35  27   6  30   0   0  45   0   1  43  35   0  46   0  37   0  22  41   0   0   0  34  30   0  47  33  33   0   0   0  19   4   0   0  27   0   0  35  35  27   7
   0  32   0   0  18   0   0   0  22   0   0  20  32   0   0  38  25   0   0   0  31  47   0   0   0   0  17   0   0  22   0  35   1   0   0  15  49  16   0   0   4   6   0
  29   0  16   0   5   0  50   0  49   0   0  31   0  12  11   0  27  35   0   0  48   0  32   0   0   0  32  33   0   0   0   0  14   8   0  39   0  19   3  14   0   0
   0  43  44   0  10   0  12  22  30   0   9  24  38   0  29  14   0   0   0   0  22   0   0  41   8  35  29  42  41  38   2   0   0  26   0   5   0  48   0   0  44
  28   0   0   0  36   9  23   0   3  40  22   0  43  48   0   0   0   4   0   0   0  36  14  42  30   0   0   0   0   0  33   0   0   0   8   8   0   0   0   0
   0  17  35   9   0   0   0   0  10  25   0   0   0   9  10  15   0   0   7   0  34   8  15   0   0  16  13  13  24  28   2   0   0   0  10  38  22  37  41
  50   0   0   0   7   0   0   5   0  22  47   0   0   1   0  30   0  26  23   0   0  46   0   0  46  45   0  19  14  30   0   2   0  17   0   0   0   0
  20   0  13  32  26   4  35  12   0   0  30   2   0  42   0   0   9   9  11   0   0   0   0   9   0  33  47   5   0   3  35   0  46   0   0   0   0
   2   0  25   0   0  47   0   0  33   0  39  32  36  26   0  28  16   6   0   0   0   0  50  29   0   0   0   7   0  46   0  32  18  10  29  41
   0   0  19   9  39   0   0  13   0   0  47   0  48   0   0  20  19   0   0   8   0   0   0   6   1  21  46   0  29   2  30  31   0  26   0
  32   0   0  40   0  49  34  31   0   0   0  32   0   1   0  10   0   0   6   0  24   0   0  21   0   0   0  25  17  18  30   0   0   0
  21   0   0  13  35   0   0  39  34   0   0  39  15  49   0  15   8   0   0  24   0   0   0   5  17   0   0   0   0  31   4   4   0
   0  33   3  43  20  15   0   7   1  19   0   0   0  33  39   6   0   0   0   0  49  28   0  31   0  37   0  19  31   0  45   0
  35   0  27  49  17  50   8   0   0   0  30  49  41  30  22   0   0   0   0   0  38   0  22  12   0   0  14   0   0  26  38
  11   0  29   0   0   0  30   0   7   0  37  24   0  11   0   0   0   7   0  33  28   0   0   0  14  49  34   0  23  50
   0   0  43   0   0   0   8  23  50  46  18  18   0  26   0  12  43   0  42   0   0  20  16  28   0   0   0   0   0
  41   0   0   0   0  39   0   0   0  17  16   5  20   0  41   0   0   4   8  29   0   0  50   0   0   0   0   0
   0  39  45   0  46  44   0   0  38   3   0  19   0  38  45  12   0  43  22  43  49  48   0   0   0   0   0
   0   2  17   0   0   0  24   0  25  10   0  44   2   0   0   0  46  22   0   9  39   0  45   0  21   0
   0   0   0  49   0   0   0  23  16  37  29  13   0   0   0   0   0   0   0  49   0  26   0  19  43
   0   0   0   0   0   0   0   6  19   0   0  44   0   0   0   0   0   0   0  31  49   0  19  49
   0  46  15  16  11   2   0  13   0   0   0   2   6   0  47   0   0   8  14   0  23   0   0
  12  31   0  29   0  22  31  39   0  10   2   0   4   0   0  30   0   1  21   0   6  38
  43   0   0  18   0   0   7   8   0   7   0   0   0  30  44   2   0   6   0  20   7
   0  19  33  48   0  46  46   0   1   0   0  39   0  26   0   2  26  28   0   0
  15  46   0   0   0  46  40   0  35  45   0   4   0  15  30   0  38  19  32
   8  50  28   5   0  29  28   0   0  49   0   0   0  38   0   0  11   0
  37   0   3  40   0  45   8   0   1   0   0  42  35   0   0  15  10
   0  34  12  48   0  15   0  47   0   0   0  25  38  25  35   0
  18   0  30  31   8  23  41  46   0   0  24   0   0  26  41
   3  45  34   0  25  27   0  46   0  17   0  40   0  49
  45   0   0   0   0   5   0  26   1  35   0  36  16
   0  30  37   0   1  46  22  11   3  37  24   0
   0  26   0  39   0  14   0   0   0  40   0
   0   0  22   0   0   0   0   0   0   0
   0   0   0  27   0  42   8   0  46
  36   7  43  29   0   0   0   0
   0   0  29  47  14  43  20
   0   6   0  45  31  42
  20   0   4  48  32
   8   0   0  26
  44  32  29
  44   0
   0

 287
  13   3  15  10  22  25  24  17  21   3   3   3  10   3  23  12  16   1  13   7   4   6  24   5  18  17  23  18  13   6  17  12  11   8  19  17   7  22   2  13  23   2  13  11  19   6  10  16   1  19

