  50 
   0   0  49  47   0   0  38   0   0  32   0  23  41   0   0   0   0  22   6  21  31   0   0   0  26   0  43   0   0  22  49   6   2   0  19   0   0  15  39  40   0   0  14  14   0  24   0   0  37  37
  38   0  34  18  12  22   2   0   0  50   0   0  19   1   0   0   0  20   0  50  25  40  16  22  48  37   0   0   0   0   0  19   0  37  10  48  16   0  15   0   0  47  26   0  38  41   0  26   0
   0  47   0   0   5  20   0   0  42   0  40  25  20  25   0   4   0   0  36   7  14   0  48   0  20   0   0  26  19  25  16   0   0  24  34   0   0  17  30   0  12   0   0   8   0  29   0   0
  22   0   0  34  15   0   0  44  16   0  26   0  50   0  50   0  27  35   0   0   0   0   0   0   0  20   0  43  43   0   0  20   0   0  31  43   0   7   0  23  43  45   0  49   0  13   0
   0   0   0   9   0  44  27  42   0   0  42   0   0  15   0   0   0   0  32   0  50   0   0   0  40  12   0   1   0   0   0   8   7  18   0   0  47   0  16  16  38  39   0   0  37  15
   0  32   0  30   0   0   9   1   4   2   0  12   0   0  41   7   0   0   0  38   0   7   0  15  47  37   0  25   6  48   0   0   0   0  30  35   0  31  45   0  19   0   0  23  17
   0   0  19   0   0  43   0   0  22   0  44  33   2   0   0  30  42  36   7   0   0  47   0   0   0   1  17   0   0   0  44  25  25   0   0  25   0   1   5  11   0   0   0  18
  38   6   5   0  16  23   0   0   0   0  49   0  45  36   3   0  35   0   0   7  34   0  26  32  16  24   0   0   0  36  14  16  34   0   0   0   0  40   0  30   2   0   0
  26  17   0  16  48   7   0   0   1  36   0  42   8   0   0   0  43  20   0   0  29  23   0   0   0   0  10   0  33   0  16   0  47   0   0   0   0  39  24  15   0   0
  34   0   0   0   0   0   0   2  14  21   0  49   0  49   0  29   0  20   6   2  30   0   0   7   0   0   0  33   0  22   0  43   4   0   0  48   0  49  23   0  30
   5  23   0   0  46   0   0   0   0   6   0   4   0  27  20   8  24  31   0  11  21  14  42   2  25   0   0  34   0   0  15  27   0   0   2  15   0   0   0  41
   0  44  43   0   0  40   0   0   0  15  23  20  18  32   0   0  18  24   0  11   1   0   0   0   0  18  19   0   0   0   0   0   0   0   0   0  44  21   0
   0   0  10  41   4  25  30  30   0  39   8  30  21  43  31  19  25   0   0   3   0  16   0   0   0   0   0   0   0  36   0   0  15   0  43   0   0  31
  34  36   4  42   0   0   5  15   0  36   0   0  50   0  19   0   0  32  27   0   0  14   0   0  50   8   4   0   4  20  15   0   7   0   0   0  22
   0  30  43   0   0   0  22   0   0   0  32  42   0  19   0   8  12  25  39  41  15   0  49  49  42   5  21   0   0   0   0   0  41   9  39   0
  46   0  49   0  21  18   0   0  10   0  11   0  31  41  10  27  17   0   0   5  38   0  39   0  20  50  23   0  12   0   6   0  30   0   0
  12   0  28  28   0   0   0  21  23  24   0   0   0   0  46  17  16   0  15  42   0   0  20  42  23  46  21   0   0  48  24  49  15  27
  20  19   7  48  10  43   0   0   3   0   0  30   0  32   0  50   4   0  25   0  18  26  15   0   0  32   0  44  25  30   0  48   0
  14   0   0   6   0   4   0  50  17   0  38  15  22   0   0   0  15   0   0   0   0  42  14  34   0   0   2   0  47  17  28   0
  18  36   0   0   0   4  44  36   0  32   0  26   0   0   0   1   0  29   0   0  23  23   0  48   0  40  37  22  42  20   7
  32   0   0  26   0   0   0  14  33   0   0   0  27   0  42  47   1  40   5   0   0  17   0   0   0   0   0   0  16   0
  24   9  20  29  30  36   0   0  44   0  50   0  24  10  11   0  15   0   0   0  22   0  45   0   6   0  43   0   6
  46   0   0  17  36   0  41   9   0   8  24   9   0   0   0  32   0   0   0  33   6  46  46   0  22  45   0  18
   0   0   4   0   0  40  37   0   8  27   0   0   0   7   0   0   0   0   0  23  38   0   0  29  46  19  39
   0   0  39  39  15  20  49   0  18  21   0  25  30   0   0   0  29   0  32  48  26  29  16   0   0  17
  27  15  46  36   0   0   1  44  33   0   0  27  21  36  37   0   0  41  42   0  22  50   0   0   0
   0   0  33   0  25  38  42   0   0  50  43  20  19   6  25   0  26   0  13  43   0   0  37   0
  20  30   0  41   0   0   0  33   0  23  32  28  15   0   4  29  41   0  25  35  13   4  21
   0  38   0   0  48  45   0  44  50   0  49  15  38   6  49  39  45   5   0   0   0   0
  18   0   7   0  13  24   0  15  11   0  26   0   0   9   0   0   0   0  31  48   0
  31  50  23   0  23   0   0   0   0  20   0   0  19  35  22   0   0  26  16   0
   0   0   3   0  30   6   0  49   0  42   0   0   8  33   8   0  49   0  48
   6   0   0   0   8   0   0  48  38  48   0   0   9  38  22   0   0  28
   0   0   0  48   5  49  14   0   0   0   0   0   0  22  37  39  39
   0  41   0   0   0   0   0  37  40   7   0  13  15  26   0   0
   0   0   0   0  12   0   0   0  16   5  41   0   0  13   6
   0   0  21   0   0   0  27  11  11   0   0   0  33  27
  49  44   0  16  21   0  37   0   0   0  45  21   0
  22   0   0  32   0  10  44   0   0   0  41   0
   0   0  27  17   0   8   0  20   0  22  11
   2   0   0   0   0   0   7   2   0  37
   0   0   0   0  32  13  35   0   0
  21   0  45   0   0  34   0  11
   0  16  18  34  24  17   0
  12   5  36   0  32   0
   0   0   0   0   8
  36  20   0   0
  41   0  31
   7   0
  49

 494
  14   4   8  18  14  12  11  10  24   4   7  17  10   6  15  15  15   8  19  23  12  11  10  25  20  17   1   8   3  22  11  18  11  14  21  14  15   3   1   5  21   8  16  13  10  18  10   9   3   2

