  50 
  37  25   0   5   0   0  47  18  35  27  39   0   0  30   0  50   0  32   0  46   0   0  20  18  49  32  39  43   0   0  27   3  15   7   5   0  16  14  21   0  46   0  41   0   2   0   0   0  13  38
   0   0  28   0  30   0  17  37   0   0   0   0  45  28  21   0  17  17  30   0   0  42   0   7   0  24   0   0   0  44   0  48   0   0  41   0  20  19   0  36  43  29  26   0   0   0   0   0   7
  42  34   0  39   0   0  22   0  10  37  15   0  19  20  22   0   0  38  49  44  42  46   0  18   0   0   0  26   0   0   0  39   0   0   0   0   0   0   0   0  44   0  43  13  24  35   0  50
  11   1   0   0  47   8   0  23  48  34  20  19  45  25  30  30  30   0   0   0  20   9   0  26   0   0  12  26   0   0  37   0  12   9  19  41   0   0   0   0  13   0   0   5  42  26  21
   0   0  14   0  40   0   0   1   0   0   0  22   0   0   4  38   0   0  22  38   0   0   0  26   8   0  35   2   0   0   0  29   3   0   0   0   0   6   0   5  35   6  48  14   5   0
  41   5  40  22  18   0   0   0  45   0   0  38  49   0  45   6   0  46  42   0   0  19   0   0  42   0  44  47  35   0  12   0  25  45   0   0   4   0  43   0   5   9  32  12   8
   0  28  18  33   0  42  38   0   0   7  48   0   0   0  15  48   0  41  12  15   0   0   0  35   7  33   0  13  10  10   0  25   0  35  46   0   0   0  13  34   3  24  47  29
  42  33  46  11  15  24   2  27   0  19   0   0  17   0   0   0   0  17   0  37   0   0   9  44   0  29   0  22   0  11   0   0  44   0  25   3   0   0  42   0  35   4  11
  26   0   0   8   8   0   0   0   0   0  12   0  43   0  36   0  25  26  29   0  50  35  31   0   2   5   0   0   0   0  47  36   0   0   0  30  28  43   0   0   0  23
  25   0  13  39   0   2   0  14  29  20  44   0  40   0   0  29   0   0  21   0   0   0   0  16   9   0   0   0  24   0   0  34   5   0   0  10  46   0   0  21   0
   0   0   0   0   0   5   0  39   0   5   0   0   0   0  21   0   0   0   4  20  43   0   0   0  41  35  24   0   6   0   0  50   0   0   2   0   0   0   0   0
   0   5   0   0  37   0   0   0   4   4   0   0  39   0   0   0   0   0  45   0   0   0   0  13   0  48  35  37   9   0  32  39   0   2  44   0   0   0   0
   0  42  39   0  32  28  37  28   2  37  50  37  37   0  11  43   0   0  29   0  25   0  17  13   0  32   9   0  28   9   0   0   0  27   0  35   0  24
   0   0   0   0  29   1  31   0   0   0  14  41   0  30   4  13   0   0  36  19   0   0   6  19   0  35   0  20   0  13   8  26  34   0   0   0   0
   1   0  26   0  43  43  49  25   2  48   0  21  33   0   0   0   0   0   0  39  10   0   0  26  20   0   0   6  44   0   0  13  21  32   3  45
  22  34  28   0  26  18  21   0  28  47   0   0  48  27   0  12  25   0   0  47   0  11   2   0  14  27   0  13   4   0  26  15  42   0  22
   7   0  15   0  39  16  34   0   0   0   0   0   0   4   0   6  11  49  36  49  37   0   7   9   0  25  30   0   2   0  41  44   0   0
   0  14   0   0  23   0   0   0   0  47   0  42   8   5   5  17  13  30  37   0  44  12  11   0  28   8   0   0  12   0  34   9  32
   0  43  15   0  28   0   5   0  41  33  29   5   9  22   0   0  46   0  31   0  29   9  50   1   0   0  31   0  16  14   0  46
   0  12   0   0  22  36   0   0   0   0  34  42  18   0   0  45  27   7  23   3   0   2  48   0   0   0   0   0   0  25  32
   0   0   0   0  29  27  29   0  47   0   7   4  13  30   0  48  36   0   0   0   3   0   0   0   0  35   0   8  44   0
  47   0   0  50   0   5  32  15  37  19   0   4   0  13  20  25   0   0   0   0   0  35   0  46  19   0  50   0   0
  50   0   0  37   4   0  34  17   0  45  12   0   0   0   0   0  31  42  15  14  39   0   0  18   5   0  23   0
  48   0  38   0  24   0  36  16   0  11  30  30  37   0   0   0  26   0   0  24  23  27  45   0   0  25  38
  17   0  11  14  11   0   0   0   0   0  25   0  19   8   0  31  23   0  39   0   0   0   0  12   0   0
   0   0  43   0  23   0   0  30  48  10  46  45   0   0  38   0   0  25   0   0  31   0   0   0   0
  20   0   0   0   0  33   0  23  41   0   0  23   0   0  25   0  24  33  19  31  11   0  40  26
  44   5  13   0   0   0   0   0  29  49   0  27   8  34   6  50   0  41  20   0  42   0   0
  15   0   0  50   0   0   0  13  15  25   0  30   0   9  29   0   6  16   0   0   0  19
   0  46   0   7  30  25  41   0  44   7  24   5   0   0  48   4   0   4   0   0  36
   0  13  27  14  42   0   0   0   0   0   0   0   0   0  15   0   0   0   0   0
   0  36   0  14   0  30  27   0   0  16   1  45   0  43   0  49   0   0   0
  22  47  27   0  42   8  44  43   0  11   0   0  43  13  12   0  24  42
  26  25  27   0   8  22   8   8   0  36   0   0   0  12  22   0   0
   0   0  36  36   0   0   0  34   0   0   0   0  10   0   0   1
   0   0  18   0   0   0   0  15  33   0  24  26   0   0   0
   0  37  29  13   0   0   0   7  41  30  41   5  12  36
   9   3   0  49   0   0  42   0   0  18  31  48   3
  18   0  20  22   0   0  26  31   7  43   7   0
   0   0  12   0   0  23  50   0  36   0   0
  13   0   0   0  21   0   0   0  15   0
  22  21   0  47   5   0   8   0  12
  18  49   3   0   0  26   0   0
  11   5   0  13   0   0   0
   0   5   0   0   0  30
   0  28  20   0  22
   0  30   0  41
   0   0   6
   0   0
   0

 473
  11  18  23   5  25  15  24  25  10   7   8  16  25   3  19   4   7  23   1  13   4  14  11   9  14   8   7   3  15  12  22   9   3  10   8  19  22  22  17  24  15  17  19   5  17  14  15  22  25   3

