  50 
  31   0   0   2  27  18   0  14  33   0   0   0   0   0   6   0   0  12   0   0  36   0   0   0   0  38   0   2   0  11   0  39  11  20   9  25   0   7   0  18   0  17  13   0   0  29   0  45  43   2
  19   0  38   0  24   0  33   0  33   0   0   8   0  39   7  14  14   0   0   0   0   0  32   0   5  29  47   0  21   3  25   0  37  11  19  47   0  24  20   0  24   0  39   0   0   0   0  29  45
   0   0  34   0  44   0   0   0  20   0   0   0   0   7   0   0  22  14  22   0  39  20  25   0  28   0  25   6  30  17   6  13  35  40   0  20   0  12  46   0   3   8  35   7  15  23   0  29
   0  14  42   0   0   5  10  12   1   0  17   0   0   0   0   0   0   0   0  41  20   0  25  50  47  16  38   0  17  33  26   0   5  24  18   0   0  26   0  34   0  29   0   0  35   0   0
   7   0   0  49  25   0  31  45   0   0   0   0   6   0   0  28  16  14   0   0  26  47   0   0   1  45   0   0   0  19  25  46   0   2   0  28   0   0   0   0   0  20   7  26   0   0
   0   0   0  40   8  13   5  11  38  49   7   0  42   0  45   0  20  49   0   0   0   0   0   0   8   0  47   0  23   0  18   0   0   0   4   0  42   0   0   0   0   0  49  33  42
   0   8   0   0   0   0  28   7  18   0  10   0   0   0  38   0   0   0  50  33  25   0  34   0   0   0  41  13   0  35  39  38   4   0   0   0   0  43   0   0   0   0  20   0
   0  34   0   0   0   0  48   0   0  22   7  27   0   0   0  13  19  32  33  46   0   0   0   0   0  13  46   0  47  19   0   0   0   0   0   0  38   0  33   0   6  43  29
   5  30   6   0   0   0   0   0   7   0  23   0  30   0  45   0  25   0  17   0   0   0  42  31   0   0   0  36   0  17   0   0   0  48  45   0  40  47  16   0  49  33
  17   7  35   0   0   5  45  30   0  46  34  49   0   0   0  41   0   8   0   0   0  49   0   0   0  22   0   0  28   0   0  43   6   0  13   6   0   0  39  38  38
  33  36  38   0  43   0  14   9   0  28  38  38   7   0   0  13   0   0  40  18   0  40   0   0  13   0   5   0   0   0   0   0   0  31   0   0   0   0  35   0
  14   0   0  32   0   4  41   0   0   0  44  28   0  36   0  38  46  49   0   0   0  31   0   0  17   0  45   4  14   1  33  35   0   0   0   0  38   3   0
  28  12   0  17   0  16  41   0  10  15   0   0   0  44  27   0  36  16   0   2  14   0  47  41   0   0   0  29   0  12   0   0  21   0  18  41   0  16
   5   0   0   9   0  25   0   0   6  23   0  38  19  11  30   2  10   4  34   0   2   0  33  25   0   0  11   5   0  27  47   0   0   0   0  10   8
  14  15   0  33  46   3   0   0   0   0   0  10  11  32  30   0   1  30   0   1   0   3   0   0   0  16   1  15  30  28   0   0   0  25   0   0
   0  20   0  42   0   0   3   5   2   0   0  38   0  27  25   0   3   0  33   8  27  25   0  26  25   0  26   3   0  31  36   0  17   4  13
  19   0   0   0  46  20   0   0   0   0   0  42   0  16   0   0   0   0   1   8   0   0  13  43  44  35  36   0  21  24   0   0  10  43
   0   9   0   1   8   0   0   0   0   0   0   0   0  25  24   0  40  32  27   0  25  25  14   0  21   4   3  11   0  16  45  28   0
   0  12  34   0   0   0   9   0  27  12  25   0   0   5   0   0   0   1   0   0  26   0  28   0  29   0   0   0  37   0  44  50
  30   0   0   0   0  32  21  47   0   0   0  17   3   0  11  11   0  42  39  40   0  14  46  30  22   0  11   7  10  10   0
  40   0   0   0   8   0  25   7   0  33  20   0   0   0  27  47  21   0  17   0   0  26  19   0   0   0   0   0   0  49
   0   2  19  35  46   0   0   0   0   6   0  27  27   0   0   0   0  42  47   0   0   0   0   0  32   0   0  16   0
   4  16   0  11   0  46  40  31  39   5   0   0  10   0   0   0   0   9   0   7   0  40  12  26  11  21   0   9
   0   0  12   0   0  21  27  49   0   0  24   0  35   0   0   0   2   0  27   7   0   0   0   0   0  48   0
  15  30   0   0   0  48   0   0   0   0  47   7   0   0   0   0   0  19  36  22   0  14  20   0   0   7
  18   0  43   8  50   0   0   5  33  40   0  19   0   0   0   0  25  49   0   0  26  23  11  15   0
  12   0  32   0   0   0  49  33  42   0   0   0  45   0   0   0   0   0   0   0  50  26  28   0
   0   0  29   0   0  30  13   0  29  21   0  32  19   0  23  39   0   0   0  48   0  47   0
   2   4   0   0  33   0  20   0  11  31  16  47   8  42   0   0   0  22   0  32  50   0
  33   7   0   7   0   5   4   0   0   0   0   0   0   0   0   0   0   0   0   0   0
  10   0   0   0   0  50   0  35   0  41   0  10   0   0   0  47   1   0  11  19
  36  50  20   0   0   3   0  41   0  16   0  46   0   0   0  16   0  41  19
  29  20  17  19  34   3  33  16   0  22   0   0  41   0  37   0   0   0
   4   0   0  49   0  20  18  28   0  12   0  32  14  37   4   0  48
  27   2  11   0   0  25  28   0   2   0   0  41  41  37  21  40
  35  39   0   0   0   0   0   0   0   7   0   0   0  37   0
  33  16   0   0   4  26  48  28  34   0   0   0  47   0
  18  41  44  21  17   0   7  24   0  29   0   0   0
  30   0   0  25   0  43  10   1   0  46   0   0
  47   0  31   0   0   0   0  15   0  40  37
  38   0   0   0  33   0  15  42  16   0
   0  32  16   0  10  41   0   0  30
  36   5   0   0   0   0   4   0
   0   0   0  12  40   0  37
  22  27   0  22   0   0
   0  44   6  13   0
  35  46   0   0
   0   0   0
  29  34
  43

 131
  23  19  17  13   3  24  22   9  19  19   1   8  25  13  12  16   8   3  10   3   7  24   7  10  25  15   4  25  18  17   2   9   1  14  22  24   4  13  22  24  24   9  10   4  14  17  13  22  21   8

