  50 
   0   0  31   0   0   0   0   0   8   8  26   7  15   0   0   0  35   0   0   0   0   0   0   0  32   8   0  11  32   0   0   0   0  22   0   0   0   6   4  12   0  34  40   0   0   0  12   0   0   0
   0   5   0   0   0   0   0  39   0  33   0   0   0   0  19   0  28  12  40  18   0  30   0   0   0   0   2   0   4  31   0   0  12  50   0  31   0   0  10  20  36   0   8  23   0  15  12  13   0
  48   7  27  12   3  34   9  36   0   0  37   0   0  13  45   0   9   0  14   0  29   0  40  10   0   4  17   0  24   0   0   0   0   0   0  17   0   0  17  41  36   0   0   0  40  50   0   0
   0   0   0  28   0  45  30   0  30  42   0   0  34   0  24   0  28   0  22   8   7   0  44   0   0  40   0   0  15  47  10  37   0  10   0  38   0   0  11   0   0  39   0   7   0  17   0
   0   0  23  10   0   0   0  10   0   2   0   0  13   7  15  33   0   0   0  50  43   0   0   0  49   0   0  18   8   5   6   0   0  30   0   0  43   0   0   0  23   0  38   0   0   0
   4   0   0  39  30  12  44   0  42  36  48   0  41   0  20  13   0   0   0   0   0  14   0   0  48   0   0  31   0  48   0  18   0   0  41   0   0  37   0   0   0   0   0  38  20
   7  23   0   0   0   0  44   0   0   0  25  44  18   0  35   0   0   5   0   0   0   0  26   4   0   0  14  46  34  41   0   0  29   0  22   0   0   0   0   0  32   5   0  42
  19   0  16  18   0  50   0  30  45   0   0   0   0   0   0  30  47  10  50   0   0   0   0  12   1  35   0  26  29   0   0  25   0   0  43  19   0   0  28   0  50  25   3
   0   5  14  49   0   0   0   2   0   0  20   0   0   0   0  15   0  26   0   0  35   0   0   0  19   0  31   0  41   0  34  14   0  48   0   0   0  11  19   0   5   0
   0   0   0   0  22  18  18   0  48   0  12   0  38   0   0   0   0  31  19   0  21  33   0   0   0  11  45   0   0  25   0   0   0   0   0   0   0  46   0   0   0
   0   0   9  31   0  40   0   0  11   9  18   0   0   0  12  10   0   0  18  31  28   0   8   0   0   0   0   0   0   0   0   0  30   0   0  20   0   0   0   0
   0   0  17  24   0   0  37  47   0   4  49  28   0   0   0   5  32   0   0   0   0  40   0  40   0  44   0   0  28   0   9   0   0  27   0  46   0   0   0
  39   0  12  49   0   0   0   0   2   0   0  39  42   0  28   0  29  50  33   0   9   0  18   0   0   0   0  41  42  15   0   0  47   0   0   0   0   0
   5   0   0  45   0   0   0  19   0  45   0   0   0  18  42  36   0   0  16   0  31   0   0  22   0   0  46  24   8   0   0  10   0   0   0   0   0
   0  35  11  23   0   0  38  38  25   0   0   8  35   0   0  38   0   0   0  22   0  15   0   0  33   0   0  47  42  35  18   0   0  41   0  18
   0  23   0   0   1   9   0  48  37   0  32  22  39   0  16   0   0  36  42   4  26  48  11   0  31   0   0   0   9   4   5  16   7  35   6
   0  46  18  14  48   0   0   0   0  21  43   0   0  38  11   0  15  21  40   0  14   0  50  30  36   0  18   4   0  15   0   0   0  40
   0   0  39  10  40   0   0  33   0  17   0   0   0  40   0   0   0   0   0  43   0   0   0  19   2  19   0   0  42  40   0   0  17
   9  16  46   0   0  17   0  10   0  24   0  47   0   0   0   0  16   0  48   0   6  20   8   8   5  10   0   0   0   0   0   0
   0   0   0   0   0  18   0   0   0  27  41   0  13   0   0   0   0   9  39   0   0   0   0  37   0   0  26   4   0   0   0
  34  15   0  35  43  47   0  10  47   0   0   0   0   0   0  38   0   0  34   0   0   0  47   0   0  11  21   0   0  31
  39   0  26   0   0   0   9   0  33   0  22  18   0  42   0  30   8   6   0   0  18  34  45   9   0  42  30  36  26
   0   0   0  11   0   1   9   0  11   0   0   0   5   0   0  18   0   0   0  16  25   0  30   0   0   0  27  38
   0   0   0  48  45   0   0   2  48   0   0   2  10   0  12  22  19  49   0   0   0   0  44  21  34   0   0
  15   0  25   0   0   0  13   0   0  45   0   0  45   0  16  25  43   0   0  10  42  30  37   0   0   0
  23  20   0   3  37   0  13  38   0   0  35   1   0  35  13  21   0   4  27  28   2  15   0   0  41
   0   8   0   0   0   0   0  18   0   0  13  37   0  20  49   0   0  14   0   0  48  46   0  34
  28  21  48  10   0  14  17   9  16  40   0   0   0   0  11   0   0   0   0   0   0   0   0
  49  30  49  23  25   8  31   0   2  20  46   0   0   0  19  41  30  21  44  37   0  30
  26   0  46   0  38   0  47   0   0   0   9   0   0  12  36  48   0   0  12   0   0
   9   0   0   0   0   0  30   0   0   0  17  42   0  39   0   0   0   0   0  40
   0  42   0  49  38   0   0  28  27   0  22   0   6   0   0   0  47   6   0
   0   0  46  48  12  46  27  25  11  39  21   0   0   0   0   0  32  38
  34   0   0  14  27  45  13  44  10  12   0  30  10   0   0   0   0
   6   0   0   0  33   0  30   0  45  16  20   0   0  47   0  49
  22   0   0  43   0  41   0   0  27   2  27  18   0   0   0
  26  17   0  35   0  50  26  38   0  11  39   0  14  38
   0  33   0   0  38  33   0   0  11  32   0   0  32
   1  12  15  17  28   0  48   0   1  27  45  13
   0  12   0   0   4  15   2   0  44   0  20
   0  17   0   0   0  47  46  41  39   0
   0   0   0   0  37  27   5  49   0
   4   0   0   0   9  26  42   0
  37   0   0   0   0   0   0
   0  31  29  18   0   0
   0   0   0   0   0
   0   1  41  40
  25  42   0
  23  35
   0

 431
  17   8   7  12  21   5   5  11   6   5  12   1  16   4  16  21  23  14  23   2  15   5  15   9  10  17   7  16   5   7  24  21  16   3   6  19   6  17  25  13  11  14  18   4  23  15  21   7   2  15

