  50 
   0  25   0  12  49  48   0   0  31  14  46  11  45   0  47   0   0  26   7  14  10   0   0  43   0   0   0  38   0  50  30  36   0   0  34  45   0  38  14   0   0   0   0   0  35  14  44  15  11   0
   0   0  46   0   0   0   3  47  48   0  11   0   4  12  48   0   0  43   0  24  47  39   0   0   0   9   2  44  17  10   0   0   0  25   0   0  37  36  31   0  18   0   2  14   0  21   9  30  11
  17  49   0   8   0   0   0   0   0  42   0  40   9  48   0   0  21  30   7  28   7   0  27   0  16   0   0   0   0  19  23   9   0  38   0   0   0   7  17  10   0   0   0   0  11  27   0  15
   0  46   0   0  33  35  38   0   0  14  30   0   3  20   0   0   0   0   0   0  24  14  18   2   0  31   0   0  28  50  47   0   0   0   0   0  42   0  14  31   6   6   0   0  32   3   7
  29  49   0  13   0   0  21   3  10   0  22  20   0   0   0   7  41   0  27   0  24   0   0   0   0   0   0   1   0  35   0   4  27   0   0   0  20   0   0  39   0   0  36   0   0   0
   0   0  23   0   0  40   0   0   3   0  21   2  39  22   6  42  48   0  43   9   4  35  31   0   0  49  21   0   0  15   0  19   0   0   0   0   0   0   0   0  46  30   0   0   0
   0   0  48   0  23   0   0  25   0  20   0   0   0   0  26   9  23  36   0  35  15  23   0   0   0  47   0   0   5  32  30   0   0  12  36   4  21   0   0   0  34   0   0  14
   0  25  35  30   0  49  28  38  36   0   0  31   0   0   0   0   0  36   0   9  35  39   0  41  18   0  29   5   5  39  49  18  34   0   0   0  11   0  14  46  33  31   0
   0  29  25  38   0   5   5  31   0   0   0  20   0   0  32  34   0  31   0   0   0  27  17  13   0   0  10   7  24   0   0  43  50   0  48   0  25   0   0   0   0   0
   0   0  28   0   0  29   0   0  38   0  38   0   0  16  15   0  20  34   0   0  38  48   0   0  14  11   4   0  40  15   0  49   0  10   5   2   4   0   0  30   0
  10  49  39   0   0  12   0   0   7   0  37   5  48  10  19   0   0   0   0   0   0   0  12   0  34   0   0  10  46  25   0   0  38   0  14   0   0   8  44   0
   0  35  45   0  18  42   0   0   0  47  11  37  41  34   0  44  17  22   0  16   0   0   0   0  45  24   0   0  17  21   0  37   0   5  34  39   8  46  43
   0  38  32  28   0   0   7  19  36   0   0  44  46   0   0  41  50   0  11  43   0  18  17  26  26   0   0  22   0  25   0  35  10  44   0  29  16   0
  42   0  48  39   0  10   0  26  15   0  47  13   0   8   0   0   0  29   0   0   0   0   0   0   0   0  28   0  50   0  50   0   0   0   0   0   0
   0  14   0   0   4  32  29  46  50   0  37  16   0  26   0   0  31  27   0  14  23  34   9   1  23   0   0  33  29  23   0  12   0   8   0  43
  44   0   0  41  44   0  44  18  42  18   0  17  32   0   0   0   0  47   0   0   1   7   0  33   0   0  45   0   0  25   6  47  17   8   0
  27  37   0  32   0  42   0  44   0  42   0   0  45   0   0   0   6   0   0   0  41  40   0  11   0  49  48   4   0   0  37   0   0  32
   0  26  10   0   0   3   0  44   0   0  32   0   0  48   0   0   0   0  50   0   0  11  28   0  14   7  32   1   3  29   0   0   0
  40   9  42   7   7  50  32   0  19   0  38  19  50   0   0   0   5  28  22   0  47   0  35  27   0  45  44  39   0  19  15  40
   0   0  11   0   0   0  10   0   0   0  32   0   0  15   0  39   6   0  48   0   0   0   0   0   0   0   0   0   0  24  40
  29   0   0  38  28   0   0  32  29  47   0   0   0   0  24   0   0   0  28  34  47   0   0   0  40   0   1   0   0   0
  12  40  22   0  17   5  29   0   0   0  19   0   1   0   0   0  22   0   0   0   0  33   0   0  25   0   0  49  30
  21  25   0   0   0  11   0  18   0   0   0   0   0  18   0   0   6  47   0   0   0   0  12   0   0   0   0  10
  17  18  34   0   0   0   0   0  21  39  25  48  26  27  39   0  19  48  42   0  30   2   0   0   0   0  37
  27  16  16   0   0   0  26  21   0  27  46   1   0  16  49   0   0   0  36  50  28   0  39   5  13   1
  20   0   0   0   0  43   7  43   0   1   0   0  50  10  39   0  32  13  36  44   0   0   0  37  22
   0   0   0   0   0   0   0   0   9   0  47  12   0   0   8   0  43   4  30   0   0  14   0  23
  37  30   0  37  44   0   0  39   0   0  28   0   7  11   0   6   0   0   6   6   0   0   0
  22  36   0   0  18   0   0   0   0   0   0   0  39  26   0  44  13   0  42  14   0  10
   8  20   0   0   0  21  13  47   0   7   0   0   4  16  47   0  46   0   0   0   0
  22   0  41   0   0  20  36  29  19   7   0  38  48  30  20   0   0  40   0   0
   1   0   9   0  37  13   0   0  39  23   0   0   0   0   0   2   0   0  25
  50   0   0   0   0  33   0  29  34   9   0  50   0   7   0  49  39   0
   0   0  28   9  34  40  30   0   0   1  11   0   0   0  35   0   0
   0   0   0   0   0  47   0   0   2  48   0   0  20  34  11  50
  24  28  18   7   0   0   0   9   0   0   0  35   0   0  31
  31   0   0   0   0   0   0   0   9   0   0  41   0  32
   0   0   6  31   0   0   0  30   0   4   0  48  32
  13  32   0  14  29  26  42  25  42  31   0   0
   0   0   0   0  21   0  42   0   0  10  25
   0   0  36   0  47   0   0   0  41  30
   0  41  47   0   0   0   3   0   0
   0  44   0  27   0  43   0  43
  16   0   5  15  29   3   0
   0  47   0  44  14   0
  10   7   0   0   0
   7   3  24   0
   0  14  22
  18  38
   0

 585
   6   9  16  23  20  15   7   4   8   7   4  15  14  11   6  18   3  16  10  22  20  23  16  23   8  22  15  11  20   1  13   5  18  24   2   1  13  17  23  13  16   5  11   1   9  10  16  16   7  13

