  50 
   0  14   5   0   0   0  14  45   0  48   0  41   0   3   9  25  20   0   0   0   0  43  21  41  11   0   0  31  25   0  45  23  10  16  20  21   8   0  25   0  36   0   0  45   0   0   0   0   0  47
  48  22   0   0  40   0   0  14   0   7  45  29  27   0   0   0   0   0  29   4   0   0  26   0   0   0   0   0  16   0   0  29  11   0   5   0   0   0  10  46  31  13  13   0  13   0   0   0  36
  37  31   0   0   0  28   6   0   0   0  36  18  34  12  39   0  21   0   0   0   0   0   0   1   0   7  20  10   6  18   0   0   0  19   0   0   0  38  28   0   0  12   0  22  37  25  44  17
   0   0  32  39  26   7   0   0  16   0  12   0  10  27  20  40   0   0  11  38   0  35  16   0  43   0  35   0   0   0  38   0  12   0   0   3   0   0  11   0  19  31   0   0   0  39  12
   0   0  17  13   0  42  19   0   0   9   0   0   0  22  39  14   0  19   8   0   0  34   0   0   0   0   0   0  11  23  48   0   0   4  39   0   3   0  40  11  17  41   6   0   0  25
  26   0  11   0  11   0   0  36   0   0   0   3   0   0   0   0  11   0   0   0   0  33   0   0  29   4   0   0  14   0  15  38   0   0   0  26   0   0   0  35   0   0   2  43  34
   8   0   0   0  39  30   0   0   0   0  26  50   0   0  49   0   0   0   0  30   0  14  47   0   0  21  18   0   0   5  10   0  34  48  46   0  11   1   0  32   0   0   3   0
   0   6   0  45  49   0   0   4   7   0   0  19   0   0  28  25  43   0   0   3   0   0   0  36  27   0   2  16  11   0   0   1  46   0  41  37   6  23   0  48   0   0  39
  48   0  32   0  17   1  12  12   5   0  13  29   0  39  16   0  25  43  30  35   0   0  33   0   0  34   0   0   0   8  24   0   9   0   0   0   0   1   9   0   0   0
   0   0   0   0  39  32   0   0  47   0  43   1   4   0  22   2   0   0   0   0   0   0   0   0   0   0   0  36   3  34   0   0  41  49   0   0   0  30   0   8  10
  46   0   0  36  27   3   0   0   0   0   0   0  32  11   0  41   0   3   0   9   0  25   0  22   0   0  37  40   0  26   0   0   0   0   0   0   0  32   0  22
   0  33   0   0   0  49   0  12   0   0  42   0   0   0  46  43  45  31   0  46   0  47  41  14  36  28   0  41   8  35   0  50   0  50   0  18   0  45   0
  34  17   0  39   0   0  50   0  43   0  10  20   0   0   0   0  35   0   0   0   0   0   4   9   0   0   0   0   0   0  47  44  20  13   0   0  36   0
  17   0   0  37  12  33   0   0   0  47   6  41  19  36   0   0   0   0   0   0   0   0  30   0   0   6  49  10   0   0   0  31   0  31   4   7   0
   0  36  35   0  10   0   0  21  23   0   0   0  22   0   0   0   0  40   0  14   0  17   0   0   0   0   0   0   0   0   0   0   5  15   0   0
  32   0  14   0   0   0  18   0   0   0  24   0  31   0   0   0   0   3  46   0   0  50   0   0   0   0   0  24  19   0   4   0   0  18   0
  31  32   0   0  32   0   0   0   2   0   0   1  17  37   0   0   0  15   0  20   0   0   0   0  11   0  26  16   0   0  25   0  14   0
   0  31  42   0   0   9  39  48   0  26  11   0  23   0   0   0  33   0  43   6  36  32   0   0  43  49   0  24   0  41   0  47  40
   0  19   0   0   3  25   0  31  20  27   0  49  39   0  38   0   0   0   0   0   1   0   0  12   0  43   0   0   0   9   4   0
   0   0  50  29   0  34   0  40  41  48   0   0   0  11   0   0  19   0   0   0  36   0   0   0  46  26  12  13  43   0  30
   0  35   0   0   0  26  17  43  13   9  41  26  40  49   0   0  18  49  36  15  21  42   0   0  30  44   0   0   0  32
  43   0   0   0   0  20   0   0  49   0   5   0  22   0  15   8  15   0  21   0  44   3  34   0  28   0  30  50  38
  45   0   9   5  16  17  17   1  36   0   0   0   0  28   0  16  15   0  30  29   0  25  27  23   0  10  44   0
   0   0  26  16   0  37  49  48   0  36   0  10   0   0  40  28   0   0  44  37   0  30   0   0   0   0   0
  27  43   0   0  45   0  31   0  19  41   0  41   0  21  13  30   0   3   0   3   0   0   4  41  49  13
  33  50   0   8  16  24   3  30  47  40  32  20  33   7   0   0   0   0  30  49  15   0   0  31   0
   0  24   0   0   0   0  48  46   0  30  50   0   0  35   0  22   0  13   0   0   0  44  43  19
  35   5   0   0   0   0  30  37   0   8   0  20   0   0  16  27   0   2   0   0  45  41  16
   0   0  23  29   0   0   0  23  40   0   0   0   0   0   6   0   6   0   0  48   0   0
   0   0   0  31   0   0   0   0  23  30  32   0   0  19   0  29  12   0  37   0   0
  26  47   0   0   0  20   0   0   0   0  28   0   3  26  16   6  39   1  19   0
  33  14  27   0  32   0   0  17  25  38  14   0   0  12  37  29   0   0   0
   0  42   0   7   0   0   0  32  24   0   0   0  30  29  20  44   0   0
   0   0  38   9   0   0  50   0   4  35   0   0  23  21   0   0  44
   2  44   0  12   0   0   1  24   0  31   0   0  17   0   6  20
  41  45  12   0   3  50   0   0   0   0  35   0   0   0  16
   0  18  33  50   0  43  13   0   0  18   0  35   0  17
  17  11   0   0   0  31  18   0   3   8   3  10  36
   0   0  18  39  26  11  23  38  40   9  45  16
  17   0   0  47   0   1   0   0   0   0  33
   0  16  32   4  11   0   0   0   0   0
   0   0  42  19  28   0   0   1   4
   0   0  32  33  44  25   1  32
   0   0  20  23  22   8  25
  41   0   0   0  36  47
  12  41   0   0   0
  44   0  36   0
   0   0  36
  48   0
   0

  94
   9   6   1   9   1   8  18  21   9   9  22   2  15  21  16   9  20   1  15  24  25  24  20  11  23  16   2  12   8  16  11  15  25  12   3  19   1  17  25   9  22   1  24  23   7  17  15  11  14   6

