  50 
  46  23   3   5  47  50  44   0   0  46  12  38  10  40   0  37  39  17   0   0  47  11  30   0  13   5  27  48   0  40  47  23   0  22   0  50  15  35  14   0   2   0   0  16  42   0  19   0  34  30
  40  23  41  46  32  34   7  20   0  46  14  50  44   0   0   9  12  49  43  25  41  36  38   0   0  22  27  25  34  36  46  31   6  25  37  40  30  29  47  27   0   5  47   0   6   0   0  34   0
   0   6  44  16   7  39   1  50   0  23  39  12  48  26  23  33   0  40  28  28  36  20  36  30  19   3  38   0  33   2   0  49   0  24  37  13   5  41  29  39   4   0   0  20  20   0  18  33
  24  20   7  30  27  21   0  20   1  50  14   3  21  34   9   0   0  16  13  25   0  26   4   0  23   8  34  44   0   5   0  23  38  20   0   6  26  50  45  11   7  43  18  10   0   0  41
  16   0  38  32   6  38   0  33  45   0   0  29   0  26   0   6   8   0   2  49  20  35   4  48   5  33  11  12   9  30  49   0   5  41  36  21   0  14   4   0   0   7   0  26  10  41
  21  17  35  47   6   0  22  19   0   0   0   8   0  17  31  40   9  15   0  24   0  49  18  28   0  36  41   0  18  31   0   0   0  27  22  10   9   3  22  39  30  33   6  37   9
  22  24  45   2   0  41  44  16  39  42  33   0  14   5   0   5  37  11  21   0  49   2   0   0  11  41  50  14  37  50   8  35  36   0  14   4  38   0  17  41   3   0  48   2
  24   0  13   0   5  23  33  50  33   1  46  36  31  32  29  44   0  18   3  39   2  18  17  44  45  42  45  46   0   0  50  41  25   0  35  13  24   0  18  13  20  15  19
   0   0  22  41  20  43  38  49  10  28  13   7  50  46   0   0  18   5   0   0   8   0   7  35   0  38  32  23   1   0   4  12  45  38  40  17   0  12  43   7   0  20
   0  28  21   9   0   0  24  13   0   0  33  28   7  16   0   4  39  49  34  40   7   7  31  47  13   0  34  21  35   0   0  35  49  17   0  17  29   0  26   0  47
  47  47  44  40  41  10  29  20  24  37  46  24  38  23   0   0  27  22  47   0  36  50  36  34   0   0  18   0   0  27  36   0  33  44  13  16   0   0  21  33
   0  18   4  48  43  49  45   0   0  32  22  49   0   0   0  30   9   0   0   0   0  25   0  46  29  19  33  31  18  22  46  10  37   6   0  39   0  11  27
  11   0  19  21  42   0  20   0   0  45  45   0  24   1   0   7  34   0  43  26  32  12   4  37  35  30   0   0   0  43   0  14   1   0  12   7   0   0
   0   0  50   0  42  47  48  39   4   4   1  32   0  42  15   3  10  36   0  41   9   0  38   9  32  13  12   9  45  30  24  48  13  29   0  33   0
   5  20   1  23   8  29   0  23  34  30   0  11   0   0  23   6  34  38  24   9  15  13  49  41  35   0  26  49   0   4   0  23  23   0  21  50
  18   0  19   3  15  37   0   4  11  26  50  35   1  19   0  35   1  45   0   0  43   4   2  35   3   0   0  11   0   0  36  29  10  15  32
   0   0  48  34  49  16   0  17   0  49  24  48   0   0  22  10   0   0   0   0  18  13  46  10  50  22  50  22  35  14   0   9  20   0
  37   0  39   2  47  29   1  43  28  18  24  28   6  38   0  45   0  48  21   1  46  13   7  11  18   7   0  14   6  31  38   0  23
   0  19  27  32  50  37  48  23  26  48  12  45  50   0  32   0  37   7  16  48  29   0  16   0  12   2  22  50  37   0   0  18
  18   0  20  20   0  13  10  23   0   0   8  23   4   0  48   9   0   0   8  22  29   4   0  46   2   0   6   0  18   0   1
  31  44  20   0  38  33   0   0  32  34  21  42  47  16  17   6  28  17   0  27  44   0  43  13  40  29  14  16  13   5
   1  23  13  24   3  41   0  32  27  46   0  48   0   0  33  40  28   7  26   0  39  31   6  37  16  13  49  50  45
   0   0   0   6   0  46   9  40  39  25  32  47  21  35   4  23  35  41  42   0  11   0  50  33  40  46  48  25
  27   0  35  35  45  32   0   0   3  28   0  47   0  14  32   0  31   0   2   0  17  40  17  23  16  35  32
  28  37   0  31  48  35  20  26   0  20   8  23  18  21  49  26  13   4  12   4   0  26  34   0   5  13
   8   7   0   4  40  44  31  22  10  30  29  15   6  44  24   0   0   7   0  43  20  19  29   1  13
  40   0  19  41  26   0  13   0   0   8  20  24  47   7  35  26   0  24   0  48  34  33   5  39
  37  25  40  48   0   0  16   8  43  49   9   0  26  42  36  21  40   9   0   0  46   0   5
   0  13  20   0  19   0   6  34  41  29  16  14  44   2  32  39   9  24   0   0  49  18
  48  11   4  22  29   4   0   0   0   4  45  31   8  36   0   0   4  32   3  28  23
   6   6   6   9  42   3   0  11   6  49   0   0  21   8  12   0  26   0   0  39
   0  37   0  49  48  12  42  45  32   0  46   8  21  35   8  35  30  22   0
  19   0   0  46  14  30   0  19  16  20  35  41   0   0   0  12  41  28
  13  27   0  18  21  40  39   0   0  39  40  26  28  20  50  49  31
   0  35  20  32  35  40  46   1  38  12   5  12  50   4   0  43
  24   0  11   0   1   0  27  13   1  43   0  37   0   7   0
  31  20  25  28  24  44   0  38  15  12  46   0  12  23
  20   4  50  27  49   1  29  17   8   0  49  31   0
  15  38   0   4   4   0  44  36   0  15   0   0
   0  42  40   0  13  32   0  20  17   0  24
   0   3  20   0  21  49   0   9   7  41
  43  20   7   0  23   0  13  26  15
   0   0  26  15  43   1  15   0
   0   0   0  13  24   6  38
  15  41  17   0   1   9
  25  15   0  11  17
  29   0   0   0
  41   4   0
   8  21
  12

 278
  20  18   1  24  16  12   1   2  13  11  19  23   4  16  17   2   2  23  17  10   2  22   5  14  11  24  14  24  13  16  20  17   6  25   3  20   5  13  10  21   8  21  13   1   1   9  12  25  20  17

