  50 
  32   0  11   4   0  27  12  12   0  15  24  32   4  24  19   0   0   0  19   0  29  39   0  23  25   0  18  41   0  17   0   4  32  48  19  46  43   5   0   1   0   0   0  40   6   0   2   8  33  21
   0  14   2  33  43   0  26  44  33  11  44  35  35   5  40   0  16  21   4  14  40   0  41  24   0   9  10  36  12   7   0   0   3  33   0  27   0   0  41  31  50  39  43  24   0  40   0  36  19
  20  29   0   0   0  27  49  37   0   0  17   0  50  41  40  36   7  34  30   3   0  21  47   0   0  10   9  24   8   0  37  27  41  43  18  34   5  19  18  29  39   1   3  25   0   0  33  35
   8  36  16  40   0  10   5  16  17  37  23   7  37   0   0  34   0  15   0  44   0   0  38   0   5   9   7  11   9  28  22   8  26  13  41   0  36   0  50   0  20  44  40  38  35  39  46
  13   0  32  33  11  41  13   3   0  17  30   5  39   4  16   0  33   0  31  22  44   4  45   0  48  24  39   7   0  48   1   0   0   0  17   0  33   5  13   0  22  15  14  31  44  27
  40  25   4   0   0  24  20  22  41   0  20  40  21  19   5  23   0  49  38   0  14   0   0  32   0  44  11  17  50   0  33  40   8   3  49  33  17   0  16   9  25  45  16  21  31
   1  50  12   0  22  13  10   1  14  21   0  11  40   2   0  25  19   5   0  23   0   0   2  10   0   0   0   4  38  10  50  35  10  42   6   0   0   0   0   3  29   2  37  24
   5  36  34  29  22  35  34  17   2   0  24  31  44  18   6  12  33  48   0   0  33  20  35  24  31  32   1   0   1   5   0  27  11   0  38  38  25   0   1  26  33   0   7
   8  29   0  17  34  16   0   0   0   3   2  33   6   0  15   0  43  22  21   8  46   0   0   3  36  12  41   6  28  43  20   8   4  28  14   0  38   0   2   0   2  13
  23  49   0   6  17  15  40   4  35  32   3   0  42  49  11  40  16  11   2  31   0   0  10   0   0  24  35  29   0  46   0  35  30  38   0  13   3  15  15   0  25
   0   6  28   0   2  33  15  50   1   0  13  49   0   0  45  26  14  47  31  21  22   6  29  13  29  28   3  41  24  12  26   0  15   0  11  29  50  37  19  29
   0   0  43  19   0   3  32  43  29   0   8  15  35  19   0  15  37   6  10  29  10  34   0   1   9  44  46  29  40  41  47   7  24  44   0   4  41   0  44
  44  18  16  50   0  46  22  20  43   0   5   0  10  25  28  50  22  19  16  25  16   3   0  36   6  47   0   0  21   0   1  37  42  20  50   2  32   3
   0   0  49   7  24   9  22   3  38  22   0   0  11   3   0  27  14  38  31  47   0  22  22  21   0   0   0  39  34   6   0   0  21  31  18  41  43
  25   1   6   0   0  43   4  10  25   0  40  12  42   8  47  16   0   0  25  18   3  42   0  30  40   5  17   0  39   9   0  31  25  23  50   0
  12  48   0   0  21   0  41  20  37   0   9  19   9  29  42   0  12  13  30  23   9  45   6   0  32  38   0  43  24   0  23  34  18  14  37
  41   1  23  20   0   0   0   0  23  50  43   0  42  44  31   7  45  47  45   0  11  14   0  44   0  41   7  19  30   0  28   9  40  14
   6  33   0  19  14  49  48  47   0  48   0   0   0  35  42  15  18  13  50  36  38  15  27  50  23   0  34  24   0  34   0   9  39
   0  48   9   3  29  44  49   0  12  49  14   4  10  24  21   0   1   0  32  40   0   3   7   0  35  37  10   7   0  48  36   0
   3   0  45   0  25   0  50   0  27   0  48  48  26  35   0   0   0  27  30  31  28  46   0  46  17   5   0   0   3   3   0
  45   2   0  47  37  44  28  46   0  18  38   8   0  31   7   8  29   0  19  24   0   0   0   1   0  46   4   0   7  50
   0  26  34  41  42   1   0   0  18   5  16  46  33   8  23  37  39   0  18  22   0   2   0  28   0   1  20  23  32
  36  21  12  14  49  22  21  30  18   0  10  24   0   1   0  26  48  50   0  10  50   0  35  40  16   3  19  21
  40   5  17   0  16  26   0  30   4  31  43  19   0  48  15  10  24  16  25   0  50   0  24  46  18  14  14
   2  13   0   0  18  25  10  19  10  39  37  27  10   0  37   0   0  35  23   0   9   0   0   0  14  41
   0  46   0  22   6   0  10   0  11   9  34   4  39  20  39   6  10  21  11  33  30   7  43  26   0
  47  15   0  17   0  29  41   6   0  49  30   5   0   6   0   0   6  25  20  29   0  48  19   0
  39  26   2   1  46  24   0  19  23   0  26   0  22  22  10   0  26   0  43   1   0  19   0
  44  36  36   0   0  20  19  39  16   0  49  36  17  26  38  40   9  30  37  17   0   1
  22   5   0  32   7   0   0  42  49   0  42  15  22   0   0  14   0  44  26   0   0
  11  23   9  39  45  27   0  38  39  39  38  14   1  18  44  28  10  35   0  48
   9  33  48  41  18  16   0   0   0  23  24   0  20  34   0   0   0   0   0
   1  11  23   0   0  40  21   0   0   0  28  40  37   4  45  11  34   1
  50   0  42   0   4  45  39   0  11   0  33  35  23  17  39  50   7
   0  46  49   5  28  46  41  48   0   5  29  22  45  47   0  38
   7  16  35   0  22  50   0   0  49  41  42  48  19  20  20
  14  43   7   0  31  13  15  42  50   0   0  33  37  42
  39  23  30  25  32  43  36  39  36   0  34  24  21
  23   6  11   0  31   3   0   0  17  41  28  41
   1  44  41   0  24   0  31  50   0  43  20
  49  11  10  39  46  44  13  27  17   0
  47   5   0   2  14  33   0   6   3
   6  15  14  21   5  25   0  22
   0  40   0  25  10  39   0
  16  15  45  15   2   0
  43  15  31   0   0
  41  50   0   0
  34  23  35
  39   0
  50

 681
  16  13  12  23  10  10  20  25  23  15  17   1  22   1   5  21  23   8  23  16  19   5   2  14  22  15   5   3  10  24   1  19   8  12  11   6  23  14  25   4  22   2  24  12   9  11  11  24  22  21

