  50 
  41  36  24  32  13  13  13   9   9   7   3  17  32  21   0  29  37   0   3  19   0  26  19  41  28  49  41   0   0  45  49   0   0   0  32   0   0  35  30   0  47  45   0  48  49  44  28   4  34  44
  27   8  50  18  50  19  16   0  24  45   0   0  48  15   2  10  26  24  31  18  46  39  23   1  28  45   0  31  39   3   0  22  23  11  47  27  49  31  31   0  15  38  14  41   4  38   0  19  47
  36   3  39  11   7   2   0   0  43  37   0  29  18  38   7  20  18  45  37   0  22   0  47  38   0   6  34  38  44  30  23  25  37   0  12  39   0  41   0   9   0   4  50   5  30  14  47   0
  46  16   0  15   0  28  19  13   5   7   0  38   0  43  45  43  17  31  20  33  44  35   5  46  36   0  44  19  12  26  16  25   0   0   0  30  36  38  48  44  38   0  35   0  19  28   1
  15  40  20  46   0  19  43  14  44   6   0  49  45  33   5  13  21  32   0   0   0   0  17  20  40  38  29   0  27   0  15  22  29  33  28  45  30   9   0  49   0  32  15  19  42   8
   2  48  18  50  12   6  22   0  46   0  10   0  13  46  26  19  11  46  39  12  34  20  26  21  33  42   5  26   0   6  38   0   0  50   9   0  16  11   5  42   3   2  29   7   0
   0   0  39  16   7   6  33  17  19   0   0  27  40  41   0  28   0   8  36   0  27   1  50   0  11  21  43   0  12  14   3   6  28   1  30   8  13  30   0  13  16  48  21  50
  23  22   1   0   0   0  29  45   0   8   0   0   0  35  33   0   0  40   0  32   0  42  25   6  38  30  10  13   0   0   0   4   0   0  18  36  14   1  20   0   0  50  41
   0  26  32  32  28   1  19  47   9  15  40  27   9  37   0  22   3  14  24  28  15  44  24   9  45  17  47  14  43  36  17  20  38  16   7  45   8  36  35  18  14  39
   0  49  20   0  14   5  47   0  16  37   0  14  22  47   0  15   6   0   0  29  40  25  41  14  35   0  28   0  18  26   0   6  37  34   0   0  49  40  44  48  25
  16  29  12  27  24  12  30  19  31   0  30   0   4   0  39  26   5  30  34  42  23   0  13  48  43  37   3   0   0   0  25  22   0   0  14  35   0   0  24  39
  31  39   7  19  14  30   0  15  38   0   0  21   0  37  10  15   0   1   7  20   7  22  38   6  21  49   0  44  22   0   0   0   9  29  29   0  12  14  36
  49   3   0  15  45  44   0  31   4   6   0  10   0   0  45  17   4  46   9  12  28   8   7  32  27   0  21  20   0  40  35   4   0  34  44  24   0  15
   0   8  35   0  14  27   0  13  43  44  43   0   1  46  36   0  30  47  15  25  17   0   0  31   0  14  45  45  10  38  10  19  22  45  27   0  48
  14  37   6  34  23  21  36  29  37  48   0  36  28  39  12  29  19  10  15  27  28   0  41  32   6  45   0  23   2  46  37   0  10   6  46  44
  32  18   6   5  39   0  21   9   0   0  17  29   0   0   0   4   7  42  17  35  45   0  32   0  33  42  17  36  48  20   8   0  12  27   2
  16  27  38  36  36   0  21  14   3  22  15  30  20  12  30  47   0  45   3  16  45   0  20  12  37   9   2   0  20  29  33  47   8  44
   0   0  28   0   0  41   0  22  23  30  35  21   3  43   0   1  41  42   0  49   4  39  13  26   4   5   2   0   1  33   0  24   1
  23   0   4  39  13  45   2  36   0   0  46   7  30  38   3   9   1  26  17  35  30   1  23  38  49   9   0  47  27   1  16  22
   9  36  24  18  15   0  20   7   0  43   0  41  12   0   0  43  22  41  11  35  16   0  31  40   0  26  50  23   5   0   6
  15  12  18   3  13   0  18   0  35  21  33  39  25  13   1  21  50  50  32  36   0  42   0  30  30  29  13   0   3  20
   0  45   0  41  27  17  35  12  26   0   0   0  49  29  25  12  18  38  29   0   7   0  13  50   0   9  23  12  18
  19   0   5  35  41  49  33   0  41  33   6   9   0  17  38  29  28   6  37   0  49  29  24  41  23   0   0  30
  26   5  41   0   0  13  22  25   0   0  38  26  46  32  34  34   0  44  18  32   0   9   2  16  34   0  50
  28   3   4   0  43   1  17   0  20  42  40  15  17  11  15  50  31   0  35   8  10  49   0  36  38  47
  22   2   5  14  32  24   0   0  37  42   0  24  27   0  36  47   1   0  29   0  29  11   0  43  29
   4   0  40   4   0  19  11  12  46  46   0  27   1   1   0  13   0  27   2  20   0   0  44  47
  39  48   0   0  42   3  48  35   3   0  10   0  26   0   1   0  43  25  22  21   0  23   0
  33   0  42   0  19  32  13  13   9  49  27  19  41   8  27   8   0  10   0  31  44   5
  24  13  27  12  49   9  25  22   7  37  25  17  40  24  20  49  41  19   0   0  36
  27   0   9   0  14  45  19  42  10  45   0  16  30  20  17  32   0  13   0  27
  20  39  34  48  47  32   7   7  28   5  50   0  24  40  28  30  15  37   8
  27  46  16  14   6  24  46   1  31   0   0  17  41  24   8   0  16   0
   0  13  27  40  24  32  38   0  35  27   0   0  26  42  42   0   0
  17  20   0  13  13   0  43   0  14   0   0  17  40  10  37  26
  22  41  13  16   0   0  32  15   0  44  13  44   1  12  34
  20  32   5  43   0   0  17   9   0   6  14   0   0  20
   0   0  39  18  10  35   4   0  35  12  28   0   0
   0  27  30  23   0  42   3  45   0  35   8   0
  39  11  42  37  44  39  39  41  44  44  13
  46  29  24  40  16  46  20  19  36  36
   0  21  44  44   7  29  20  23  14
  13   0   0  22  40   0  36   0
  16  13  30   0   0   3  28
  22   0  10   8  48  13
   0  31   0   0   7
  39  50  26   0
  16  47  14
   9  50
  25

  94
   2   3  10  18   6  24   4  13   3  13  19  24   2   3  23  18   9  13  19  24  13  22  15   6  13  17   5   1  19  25   4   8  24  23   7  14  22   7  22  15  12   9  24  11   8  16   5   9   9  21

