  50 
  35   0   6  32  36  28  15   0  42  12   0  29  11   0  18  36   9   0  46  25  48  16   0  36  32   0   6   0  12  38   0   0   3  16   9  37  41  24  18  12   0   0  25  49  18   8  10  50  22   8
   7  41  15  31  35   0   8  34   6  17   6  42  22   9   0  12  38  19   0  16   5  34  32  30  46  19  21  31  46   0  43  17  32  41   0  22   0   4  44   0  43   0  15   0  35   0   0  29   4
  43   6   0  49   0   9  18   0   2  48   0   0  47  26  48  10  18  29  28   1   0   0   1  30  40  43   0   1  21   0   0   3  14   0  50  18  16  28   0   6  48   0  12  31  21  42   0   2
  22   0   8  44   1  44   2  30  10   0  48  32  46  33  26  11  33  32  26   4   0   0  49  32  16  24   0  10   0  31   0  43   5  37   7  37   3  31   9  15  16  34  33   3  39   0  13
   8  49  23  25  19  22  35   9   2  40   0  34   0  28   0   0  26   0   0   7   0  50   7  24  30  37   0  29  45   0  27   0   0   0  36   0  12  27  27   5   7   0   3  24   8   0
  33   0   0   5  16   0  30  25  29  24   0   8   0   8  12   4  35  30  29  20  38  32   0  30  25  15  48  42  31  14  28  30  26   0   2   0  14   0  33  18  46  16  45   0  42
  47  22   0  25  30  49  23  31   0  15   0  34  47   0  50  22  34   0   0  37  19  15  25  38   0  38   8   0   5   0   7  45  20  43  17   0   4   2   0   0  33   0   0   0
  35   0  44  11  28  50  36  30  32  31  39   9   0   2  10  41  32  12  48   1  15  30  39  43  37  48  22  16  28  12  50  20  20   0  48  31  27  14  40   0   4  29   6
  29  14   9  14   3  12  46   0   6  35  36  30   5  13  50  39   0  47  23  30   0  11  21  15  10  12  14   0  31  47  43  21   0  38  43  42  43   0  18   5   0  34
  40   0  22  21  50  14  42   3  23  32  43   3   0   0  35  12   0  34   0  27   0  32   0   0  49  40  23   0  32   6   8  46   0  18  13   0  28   0  29  26  31
   0   7  33   0  26   4   0  31  45   9  38  24  43   3  24   0  45   0   0  16  33  23   1  22  50   0   0  28  45   0   5   0   2  28   0  20   9   0   6  24
  16  49  12  12   8   9  31  25  20   0  36   2   0  36  31  22  15  20  34  21  21   0   0  39  23   0  29  11  37   0   0  40  15  19  18  23  39  47   4
  47  32  50   0  18  48  41  24  32  38  34   0  16   9  50   0  43   0  18  13   0  22   0  29  17   2  35  29  10  28  10   0  11   0  44   0   1   3
   0  46   0  36  21  12  41   2  46  47  30  35  21  45  43   9  22  33  37  10   0  46  19   9  25   0  22  34   0   4   7   0  45   0   0   0  38
  10  17  36   0  13   9   4   0  25  37  49   9   9  25   0  30  48   5  19   0   0   0  36   0   0  41  20   0   1  36  32   0  19   0  47  30
  18  18   0  30   0  16   0  13  44  45  12  38   0  19   0   0  23   5   5   0   4  45  47  19   0  26  36   0  23  43  44  15  39  29  24
  32  26   0  16   0  40  23  25  37   0  37  50  17   0   0  44   0  12  46  15  48   0  45   0   0  50   0  10  41   0   6  42   2   0
  28  35   0  45  17  48   0   0  26  10  14  29   6  20  13   0  46   9  31   0   0   0  40   8   0  25   1  10   0  38  18  38  13
  27  35  26   2  14   0  41  17   0  20  20  18   0  28  13   0  28  29   9  26  24  20  37   3  36   0   0  38   0   6   9   3
  32  47  43   0  28  10  24  13   0  27   1  42  21  22  19  33   0   0  37   9   0   0  19  43  37   0   2  31  38   0   0
   0  28  31  11   4  21  28  28   0   2  41  33   0  40   6  13  38   0  40  34  11   0  13  30  49  28  14  41   0   0
   0   1  36  18   0   1   3   0  16   0  45   0  10  24  21  11  45  24   0   0  44   0   7  45   6  49  34   9  10
   0  39  10   7  25  37  26  32   8  30   0   4   2   0  34  18  22   5  48  10   0   0  17   0  34  19   0   0
   0  44  17  16   9  15   0  42  36  26  47  43   6  30   8  34  13   0  45   0   1  48  38   0  30  11  16
  29  34  18  11  13  27  40  33  40  47  23   0  25  29   0  47  10  25   0  29  27  25  36  20  34   0
   0  37   7   0   0  13   0  46   0   0  26   0  50  30  33  39  23   0   0  38   0   1  12   3   4
   0  44  28  24   7  50   0   1   0  12   0   4   0   0  11   0  23   4   8  29  13  20   4  21
   0   0   0   0  23  48  37   0   0   0  26  14  33   0  48  11   5   0  26  12  24  50  45
  47  47  32  20  43   0  13  28  29   0   0   1  13  39   0   0  34  33   8   0   2   0
   0   0  32   3  14  35   4   2  15  28  25  50   0  46   0  41   8  42  17   0  25
  42   0  43   0  34   0   5   0  30  29  20   0  32  24  11  40  20   0   0  32
   0   0  17   0   0   5  49   6   0  45  41  17   0  22  49   0   8  27   6
   7  37  22   3  17  45   6  33  48  31  30   0  49  40  22  38  21  40
   0  31  17   0   0  50  36  15  45   0   9  10  16  25   0   9   3
  30   5  33  37   0  14  33  10  27   0   0   9  34   0  14   0
  46   0   0   0   7   0   0  40   0  24  40   0  36   0  28
  30   0  23   7   0  38  37   0  16  29  30  18   7  39
   8  48  23   0  46  22   0   0  49  31  36  37   8
  25   0  37   0  24  16  29   0  25   2   9  50
  25  32  20   0  10  36   0   7  30   0   3
  44  12  40  30  30   8   0  34  29  41
  22  18  24   9   2  17  17  12   0
  24  33  10   3   0  30  17  27
  16  16   0   0  12  16   0
  28   6   6   4  35   0
  15  26  48  44  10
  48   0  34   5
   0  19  24
  11  34
   0

 479
  11   4   6   7  16   8   5  22   6  25  16  10  17   6  15  14   6  15   6  10   9   2  24   2   3   7   7  18  13   9   5  10  21  12   1  25   1   5  16  17   7  11   2   2   8  23  13   2  10  13

