  50 
   0   8  31   0   1   0  30  31  36  18   0  43   0  37   0   0   5  49  16   8  18   0   0  32  44   0  26   6  33   0  41   1  41  45  23   0   0  13   0  11  42   0   0   0  26   9  16  25  18  33
  37   0  48  49   3  27   0   0  43  28  19  50  33  22  39  41   0   0   1   0  11  31  19  27  11  19  11  17   0  18  43  32  21  43  46  36  36  37   0   7  15  19  21  22   0  27  29   1  33
  50  35   0   0  38  41  29  23   0  27   0  47  23  11   7  24   2  25   3  13   0  11  34  23   0  41   0  38  11  49  13  35  16   0  44  39   4   0  31   0  30  38  50  48   7  46   6  16
  34  21  32  40   6   0  47  39  15  29   3   0  47  24   0  30  32   1  43  19  40   9   0   1  17   0  37  43  40  20   0  26   7  25  48  48   7   0   4   4   3  49  10  18   6  34  21
  46  41  29  44  19   3  45  48  39  31   0   0   0   1  43  43  35   0  27   0   0  13   0   0  10   0  37  32  11  20  10  23   0  41  43  45  31   1  29   0   6  43   0  47  31  25
  22   9  10   8   1  20  47  38   0  41  17   0   7  11  19  33   6  15   8  33  46   0   0   0   6  12  43  17  37   1   0  26  11  47  39  36  14  33  15   4   0  26   0   0  32
   0  31  50  16  46  26  42  49  29  18   0  31  47  11   0  16  20  39  14  47   0  14  16  22   2   2  44   0  33  16  15   0  44  18   0  31  15   0  35   0   7   0  24  21
  28  44   9  15  39  23   0   2  15  34   0  37  14  20   0   1   0   3   0   0  42  50   0  45   0  34   8  24  32   1  22  25  15  23   7  11   6   5  49  30  40  33  45
   0   5  37  15  36   5   1  40  19  33  28   0  36  19   9  45   0  40  31  33   0  21  44  22   0   0   0   0  42   0   0  36  49  48  35   0  44  33   9  26   1  23
   0   0  11  50  15  34   1   9  28  34  17   0   0  49  19   0   9  12  25  22  18  38  38  15   0   0  20  14   1  15  26   2  33  12  24  40  11   0   7  50   3
  34  32  24  45  27   0  40  38   5  42   0   2   0  21   3  21  43  46  41  13  40  31  28   2   0  11  42  26  29  28  10   0   1   0   0  31  31   0  15  28
   0  42   0   4  12  48   2  37   0  17  14  13   0  39   3  35   0   0   0  16  42  24   0  10   0   0  49  10  21  21  14   0  32   0  44   0   6   0  49
  38   9  10  21   0  40  20  49   3   0  12   0  50  19  20  26  42  22  31   0  39  29  32  13   5   0  15   8  17  20  35  27  49   1  47  25  46   0
   0  10  19  44  20  18  29   6   0  27   7  30   0  23   0   8  19  32  21  41  28   0  50  46  21   0   0   5  20   9   0  46  39  36  24  32  41
  44  22  33   0  30  10   2   0  22  32  49  46  22  27  19   0  42   0  35   0  36   0   7  39  44  44   9  24  29  20  22  29  23  15   9   5
   6  30   0  49  12  45   0   0  20  31   0   0  19  13  40  13   9   0   1   3   1   0  40  19  18   1   4  44  41  32  23   0  35   0  26
   0  36  42   0   0  23   5  12   0  30   0  42  33   2  15  40  27   0  27  30  40  33  42  50   0   0  19  47   0  26   2   0   2  19
   0  39   0   0   3   0   0   2  12  50   0  10  10  37  49   0   6  25  50   0  18  50   1   0  33  10   7  33  44  32   7  33  12
   0   0  47  49   0  37  28  22  41  12  29   6  16   4   0   0  29  23  20   8  17  27   0  43   0   1  18   0  21  33  37  40
  36   0  37   0  21  26   0  14   4  17  24   0   0   0  47  20   0   0  46  25  26  36   2   0   0   0  10  38  17   0  34
   1  20   7  16   0   2  41  35  17  39   0  24  33  19  36  44   0  28  38   0   0   2  20  14  29  38   0  21  43  45
  43  31  37  43   7   3   5   0   0  42  16   0  38   0  23  37  48   0  14  24   0   0  23   0  10  44  11  42  38
  19  24  30  31  40   0   7   0   0  28  42  38  41  29  13  30   0  16   7   5  21   0  33   0  11  47   0  47
  31  45   6  24   0  12   0   0  18   0  27  41  22  32  10   0  42   0  13  45   2   0  35  32   0  21   6
   0   0   0   0   0  30  38  22   5  36  14  18   0   0  25  24  25  20   0   0  28  37   0   0   0   0
   0  40  41   0   0   0  29  48  13   0   0  15   3   7   0  38  48  26   0   5  18   5   0   0   0
  12   9   0   5  45  20  44  24  50  37   0   0   0  26   7   0  18   0  30   3  30  19  36   9
   0  13  32   0  15   1  11   0  35  41   6  21  23  11  34   0  27   8   0  18   6   0  30
  15  29  26  20   0  45  43   9   7   3   0   8  20  48  49   1  32   6  46  27  22  23
  32  33  16   0   5  11  39  12  21  41   0   9  30   0   2   0  28  45   2  38  35
  46   0  15   0   0  32  13  49   0   0  33  48  46   0  15   4   9   7  42   4
  25  33  14  22  19   9   4   5   0   6  21   5  27   0   0  48   0  10  30
   0   2   0  48  42  43  35  18  33   3  13  33  39   6  14   9   0  16
   0  36   7  11  12  23  18   0   0   6  27  49   0   4  41   0  43
  48  33  46   0  43  22   1  17   0  46   6  16  47  35   0  40
  12  20   0   5   3  29  41   5  16   9   6   0  50  41  41
  30  16   6   0   7   1  13  49  10  43   9  19  42  12
  40  26   8  26  33  48  28   0  31   0  19  48   0
   0  38  31   0  28  43  11  45   9  17   0   9
  46  13  43  40  12   3   0   0  19   3   0
   1   0  45  19   0  36  21   6   0  17
   3   0  12   0  22   0  35  18  38
   0   0  33   0   0   0   0  31
  38  50   6  43  48   7   9
  37  16  43   8  16   3
  50  26  29  43  16
  49  39  15   0
  24   9  14
   3   0
  43

 536
  13  16  25  23  14   4  16   7  13  14   7  21  13  19   1  25   2   8  20   1  20  23   1   6   5  10   7  15   5   8   9  21  16  19   2  21   6  13  21  17  25  11   3   8   5   6   3   9  18  12

