  50 
   0  38   7   6  30   0  36  39  38   0   0  43  20  36  33   0   0  16   0   0  13  37  37  33  24  43  10  46  18  44   0   0  40   0  11   0  32  41   0  12  12   0  27  25  31  45   0  13  18  12
   0   6   0   0   0  39  13   1   0  20   3  20  14  14  32   1   2   0  42  15  47   3   0   0  33  47  33   0  10   0   9  39  50  16  24   0  49  17   8  17  15   0   0  28  39  12   5  10  50
  11   0  17  16  39   4  21   3  40  10   0  48   0  17  43   1  38   8  11   0  18  21   3   0   0   7  25   3   0   0  30   0   0  43   0  17  31   0  32  11   0   8  10   0  16  14   9  33
   0  47   0  14   0  21   8  13   3  20   0   0   0  17   3   9  40   0  35  39   0  42  46  25   0  48  35  39   0   7  30   0  11  49  33   0  19   0   0  19  27  33  42  18  44  19  26
  35  44   2  13   1  11  49  25  15   4   0   0  22   4   8   1  28  17   9  17   0   8  27   0  45   1   0   0   6  27   1   0   0  28  11  11   0  24   0   4  37   0  20  26  40   0
  17  18  37   0   3   0   0  26  48  24   7   2   0  11   0  20  28  46   0   0   0  30  31  29  16  15  15  50   0   0  47  38  10   4   0  40  44  34  47  47  16  34  12  39   0
  42   0   2  11   6  16   0  49   7   0  18   9  41  12  32   0   0   0  16   0   0   0  49   0  47   3  30   6  35   0   6   0  38   0  25   0   0   0   5  28  33  29  13  34
   0  45  34  20  43   0  47  30  34  10  12   0  50   0   5  47   0   9  19  41  43  24  39  30  22   0  22   4  29  42   7   1   0   1   6  45  13   0   1   0  35   2   0
  37  16   5  31  23   2  37  17  27  29   0  46   0   5  12  19  21  29  34  45  18  28   0  22  21  46   0  27  37  40  28   0   0   0   0  23  23   2  39  31  40   3
  20  16  31   4  46  36  28   2   0   0  39   4   0   8   0  18  34  15   5  49   0   0  14  34   3  26  15  46   7  41   0  47  36  29  36  44   6  49  19  10   3
  38   0  31  44  32  39  47  19  19  32   0   5   0  34  30  24   0  50   2  33  48  42   0   0  16  32   0   1  30  15  44  36   0  24   0   0  11   0   2   0
  13  36  29  49  28   0  20  18   1   0   0  47  33  43  13   8   0   0   5  33   1   3  30   7  32   0   0  14  12  48  20   5  30  12  20  30   1  22  22
  17  36  40   5  21  40  11  17   0   0  21  42  20  45  31  29  48  20  14  38  13  43  41  44  16   2   3   3  10   0   3  29   0   0  20  19   0   6
   0  37  38  50   0  24  29   0  37   0   0   9  27  35  25  44  48  23  18   0  26  45   0   5   0  41  50   0   0  50   0  25  34   0  35  35   0
  13  23   4  29   0  16  50  21  15  25   5   5  29  11  36   0  40   0  21  38  41   0  48  30  39  19  11   7   0  41   0   0  24   0   3   4
  13  13   0   0  50  41  19  38  26  33  37  13   4   0   7   0   0   0   0   9   0  29  49   0   0  27  39  49   6   0  30   5  46  19   1
  33  43  12  28  29   0  38   0  23  23  43   0   0   0  29  23  43   8   0   4  37  29  30   7  29  46  14  46   0  10  11  10  49  37
  21   0  50   0   0   0   0   0  49  37  19   5   0   0  14   0   0  30   0   5  45  46  28  18   9  15   0  27   0   0   0  27  11
  22   0   0  43   0  15  38   0  46  27  14  37   6  27  25   0  10   0   1  50  45   1   0  24  27  38  29  13  19   0  45   2
   0  13  25  37   0  19   0  32  12   2  16   0  18   8  48  38  10  47  37  44   0  28  19  36  22  33  10   0  20  50  14
   0  13   0   0  22  25  22  42  41   0  19  10  20  19   0   7  12   0   0  42  12   0  47   5   0  18  21  32   0   0
  20   0  26  28  26  43  43  22  21   0  37   0  36  10  15  21  35  20  19  10  50  28   0   3   0   0  17  22  45
   0  23  38   0  17  10  38  30   0  14  38  42  31  24  21   6  18  46  41  39  38  34  44  24  17   2  29  49
  16   8  38   0  24  14   6   0  38  35  44  17   5  37  10   7   4  15  46   2  25  45  43  22   0   4   6
  33  17  48  20  34   0   1   9  34  20  29   5  21   0  13  26   0  35  47  28   0  40  45  48  13   0
  10   1  19   0   6  49  41   1  34   0  41   4  10   7  45  40  49   2   0  46   0   0  44   0   0
  45   0  46   0  34   0  11  46  33  43   0  35  13  42   0  23  28   0  39   9   0   7  38  27
   0   0   0  49   0  36   0  27   0   0   0   7  32   7   0   0  26  50   8  34  16  43  45
  49   0   6   1  24  14   0   3   0   0   0  40  28  24   0  34   9   0  24   2  43  29
  20  41  40  33   0  36   0  35  37  42  49   0  42  21  31  12   8   0  32   0  34
  19  34  44   6   0  47  44  19  16  46  20  38  18  24   0   8  44  25   0   3
   6   0   9   0   0  22   0  23   0   3  21  35  46   0  38   5  31  33  11
   0  28   0   6  24   0   6  47  22   0   4   5  13   4  11   0  43  35
   0  26   9  42  11  33  43  28   0  25   8  28  42   0  32  14  33
  44  13  30  35  23  20  14  36  43  44   0  47  18  38  27   2
   2  10  43  31   8   0   4  11   0   0   0  36  21  42  11
   0  39  48  16   6  34  40   0   0  11  46   1   7  47
  43   2  47  39  17  22  37  43   0  15   8   0  27
   7   4  16  41  21  16  45  29  21  17  19   5
   0  29  10  43  28   1  36  11  45  31   0
  20  21  31   0  26   0   0  12   0   0
   0   0  34  48  38  41   0   6  49
   0  40  47  41  40   6  36  49
  23   0  16   0   8  15  12
   0  20  18   7   0   8
  16  14  25  46  19
  24  43  27  45
  45   0   0
  50  26
   0

 366
   5   9   4  15  15  16  19  24  23  10  22  14   6  10  14  16  20  22  13  21  11   8   1   8  18  18   9   7   8   2   6   2  18   6  14  12  18  20  17   3   9  19  19  24  23  21  15  22   1  17

