  30 
   8   2   6   4   8   7   3   9   9   5   8  10   7   5   3   1   5   6   8   1   9   6   1   1   1   4   8   4   8   9
  55   9  56  66  12  96   8  45  60  32  45  91   8  75  29   1  96  22  22  45  73   3   5   5  86  16  50  57  63
  10  77  92  76  59  41  49  34  84  51  16  75  20   4  62  58  56  98  44   5  68  10  84  37  14  47  37  29
  78  23  34  55  25  36  60  37  14  32  78  45  53   2  48  65  43  21  58   1  32  55  18  20  50  21  69
  80   4   9   8  78  84  73   1  88  85  16  70  67  44  54  68  31  53   8  51  65  87  92  46  48  21
  54  38   6  97   2  24  35  15  40  78  83   3  12   2  38  82  16  43  24  38  79  65  33  80  68
  67  71   1  71  22  80  56  10  12  14  62   1  51  81  67  97  98  81  62  23  75  92  62   1
  50  20  95  54  75  49  65  50  89   1  92  26  51  54  83  24  59  49  99  46  91  70  82
  60  50  68  66  61   6  88  57  42  54  27  60  10  15  80  10  18  36  90  86  47  43
  58  15  33  95  85  56  55   3   4  51  14  39  38  79  69  31  96  66   1  33  10
   2  94  39  32  90  54  66  56  10   6  69  31  42  30  72  25  67   7  98  48
  40  69  49  51  35  68  82  58  83  65  33  22  61  74  97  49  93  94  56
  87  52  49  52   9  83  28  52  27  17  63  42   9  76  39  26  69  20
  80  98  63  82  47  66  35  25  75  48  28   8  36  12  13  57  76
  83  49  97  61  46  60  59  38  76  52  49  67  35  28  98  19
  71  95  36   6  89  48  73  75  26  53  69  85  51  86  70
  25   4  77  25  64  94  28  70  11  33  81  87  98  45
  74  82  19  45   4  11  45  88  13  56  49  54  96
  48  56  12  59  49  37  28   5   4  74   7  32
  59   3  45  54  70   7  82  35  49  11  74
  50  80  49  57  30  36  69  10  72   7
  30  32  71  93  72  27  83  23  93
  32  84  39  87  58  56   2  69
  23  50  27  64  27  82  22
  72  89  90  70  33  36
  16  67  34  60   7
  60  49  45  22
  22  10  99
  76  22
  70

  33
  10  10   4   3   6   3   6   1   4   1   7   8   8  10   8   4   4   6   8   3  10   8   6   3   1   1   3   2   4   1

