  30 
   6   6   8   5   5   5   2   7   1   2  10   6   6   7   9   2   1   4   7   1   3   3   5   1   7   2   7   9   1   3
  44  66  93  47  84  74  63  38  83   2  65  84  86  95  81  83  19   4  57  46  15  90  81  77  10  96  22  23  99
  36  33  21   2   8  22  81  19  25   6  69  36  24  33  41  70   9  25  26  34  30  49  41  24  73   5  21  87
  60  76  87  36  92  59   5  88  27   1  15  57   9  38  43  98  90  19  56  98  56  49   4  21  26  31  88
  91  38  37  24  59  11  69   5   4  54  82  54  41  64  52  15  60  31  72   6  59  13  64   7  14  52
  21  26  50  97  42  68  29  78  96  86  30  44  48  35  12  12  17  82  14  88  33  97  53  33  79
  32  71  62  64   2  27  28  79  81  79  66  25  51  95  62   7  94  87  16  46  20  75  12  50
  41  35  70  89  22  15  94  87  53   6  73  32  17  25  30  38  76  20  66  98  37  25  64
  15  67  90  51  59  64  65  86  66  86  75  29  41  74  27  68  35  27  58  89  99  74
  25  67  55  16  46  17  72  45  98  16  74  48  81  36  73  12  81  30  45  79  10
  10  33  68  73  79  70  48  95  69  79  59  98  36  42  36  72  27  20  49  63
  42  66  55  81  33  46   9  92  41  95  49  93  23  24  14  80  63  97  25
  66  22  67   2  11  50  24  88  58  56  98  74   5  16  67  73   5  53
  52   3  26  89  45   4   6  34  28  34  27  56  83   9  51  14  96
   8  52  63  62  68  82  32  12  30  70  74  92   3  44  83  43
  99  89  47  70  75  50  94  23  23  75  47  97  46  64  21
  54  29  75  23   3   5  50   4  33   3  46  96  52  50
   1  56  97  55  66  80  96  47  84  29  74  65  80
  54  29  17  10  19  29  93  24  61   3  91  69
  55  75  92  64  11  89  76  59  78  89  37
  44  61  25  91  14  75  43  99  32  85
  19  92  81  35  14  82  80  68  83
  66  57  74   8   2  95  72  49
  99  12   3  28  19   7  67
  26  94  36  69  25  33
  53  15  70  61  22
  48  76  50  81
  85  47  48
  11  49
  28

  82
  10   4   8   9   5   4   7   5   2   7   3   2   4   3   4  10  10  10   3   6   9   4   6   5   8  10   5   3   7   6

