  30 
   2   4   8   9   1   3   8   9   3  10   6  10   2   1   9  10   1  10   5   1   1   3   9   9   1   8   9   5   5   1
  63  37  90  89  78   3   2  87  65  59  37  26  15  43  93  54  13  62  46  44  46  97  89  75  99  57  95  44  90
  52  77  31  16   2  70  48   8  48  50  12  23  56  61  71  71  39  41  82  70  27  74  97  21  46  71  91  64
   7  13  16  74  32  53  46   5  20  58  93  42  67  29  15  61  74   1  36  84  54  92   7  31  34  22  36
  76  15  71  51  12  19  33  49  27   6  20  31  13  30  20  88  88  57  89  34  11  17  36  89  43   3
  60  29  10  87  75  36  72  87  55  47  93  83  49  93  95  52  39  95  41  92  59  38  13  55  50
  43  69  49  10  36  98   4  27  31   7  98  17  59   7  28  85  60  44  42  42  91  44  16  38
  86  54  72  62  99  40  33  84  66  50   4  74  46  82   2  51  14  75  99  11   3  59   5
  59   3  60  24  43  35  83  19  52  51  71  82  95  53  94  41  70  50  93  16  12  33
  56  99  33  77  39  99  12  74  56  45  67  11  33   3  87  64  60  53   1  45  10
  60  44   1   3  92   2  88  13  34  71  76  36  85  27  49  50   4  35  47  84
  64  38  97  24  35  80  21  85   8  36  90  69  12  14  53  39  19  28  84
  98  65  96   2  31  67   6  75  15  65  83  37  74  31  91  43  93  26
  30  43  27  46  27  90  73  96  64  21  19  52  57  76  72  72  66
   6  72  94  72  46  52   6  99  48  24  74  86  38  77  58  39
  32  43  36  99  72  68  58  11  94  55  71   5  10  94  17
   7  37  59   5  16  83  18  64   7  60  53  69  76  84
  21  56  28  38  55  38  21   8  56  17  66  54  43
  94   1  55  14  74  52  17  77  28  35  74  56
  25  59  68  45  38  52  38  49  19  16  22
  97  16  33  68  84   5  35  31  17  16
  32  79  66  64  41  17  54  44   1
  51  33  63  71  67   9  26  93
   8   3  96  53  52  98  43
  52  33  95  45  58  25
  44   9  45  67  37
  59  82  90  70
  88  52  26
  87  63
  78

  79
   4   6   8   9   1   4   5   1   2   7   5  10  10   7  10   2   6   6   5  10   7   6   6   7   2  10   9   9   9   2

