  30 
   5   7   3   4  10  10   9   6   8   7   1   9   5   6   8   5   4   7   6   4   4   8   6   2  10   3   8   6   6   6
  82  21  17  29  30  46  91   1  20  21  95  41  58   6  91  87  63  97  72  45  64  21  37  25  52  92  51  14  19
  96  67  79  62   4   8  82  37  66  38   2   1  49   4  15  46  31  87  18  11   3  92  83  46  28  55  25  44
  46   3  10  14  97   4  60   1  96  20  24  21  53  55  22  95  78   6  41  87   5   8  32  28  81   1   1
  55  45  12  20  47  67  42  38  95  67  85  62  70  88  27  94  31   1  59  26  22  65  91  69  11  39
  26  54  20  90  91  44  85  59  41  32   2  97  73  28  49  92  34  18  58  90  53  78  73  49  33
  15  70  29  23  77   5  61  90  94  76  89  69  58  79  37  66  69  29  36  92  97  77  14  42
  99  25  22  94   6   8  73   9  38  39  45  65  14  42  10  22  80  37  65   9  11  51  44
  47  69  19  55  48  19  29  59   5  85  73  44  32  33   3  23  37  69  61   9   8  69
  24  91  87  38  17  79  78  92  65  13  45  95  45  86  84   2  89  23  11  53  11
  47  66  43  21  14  70  28  35  18  23  97   2  96   6  21  56  83   8  47  53
  59  45  86  64  34  22  67  12  91  76  55  25  89  16  18  73  80  21  44
  40  29  65   2  26  37  11   4  49  87  12  71  81  51  36  51  22  58
  85  34   3  31  32  19  31  81  54  48  22  54  63  83  92  58  25
  56  67  62  69   3  11  61  53  44  84  25  39   4  44  89  91
  74  54  15  67  97  63  17  15   2  10  15  77  19  38  19
  45  85  62   8  36  64  74  98  63  22  25  50  70  75
  65   6  71  19  33  97  15  93  14  70  19  33  76
  83  58  46  12  36  71  86  38  12  77   4  84
  32  13  74  24  56  85  47   2  59  59   2
  11  53  80  98  16  23  86  48  96  57
  53  57  45  80  59   9  61  50  22
  79  88  89  30  75  31  87  33
  55  80  48  21  69  49  49
  44  24   6  52  75  26
  72  11  77  66   8
  82  31  79  48
  64  76  30
  18  10
  66

  38
   7   5   1   8   4   5   4   4   7   4   4   3   9  10   5   1   5   1   4   3  10   9   7   2   7   5   4   2   2   3

