  30 
   7   3   9   3   5   4  10   8   4  10   9   3   8   4   4   4  10   9   7   4  10   1   4   2   4   7   9   1   3   4
  93  61  79  48  57  66  36   6  96  51  73  48  79  87  39   3  41  16  37  44  23  33  60  52  29  10  79  48  82
  70  12  51  37  55  27  50  50  28  83  46  40  43  74  34  34  78  61  38  81  41  51  27  59  68  95  39  85
  64  49  54  35  30  80  16  49  83  49  89  11  95  19  25  62  31   8  43  89  80  14  44  27   6  88  81
  46  11  83   2  66  41  46  34  80  98  17  78  98  68  31  48   2  23  94  73  28  40  22   7  45   8
  59  64  75  90  51  97  91  95  82  24  57  56  37  96  77  63  31  78  68  40  99  48  53  96  24
  52  68  67  30  97  58  87  21  25   9  87  45  56  63  42  55  73  23  82  69  53  94  64  92
   9   8  47  59  57  42  44  73  74  34  66  59  48  71  61   8  63  66   1  56  65  96  64
  92  52  96  70  50  58  52  32  82  51  25  75  98  73  56  62  20  80  93   6  57  36
  57  39  65  18  54  19  59  50  70  48  82  86   2  28  82  21   5  57  68   7  11
  41  28  14  79  25  54  48  95  60  49   8  34   5  95  57   7  26  92  98  38
  57  48  82  34  34  42  41  75  34  46  39  53  28  66   2  42  11  18  73
  61  61  47  52  24  72  13  67  18  50  76  39  85  12   8   4  86  25
  14  30  40  24  34  83  60  72   2  64  23   6  16  88  52  99   3
  32  64  96  68  78  88  88  79  90  66  99  14  36  28   5  67
  46  60   4   3  12  63  95  65   5  87  37  65  24  58  68
  14  60  66  12  97  54  54  65  41  50  62  41  19  70
  39  30  92   7  70  28  61  35  40  95  93  22  94
  79  85  41  61  66  81  21  21  52  49  19  49
  36  40  27  14  16   3  53  77  30  80  39
  15  72   5  66  34  81  15  58  35  78
  64  96  35  41  20  53  64   5  30
  45  18  54  10  32  91  17  53
  78  19  74  57  77  25   2
  90  19  60  53  83  29
  35  61  41  65  92
  94   6  76  86
   1  39  83
  83  84
   9

  53
   9   9   7   2   7   4   3  10   9   8   8   9   3   5   9   5   7   9   1   8   3   3   9   8   8   8  10   9   1  10

