  30 
   2  10   4   6   6   5   9   3   1   3   2   4   3   7   3   7   7   2   6   3   7   6   7   9   5  10  10   2   2   9
  74  79  53   9   6  25  46  92  42  89  15  35  36  25  43  71  88  80   9  45   5  10  13   1  76  76  24  78  54
  24  22   5  88  53  89  16  23   8  95  56  62  52  32  92  59  86  15   1  39  63  33  41  34  86  12   8   4
  27  57  62  93  64  30   2  53   9  87  59  32  12  92  18  28  27   3  38  86  30  98  19  30  58  12  19
  67  80  43  35  29  92  37  45  12  37  51  47  41  10  24  42  59  79  25  79  17  91  64  29  77  69
  93  41  65  87  33  89  78  24  96  39  49  40  13  60  24  23  36  58  51  42   6   8  92   3  41
  78  69  87  17  56  52  32  59  61  41  94  92  59  92  33  76  64  38  88  17  45  61  66  90
  93  39  97  27  53  74   4  47   3  45  25  68  80  12  55  37  98   7  33  60  57   5  25
   3  85  38  39  47  76   7  89  28  17  23  14  62  91  48  80  53  61  28  13  59  99
  91  47  11  57  76  41  94  32  61  80   7   4  89  44  85  83  73  87  56  98  12
  52   6  73  61   4  85   9  73  76  97  86  68  91  17  85   3  44  22  96  69
  62  41  93  93  35   1  94  49  50   6  74  97  50  64  35   6  49  25  14
  20  97  80  52  29   3  10  39  81  28  46   5  78  89  63  95  58  92
  58  39  66  37  31  55   3  87  10  35  20   4  10  79  32  14  44
  81  69  29  69  24  30  33  26  96   4  49  61  70  61  73  15
   4  49  25  35  84  66  37  61  97  33  93  92  13  17  66
  77  12  61   7  77  73  95  31  84  90  88  60  25  79
  92  80  49  28  92  66  67  51  84  44  43  43  61
  88  28  50  63   5  62  51  58  68   7  89  21
  29  86  21  33  97  67  42  25  89  37  61
   4  35  57  34   1  63  61  41  57  37
  43  19  56  23   2  61  57  98  11
  17  62  28  51  22  69  55  14
  31  41  23  87  60  72  95
  96  28  50  48  66  26
   9  59  11  66  22
  71  57  85   9
  27  15  77
  53  38
  23

  45
   4  10   4   3   4   5   6   7   4   9   9   6   4   4   2   6  10   2  10   7  10   2   6   3   5   3   5   6   6   9

