  30 
   3   3   3   8   6   6   1  10   8   7   3   7   1  10   8   7   8   9   6   8  10   8   8   8   8   5   8   8  10   6
  25  84  67   8  33  33  73  25  29  40   9  69  45  31  83  52  68  68  29  45  98  67  34  28  57  63  66  53  73
  89  43  72  55   8  82  49  91   5  16  79  58  33  90  99  95  17  80  90  93  54  31  55  98  91  21  89   8
  21  86  95  94  27   9  88  92  50  41  84  78  25  12  36  64  86  14  51  95   6  36  80  24  76  54  26
  13   8  94  55  22  62  60  16  35  92  17  23  83   6  43   9  18  87   1  12  48  64   7  27  46  16
  57   3  40  94  26  60  14   5  11   2  20  30  24  98  58  73  24  60  96  88  39  57  92  39  96
  58  70  84  49  60  21  72  16  20  12  73  74  54  23  55  26  85   3  22  95  14  42  14  46
  28  64  21  57  18  45  54  61  81  17  30  43  49  63  22  65  12  58  98   1  29  35  23
  27   1  32  20  56  82  20  44  12  52  75  67   5  94  19  86  70   8  92  96   2  40
  57  75  98  57  70  37   8  27  87  48  98  63  69  52  76  76  50  60  33  71  11
  23  11  26  55  58   4   7  75  85  26  38  33  23  63  64  66  45  49  47  92
  49  59  66  41  34   5  62  66  57  57  84  36  45  22  49  46   2   5  65
  25  58  98   2  16  78  21  60  22  34  70  40  97  93  23  65  76  23
  96  14  50   3  40  75  48  49  38   7  26  56  75   2  31  28  40
  57  57  95  65  12  24  74  58  34  10  24  40  35  77  52  92
  57  76  70   3  50  55  34  21  16  19   2  25  37  23  21
  18  82  70  18  80  26  91  67  76  41  72  14  58  57
  56   7  56  76  88  19   3  61  27  77  22  88  45
  65  71  28  10  57  10  26  61  79  62  62  41
  48  22  86  85  92  54  67   7  38  46  57
  33  26  77  61  80  57  91  82  54  42
  95  13   3  17  95  90  73  62  62
  38  99  46  49  93  73  11  10
  52  34  51  60   4  54  61
  32   4  26  62   8  32
  27  13  38  62  51
  27  28  59   4
  12  23  42
  80   3
  40

  75
   5   5   5   8   2   3   8   2   7  10   4   9   5   2   9   9   1   3   4   5   6   1   3  10   5   5   2  10   2   5

