  30 
  10   6   6  10   2   1   1   5   9   5   6   2   1   1   3   9   1   4   6   7   3   6   9   5   3   2   8   2   4   9
  15  43   4  87   9  10  26  19  51  11  30  63  23  50  37  36  91  51  65  45  39  56  10   2  81  45  37  18   9
  17  99  99  83  57  64  82  77  46  73  36  18  36  19  77   9  70   8  73  22  17  71  13  84  50  79  72  65
   2  39  48  74  95  33  32  45  60   9  20  87  81  47  32  96  35  13  48  94  31  27  69  24  53  65  44
  25  41  26  70   4  87  55  23  51  60  84  10  54  27  40  54  46  66  66  65  41  88  79  86  13  46
  23  89  85  93  67   6   7  69  68   9  67  72  61  31  31   4  26   1  87  40  91  86  14  92   5
  24  69  45  43  39  66  45  84  86  78  78  97  55  36  51  36  82  10  76  20  59  28  64  96
  22  78  96  91  63  12  84  99  46  23   8  48  16  33  69  80  28  28  66  54  75  88   4
  80  19  53   4  53  42  97  74  35  85  25  37  37  53  64  44  86  99  59  98  53  70
  25  31  22  76  32  98  24  68  81  16  60  71  14  12  77  58  36  27  78  17  10
  28  50  56  95  46  21  87  16  44   1  27  99  18  72  29  13   6  65  98   9
  52  55  71  72  35  83  87   4  16  86   4   9   6  70  66  76  70   9  35
   5  25  16  52  19  44  18  95  54  72   5  73  94  34  52  12  13  57
  69  19  14  11  39  12  20  57  91  91  24   6  22  95  72  85  61
  82  59  64  65  35  45  46  31  86  27  50  64   2  94  36  18
  86  71  80  70  37  58  54  67  12  42  80  38  33   2  68
  50   9  69  17  20  35  13  99  97  12  36  24  11  61
  83  81  34  85  48  89  55  21  97  49  46  98  30
  68  43  32  61  26   1  90  81  36  91  48  77
  43  95  33  94  34  38  62  30  70  24  19
  26   8  52  96  65  99  66  75  15  22
  85  74  14  59  38  45  71  11  51
  73  73  82  70  40  14  78  90
  28  94  24  25  94  77  10
  84  10  70  60   1  30
  61  63  73  62  63
  16  54  65  64
  74  61  89
  16  29
  96

  54
   2  10   8   3  10   5  10   5   4   5   9   2  10   6   4   4   6   4  10   1   6   6   2   3   3   3   3   4   4   9

