  30 
   5   9   1   7   1  10   2   2   4  10   1   1   4   8   2   4   4   1   7  10   6   1   6   8   2   9   7   3   7   4
  36  27  30  27  60  53  18  32   6  70  86  78  64  13  33  69  44  86  93  44  57  79  57  53  34  80  92  87  37
  63  87  46  30  57   4  17   7  66  61  26  97  27  61  19  83  64  54   9  62  92  89  98  10  32  63   4  47
  39  31  40  14  59  85  46  41  37  70  48  66  67  73  39  31  39  16  53  97  81  42  92  23   3  44   7
   2  73  66  39  41  36  64  12  20  22  50  39  12  85  47  62  88  10  36  57  52  39  35  66  80  82
  88  15  95  96  83  16  22  41  54  93  75  88  85  65  84  42  21  23   7  38  85  27  72  86  87
  95  70  23  58  80  72   1  48  50  46  69  50  52   9  58  17  89  94  68  72  67  59  62  98
  35  49  46  22  69  79  25  24  18  12  51  37  83  92  75  51  94  89  34  50  83  80  43
  70  83  12  35  58  24  43  15  89  20  27  98  73  35  72  28  51  17  25  93  51   7
  92  23  76  37   8  78  90  84  92  83  36  54  26  95  74  93  65  96  90  25  11
  15  72  98  14  67  87  27  36  26  54  48  65  29  51   1  19  85  36  98  77
  47  62  60  13  34  25  34  30  99  27  68  64  83  72  33  13  32   2  94
  46  88  82  52  14  14  23  24  90  94  35   8   2  54  94  18  41  87
  25  10  89  95  44  38  77  42  83  21  25   8  28   5  92  71  18
  33  54  30  62  89   4   4  84  82  89   1  17  69  61  67  68
  29  82  59  38  62  53  15  71  19  98  24  13  42  43  70
  86  55  74  20  42  16  71  36  54  71   8   5   5  52
  30  31  77  64  26  49  51   5  55   3  98  77  63
  59   1  21  61  87  20  60  44  20  32  77   4
  52  49  39  73  52  71  73  82   9  67  96
  37  45   2  27  98  18  18  92  92  63
   7  54  92  75  54  35  78  17  72
   2  29  11  29  48  36  40  30
  75  72  75  94  12  30  16
  78  98  80  65  16  33
  89  65   4  61  36
  39   1  56  44
  48  85  93
  46  75
  82

  39
   7   9   1   2   3   4   9   8   9   2   8   5   9   9   1   5   5   1   9   2   7   7   3   8   8   8   8   7   9  10

