  30 
   8  10   8   1   7   9  10   3   3   2   8   8   8   3   9  10   5   2   5   7   7   3   3   5   9  10   9   7   9   1
   4   3  43  68  81  89  81  14  74  80  52  56   2  68  87  19  16  33   1  44  80  44  84  76   5  28   9  83  45
  43  55  26   9   6  45  15  64  86  28  89  78  40  48  56  21  25  34  55  51  78  13  69  73  10  39  56  26
  83  94   2  55  61  56  74  96  73  79  54  99  39  83  29  30  82   9  46  92  55  21  55  25  29  77  63
  34  77  54  86  84  16  51  27  66  29  51  93  26  47  36   3  73  44  31  20  35  14  49  47  78  77
  91  77  30  93  10  52   1  33  27  17  12  14  99  64   3  33  29  40  77  90  45  17  34  45  14
  86  69   7  36  19  13  17  52  56  44  82  22  55  50  46  45  76  16  30  43   6  11  14  44
  15  93  71  25  12  77  14  35  10  28  88  54  81   4  16  94  45  98  33   5  19  43  83
  37  34  75  88  51   1  74   2  59  20  73   6  68  15  11   5   4  88  27   2   6   4
  91  83  44  96  92  59  43   9  76  80  21  80  57  70  79  39  21  90  23  61  10
  34  88  85  37  37  37  67  55   2  74  19  67  10  84  92  60  65  78  47  24
  54  52  75   3  33  63  16  38  73  17  20  80  67  20  84  10  42  14   4
  81  92  32   2  21   9  16  32  85  10  40   6  88  73  80  57  48  90
  41  23  76  18  37  47  90  66  46  77  23  54  69  92  13  42  81
   7  62  30  66  57  67  19   7  40  47  73  89  69  11  21  42
  17  65  91  35  25  60  75  17   9  64  58  52  28  79  19
  81  34  67  13  58  45  33  33  20  81  98  33  64  66
  12  57  13  97  11  59   9  77  69  24  71  10  12
  74  16  37  12  95  90  56   1  95  20  33  13
  41  68  80   5  74  21  56  54  99   3  79
  22  88  30  31  49  41  40  65  74   1
  74  35  24  98  77  98  66  56  41
  10  44  18  88  85  53  49  72
   3  56  99  90  86   2  55
  38  13  16  57  92  29
  98  13   8  63  78
   4  79  70  26
  38   1  36
  50  56
  54

  59
   2   6   2   9   9   4   1   7   2   1   3   6   8   1   2  10   2   8   5   4   3  10  10   5  10  10   7   5   7   4

