  30 
  10  10   0   0   0   8   0  10   7   2  10   0   0   0   9   0   0   1   0   5   0   8   0   3   5  10   0   6   8   0
  76  29   0  70   0   0  32   6  82  29   0   0   0  57   0  59  60   0   0   0  33  43  45  87   8   0   0  26  93
  42   0   0   0   0   0  54   0   0   0   0  46   0   0   0   0  11   0  12  99  17  96   0   0   0  75   0   0
  46   0  56   0   0  62   0   0   0   0  46  10   0  29   0  62   0  36   0   0   0   0   0  76  78  14  29
   0  70  51  13   0  65   0   0   0  21   0  85   0   0   0   0   0  25  63  78   1   0   0  16  56   0
  20   0  84  95   0   0  11  42   0  92   0   0   0   0   0  96   0  35   0   0  98   0   0  49   0
   0   0  14   0   0   0   0  10  67  40   0  36   0   0  29   0  53  44   0   0  43   0   0   0
   0   5  16   0   0   0  53   0   0  25  29   0  30   0   0   0  42   0   0  35  68   0   0
   0   0  31   0  75   0   0   0   0   0   0   0  61  56   0  61  32   0  49   0  78  36
  84  45   0   0   0   0  58  53  56   0  44   6  57  31  51  62   0   0   0   0   0
  95  39   0  84   0  25   0  50   8  67  22   0   0   0   0   0   0  75  14   9
  29  52  57   0  31   0  25   0   0  33   0  38  60   0  75   0  80  91   0
  71   0   0   1  18   0   0  47   3  96   0   0  87  58  54  13  67   7
   0  36   0  26   0  38  54   0   0  23  39   0   0   0   0   0  12
  96  54   0   0   0   0  96  34  82   3  44   0   0   0   0   0
  96  28  90  59  66  87   0   0   0   0   0   0  90  95  31
   0  96  88   0  85  40   0  11   0   0  86   0  71  56
   0   0   0  52  37   0  14   0  98  40  42   0  72
   0   0  96  89   0   0   0  86   7   0   0   0
   0  64  62  48   0  54  78   0   0   0  13
  86  47  84   9  78   0  60   0   0   0
   0   0   0  82   0  78  76  28   0
   0   0   0  65  20   0  27  30
   0  52   0  62  68   0  60
  71  90  11   0   0   0
   0  54  71   0   0
   8   0  49  63
   0   0  53
  24   0
   0

  34
  10   4   2  10   5   6   5   9   7   1   3   7   7   4   3   2   8   8   1   9   1   8   2   1   4   4   3   7   1   7

