  30 
  10   0   1   1   0   0   0   0   1   0   0   8  10   0   4   0   0   0   6   0   3   0   7   8   0   0   7   0   3   4
  58  82   0  64   0   0  61  39   0  94  72   0   0   0   0  38   0   0  76   0   0   0  91  91   0  67   0  22   0
   0   0  76  76   0  64   0  69  38  34   0  76  64   0   0   0   0   0   0   0   0   0   0  53  30   0   2   0
   0  61  59  48   0  62  40   0  60   0  38   0  37   0   0   0  48  96  33  43   0   0  19   0   0   0   0
   0   0   0   0  44   0  17  95   0  77  62  69   0   9   0   0   0   0  81   0  90   0   0  48   0   0
  83   0  35   0   0  89   0  18  44  95  71  63   0  84   0  89  92  49   0   0  46   0  25  75   0
  37   0  62  13  38  95  51  26  32  27  58  17  94   8   0  20  53   0   0  78  73   0  98   0
  94   0   0   0   0   0   0   0   0   4   0   0  38   0   0   0   0  44   4  28   0   0  12
   0   0   0   0   0   0   0   0   0  86   0  39   0  82   0  87   0  76   0   0   0  63
   0   0   0  16   0  60   0   0  33   0   0  75   0   0  58  16  62  48   0   0   0
   0   0  56   0   0  75  57  65  82   0   0  70  93   0  93  50   0  19  87   0
  16  96   5   0  28   0  86   0  99  87  86   0   0   0  94   0  17  80   0
   0  50   0   9  76  94  58   0   0   0  97   0  86   0   1   0  40   0
  95  18  67  76  82   0   0  93   0   0   0  55   0   0   6   0   0
   0   0   0   0   0  25  94  40  92   0  45   0  29  82   0   0
  35  12  63   0   0  98  84   0   0  95  37   0   0   0   0
  25  79  64   0   0  44   0   4  60  18  94  93   0  97
   0   0  62  82   0  87   0   0   4   6   0   0  88
   0  28  49  61  79   0   0  58   0  87  17   0
   0  37   0  97  48   0   0   1   1   0   0
  24  84  17   0   0  18   0   0   0   0
  27   0   0   0  63   0  39  83   0
  21  79   0  74   0  73  22   0
   0  69  82  47  81  77   0
  95  91   0   9   0  15
  76   0   0  33  61
   0   0  74  56
  50  75   0
  34   0
  34

  54
   8   4   6   9   7   5   1   2   3   1   5  10   8  10   9   2   1   7  10   2   8   8   3   3   5   3  10   5   7   7

