  30 
   0   0   0   7   1   1   6   8   0   0   0   8   0   0   7   7   7   0   6   6   5   0   7   7   9   0   0   4   0   0
  89  38   0   0   0   0  92  68  44   0  67  39   0  18   0  33  88  77  20  23   0  88   0   0   0  25   0  28   0
  73  90  69  40   0   0   0  37   0  83  77   0   0  54  57   4   0  70   9  29   0   0   0   0  41   0  41  14
   0   0   0  17   6  53   0  90   0  90  68  65   0   0  15  67  58  92  88  47  24  96   0  24  42   0  44
  90   0  21  25  76   1  29  21   0   0   0  73   2  31   0  22   0   0  50  41   0  67   0   0  10  95
  61  82  41   0   0   0   0   7  30   7   1   0  87   0   0  39   0   4   0   0   0   0   0   0  27
  72  86   0   0  60   0   0  11   0   0  41  48  79  26  66   0  32  75  87   0   0  51   0   5
   0  52  66   0  52  98  83   0  96  47  38   0  85   0   0  67   0  23   0   0   0   0  74
   1  36  42   0  25  70   0   0  84  96   0  35  66   0   0   0   0   0   0   0   0  30
   0   0  74  71   0   0  61   0  86   0   0   0  13   0   0   0  35   0  24   0   0
   0   3   0   0   0   0   0  49  40   0   0   0  81   0   0   0  69   0   0   0
  41   0   9   0  36   0  76   0   0   0  38  49   0   0   0   3   0   0   0
  68  96  67  51   0  79   0   0   0   3  87  84  69   0  91   3  31   0
   0  54  72   5   0   0  52   0   0   0   0   0   0   0   0   0   0
  22   0   0   4  14  92   0  75   0   0   0  97   0   0  48   0
  27  57  13   0  94  46   0  97  68   0  52   0   0  21  64
   6   0  40   0   0  22   0   7   0   0   0   0  82   0
  53  19   0   0   0   0   2  60   0   0  10   0   0
   0  49   3   0   0  81   8  11  12   0   0  94
  61   0  97  36   0   0   0  40  74   0   2
   0   0   0   0   8  63   0  90   0  94
   0   0  89  23   0  40   0   0  75
  20  16  32   0  46  72   0   0
  69   2   0   0   0  47  99
   0  36  95  14   6   0
   0  56   0  70  88
   0  92  82  42
   0   0  59
  83  45
   0

  51
   7   8   3   1   6   3   6   3  10   7   7   2   9   3   8   9   7   3   7   3   1   3  10   2   5   4   1   6   2   4

