  30 
   3   0   0   0   0   0   8   0   0   0   0   0   0   2   2   7   1   0   6   9   0   1   8   0   0   2   0   0   5   8
  50   0  69  26   0   0  49   0  24   0  94   0   0  47   0   6  83   0   0  96  63  30   0   0   0  24  95  28   1
  72   0  33  11   0   0   0   0   0  52   0   0  85   0   0   0   0  56   0   0  47  62  89  42  48  39  61   0
   0   0   0  68   8   7  50  24  41  81   0  45   0   9   0  38   0  27  80   0   0   0  35  80   0  49  47
   0   0  35  11   0   0   0   0   0   0  61   0   4   0  58  63   0  56  52   0  94  42  69  71   0   0
   0  72  43   0   0   0  46   0  80  84   0   0   0   0  35  42   0  83  62  24  20   0  58   0   0
   0   4   0  93   0  84  39   0  80   0  60   0   0  99  29  83   0   0  68   0  59  69  10   0
  77   0   0  87  46  42   0  24  11  12  44  58  43  63   0  37  59   0  48   0   0  67  96
  57  84   0   0   0  85  54   0  83  21  28   1   0  79   0  47   0   0  63   0   0  22
   0   0  27  86   0  64   2   0  94  76   0   0   0  79  70  36  32   0  63  11   0
   0   0   0   0  11   8   0   0  24  85   0   0  42   1   0   0   0   0   0   0
  85  96   0   0  94   6  83  39  87  55   0   0  40   0  15   0   0   0   0
  38  25  43   0   0  95  75  91  25  78   0  74   0  56   0  85   0   9
   0  66  80   0   0   0   0   0   9   0   0   0   0   0  52   0   0
   0   0   0   0   0   5  24   0  45   0   0   0  55   0  39   0
   0  90  62   0   0   0   0  10   0  71  97   0   0   0  23
   0  79   0  52   0  38  61   0  92  77  51  21   0  31
   0   0   0   0   0  81  13   6   0   7   0  63   0
   0  19  18   3   0   0   0  17  88  78   0   0
  49   0   4   0  24   0   0   0   0  38   0
  12   0  22   0   0  70  52   0  54  78
   0  45   0   0   0  44  39   0  18
   0   0  31  80   3  45  78   0
  99   0  68  93  88   0   0
   0   0  84  50  19   0
   0   0  99   0  58
  62   0   0   8
  13   0  76
   0   0
   0

  62
   3   7   8   1   6   6   8   5   9   2   4  10   5   3   3  10   2   4   3   1   4   5   4   7   7   6   2  10   6   5

