  30 
   0   0   8   2   0   1   0   0   0   0   0  10   0   0   0   0   8   5   0   0  10   4   0   3   7   5   7   0   7   6
  81   0   0  17  40  41  53   0  60   8   0  29   0  96  12   0  61   0   0   0  68   0   0   0  80   0  15   0  63
  70   0   0  69   0  88  82  45   0  94  35   0  92   0   0  44  95   0   0  70   0  30   0   0  87  63  36  15
  95   0   0   0   0   0  97  31  48   0  40   0   5   0  31  92   0  96   0   0  65   0   0  47  19  47  87
   0  72   0   0  77   0   0   0  68  29   0  97  33  25   0  13   0  86   0  11  36   7   0   0   0   0
   0  10   0   0   0   0  71   0   0   0   1   9   5   0  32   0   0  50   0  72   0  29   0   0   0
  38   0  69   0   0  64  43   0   0  39   0   0   0   0   0   0  91   0   0  32  83   0  77  45
  26   0   0   0  87  29   4   0   0   0  49   0   0   0   0  43  68   0   0   0  22   0   0
   0  70   0   0  32  39  57  71   0   0   0   0   0   0   0   0  31  94  79  94   0   0
   0   0   0  41  53   6  80   0   0   0   0   0  51   0   0  57  17  49  49  89  54
  97   0  81  85   7   0   0   0   0  80  31   0  36   0  82  96  72  13  53  47
   0  83  75  57  72  48  21  40  69  19  38  12   0  19   0  36   0   0   0
   0  33  93  13   0   0  54  99   2   0  35  18  34   0  64  47  45   0
  83   0  73   0  64  44   0  72   0  88  14   0  44   9   0  64  60
  76   0   0  89  22   0   0  53   0  23  85  74  58   0  14   0
  57   0  62  93   0   0   0  81   0   0  76   0  71  23   0
   0   0   0   0   0  47   0  33  58   0   0   0   0   0
  59   0  34   1   0  51  70   0   0   0   0  65  11
  55  79   0   0  51  71   0  40   0  97   0   0
  14   0   0   0   0  17   0  55   0   0   8
  39   0  30   0   0  81   0   0   0   0
   0  48  66   6   0   0   0  96   0
   0   0  81  40   0   0  38   8
  10   0   0   0  97   0   0
   0  82   0  23  26  89
   0   0   0  34   0
   0  63  49   0
  81   0   0
   0  89
   0

  82
   8   6   5   1   1   1   7   6   7   9   2  10   1  10   4  10  10   5   7   8  10   2   2   5   8   7   2   7   3   5

