  30 
   5   1   9   2   0   8   0   4   0   0   1   9   0   0   7   6   6   7   0   0   0   2   0   8   9   0   0   0   1   8
  23  17  52   0   0   0  12  92  51   0  95   0   0  29  72   0   0  81  51  57  23   0  65  43   0  35   0  43  14
   0   6  69   0  18  25  90   0  14   0   0  76  88  60  92  61  93  83  85  11  64   0  14  69   0  73  95   0
  57  94  14   0  21   0  93  84  44  29   0  27   0   0  47  22   0   0  14  30  43  37  77  63  51  24   0
   0  75   0  42   0   0  78  31  40   0   0   1   0  73  82   0   1   0  62  31   0   0  21  50  31   0
   0   0  39  35  46  87   0  97   0  23  93   0   0  72  64  93   0  55   0  19   0  61   0  25  14
   0  76   0  13   0   0   0   0  57   0  88  72  40   0   0   0  28   0  30   0   0   0  32   0
  93   0   0   0  17   0   0   0  83   0   0  78  37  89  45  79  93   9  49  15   0   0  95
  75   0  17   3   0  33   0   0   0   6  18   9   1  19   0   0   0  34   0  14   0   0
   8   0   0  36   0  23   0   0   0  33  70   0   0  24  31   0   0  67   0   0  46
  46  50   0  63  77   1  51  58  49  54   0   0  12   0   0   0  52  24  23  47
  77   0   0   0  76   0   0   0  45   0   0  82  38   0   0   0   0  20  76
   0   7  96   0   0  83   0   0   0   0  71   0  13   0  71   0   0   0
  80   0  95  41  93   0   0   0  87  48  99   0  48   0   0   0   0
  34  96   0  56   0   0  48  29   0   0   0  75   6  10  30   0
   0  73   0   0   0   5   0  63   0   0  26   0   0  82   0
   0  42   0   0  46   0   0   0   7   0  32   0   0  98
  56   0   0  67   0   0  77  36  72   0   0  11   0
  12   0  27   0   0  50  62   0   8   2  54   0
  11   0   0  52   0   0  66   0  26   0  26
   1   1  11   0  87  24   0  28  67  11
  82  34   0  69   0   0  28  24   0
   0  96  11   0   0  60   0  69
   0   0  12  70   0   0  74
  65   0   9  67   0  28
  51   0   0  47   0
   0  13   0  87
   0   0   0
  29  47
   0

  34
   5   9   5   2   6   4   3   4   8  10   3   1   7   1   3  10   9   3  10   1   3   6  10   6   2   6   9   4   8   3

