  30 
   1   0   2   8   4  10   0   4   2   5   8   0   7   1   2   6   1   0   0   0   0   7   0   0   2   4   6   4   9   0
  82  33  59   0  33   0  34   0   0   0  87  40   0   0   0   0  43   9   0  93  39   0   0  15   0  29   0   0  45
   4  17  21   0  86   0  59   0   0   0   3  25   1  86  17   0  34   0   0   0   0   0   0  26  51  95   0   0
  79   0  30   0   0  25   0   0   0  18   0  92  77  28   8   0   6   0  92  78   0  18  98  13   0   0   0
   0   0  69  31   0   7   0  35   0  79  65   0   0  67  64   0  49  56  38  81   5   0  81  39   0   0
  90   0   0  38  19  67  10   7   8   0   0   0   0  45   0   0  33  30   0   0  27  54   5   0   0
  91  42  53  69   0   8  85  53   0   0   0   0   0  27   0   0   0   0  29   0  97  32  22   0
  76  23  54  56   0   6  56   0  22  34   0   0   0  47   0   0   0   0  13  96   0   0  54
   0   0   0  51   0  54  12  20   0   0   0  95  82  31  19   0   0  28   0   1  89   0
  66   0   0  43   0  87   0   0  38   0  99   0   0  95  24  81  54   0  86   0  80
  59  31   0   0   0   0   5   0  21   9  56   0   0   0  92   0   0   0  79   0
  93  55  31  42  60   0  52  61   0  83   0   0   0  31   0  21   0  82   0
  56  91   8   0   0   0   0   0  15  48  68  89   0   0   0   0  65   0
   0  22   0   0  44   0  78  61   0  56  47  78   0   0   0   0   0
   0  21   0   0  64  61   0  53   0  83   0  86   0   0  16   0
   0  48  49   0   0   0   0  65   0  20   0   0   0  33   0
  12  40  37   0   0   0   0  91  29   0   0  36   1   0
  49  48  11  72  96  59   0   0   0   0  70   0   0
   0  88   0  66   0   0  91   0  97   0  35   0
   0  98  41  97   0   0   0   0   0  26  82
   0   0   0   0   0   0   0  72  77  30
   0  42   0   0   1   0   0  27   0
   0   0   0   0  78   0  20   0
  41   0   0  13   0  47  76
  79   0  84   0  48  13
  91   0   0  23  24
   0  61   0  75
  92   0  94
  30   0
   0

  63
   1   3   1  10   8   6   3   2   9   7   7  10   3   7   6   5   9   8   1   7   4  10   8  10   3   1   8   5   9  10

