  30 
   8   0   0   8   0   0   0   0   1   1   0   4   1  10   1   0   2   0   0   0   0   0  10   6   8   0   0   0   0   0
   0   5   0  50   0   0  11  86   0   0   0   0   0  81   0  71   0  91  77   8   0   0  48   0  42  64  60   0  37
  74  80   0  58   0  32  52  53   0   0   0   0   0  58   0  56   0   0  22  62   0  54  10  74   0   0   0  96
  62  88   0   0   0  87   0  63   0  41  30   0  10  99  18   0   5  11   0  66  43   0   0  56  31   0   0
   0   0   0   0   0   0  39  32   0   0  33  38   0  78   0  55  17  44   0   0  11   0   0  43  28  62
  55  51   5   0  19  89   0   0  86   0  59   0   0   7  64  16   0  34  17   0   0  33  85  86   0
   0   0  46  76   0   0  88  51   0   0  67   0   0   0   0   0   0   0   0   0  12   0   0  84
   0   4  49   0   0  86   0   0  28   0  63   0   0  14   0  56  31  32   0  88   0   0  48
  51   0   0  41  64   0   0   0   0   0   0  26  37  92   0   0  72   0  30   0   0  71
   0   0  57   0  40  78  49   2   3   0  82  42  79  26   0   0   0  85  38  82   0
   0  92   0  60   0   0  46   0  63   0   0  79  19   0   0   0   0   7  87  78
   0  68  73   0   0  91  48   0  59   0  12  75   0  33   0   0  34   0   0
  64   0  40   0  54   0   0   0   0   0   0  60  18  70  76   0  12   0
   0   8  37   0   0  11   3  71   0   0   0   0   0   0   0  60  46
   0   0   0   0   0  87  94  88  95   0  75   0  18   0  10   0
  78   0  31   0   0  52   0  66   0   0   5   0  23  36   0
   0   0   0   0  18   0   0   0   8   0   0  72   0   4
  62   3   0   0  13  30  34  95   0  60   0   0   8
  21  54   0  44  54   0  94  22   0   0   0  25
  59  20  66   0  48   0   0   0  81   0   0
  11   0  31   0   1   0  23  21   0   0
   0  24   0   0   4   0   0  88   0
   0   0  36   0  77  87  59   0
   0   0  81  81   0   0  97
  97   0  75  75   0  80
  46  22   0   0  69
  84  64   0   0
  42  50   0
   0  16
   0

  58
   8   6   9  10   5   6   4   5   6   5   1   3   8   2   9   8  10   2   3   1   8   2   4   9   1   6   8   5  10   1

