  30 
   5   0   0   0   0   0   0   0   7   0   0   0   0   6   6   0   0   5   9   3   8   0   3   1   2   0   5   0   7   9
   0  54  62  35  17   0   0  17   0   0  33  88   0   0   1  49  83  32  57   0  87   3   2   3   0  57  80   0  25
  92   0  24   0   0   0   0   0   0  69   7  30   0  73  16   0   0   0   0  63   0   0  22  14  13  18  50   0
  12   0   0   0  94   0   7  87   3   0  40   0   0  58  75   0  24  13  42   0  39  11   0   0   0   0   0
   0  53  57  30  71  72   0   0   0  15   0   0   0  92  64   0   5  97  79   0  36   0  32   0   0   0
   0   0   0  44  80   0   0  69  41   0   0   0  61  67   0  36   0  79  95  24   0   0   0   0   6
  37  41  35   0  79  70   0   0  66   2   0   0  76   0   0  17  64   0   0   2   0  95  78   0
  15  10  17   0   0   0  50   0   0  91   0   0  82  49   0   0   0   0   8   0   0   0  90
   0   0   0   0  82   0  15  32  56  21   0   0  94  98   8   0   0   0  64   0  22  70
   0   0  96   5  30   0   0   0  71  51   0  46   0  90   0   0   0   0  88  92  19
   0  57   0   0  28   0  39  26  40   0   3  50   0   0  20   0  64  99   0  89
   0  54   0   0   0  51   0   0   0   0  51  66  17   0  42   0   0  96   0
  26   0  59   0   0  73   0   0  21   0   0   0  94   0   0  26  16  57
   0  74  73  79  74  91   6  65   0   0   0  28   8  22  40  70   9
   0  21  77  58   0   0   0   0  53   0   0   0   0   0   1   0
   0  61   0  21   0   0  10  33   0   0  13   0   0  63   0
  13  36   0   0   0  54  60  94   0  90   0   5  89  83
   0   0   2  27  76   0   0   0  89  12  65  14   0
   0  87   0   0  99  21   0   0  30  29  48   0
   0   0   0   0   0   0  53   0   0   0  77
   0   0   0   0   0  14   0   0   0  20
   0   0   0  20   7   0   0   0   0
   0   7  68   0   0   0   0   0
   0  80  81  58   0   0   0
  39  95  37   8  35   0
  25  47   0   0  27
   0   0   4   0
  25   0  83
  48   0
  90

  73
   3   3   2   7   5   6   9   2  10   6  10   6   7   8   9   3   6   6  10   8  10   2   9   7   1   7   7  10  10  10

