  30 
   0   6   0   1   6   7   4   0   0   1   0   0   0   0   9   0  10  10   8   4   9   5   0   7   0   9   1   6   0   1
   4  53   0  11   0   0   0  48  45  53   0   0   0   4  32   0  48   0  77   0  24  17  31  36   8   0   0  89   0
  78   0  19  38   0  29   0   6   0   0  79  44   0   0  21   0  10  19   0  17   7   0   0   0  11  45   0   0
   0   0   0   0   0  19  21  37   3   0   0   0  11   0  48   0   7   0   0   0  36  91   0   0  57   0  25
   0  28   0  74   0   0   0   0  76  31   0   0   7  13  84   0   0  17  94   7   0   0   0  34   0  85
  59  38  11   0   0   0   0   0   0   0  89  93  19  28   0  88   0  54  92  44  74  55  29   0   0
   0   0   0   0   0  97  32  72   0  67   0  49  54   0  57   0  22  51   0   0   0  27   0  29
   0   0   0   0   0   0   0   0   0  95   0   0  61   0  55   0   0  41  51   0   0  64  90
   0  60   0   0   0   0   0   0   0  97   0  20  66  54   0  20   2  37   0  55   0   0
  47   8  69   2   0  87  32   0  91  87  30  34  38   0  72  49  66   0   0  25   0
   0  31   0  38  33  61   0  26  15   0   0  55   0  55  38   0   0   0  64  11
   0  34  27  69  84  93   0   0  99  32  67   0   0  48  54   0   0   7   0
   0   1  14  96  99   0  10  65   0   0   0   0  93   0   0  57  46  28
   0  43   3  59  79   0   0   0   0  30  57  93  38  35   0  68  53
   3   0  26  20   0  68   0   0   0  45   0   0  95  46  81   0
   0  45  20   0  74   0  93   0  79   0  79   0   0  54  25
  88   0  68   7  23  68  84  39  79  57  71   0  61  17
   0   0  21   0  35   0  58  69  83   0   0   0   0
  57  64  48   0  31   0  16  49  20  53  36   0
   6  33  83  97  26   0   0  42   0  54   2
   0   3  63   0   0   0   0  55   0  38
   0   0  83   0   0   0   0  18  13
  34  23   0   0  14  19  58   0
   0  42   0   0   0  97   0
   0   0   0   0  81  59
   0   0   0  78   0
   6  94   0   0
  40   0   0
   1  96
  53

  52
   3   9   6   5   2   5   1   5   8   6   1   2   3   3   4   1   3   7   3   7   5   9  10   4   5  10   1   1   8   2

