  30 
   9   7   9   1   7   8   0   0   0   6   8   0   3   0   5   3   5   7   1   7   1   6   7   1   3   8  10   8   2   1
  10  36  24  24  32   0  69   0  23   4  47  61  33  92  61  10  23  48  26  21  14  36  47  41  96   0  65  49  24
  41  66  11  28  79  34  58  42  51  50  83  95   0  43   2   0  84   0  93  44  48  13  87  72  54   0  87  15
  55   7   5  28  74  22  87  65  70  54   1  77  87  57   0  26  96  57  32   0  64  11  93  23   0  66  58
  12  73  53  67  21  19  32  21  69  53  28   0  93  46  28  54  43  73   0  29  31  52  75  50  95   0
  36  55  87   4  41   7  49  10  33  28  16   0  54  54  35  40  32   0  11  54   0  52  67  23  62
  53  46  49  47  68  62   0  67  34   9  58   7  68  10   2  15  44  76   0   4  35  18   0   0
  92  13  83  33  27  47  84   7  89  22  83  42  99  93   0  48   0  29   0   5  63  21  31
  56  81  79  13   0  57   7   1  20  84  29   8   0  15  85   0  81  82   0   8  42  94
  61  47  75  84  21  50  26  12  40  98  88  42  62  18  61   0  67   0  55  54  98
   1  61   0  24  11   0   0  31  67  10  57  47   3  41  94  70   6  80  17  71
  88  13  87  42  55  94  92   0   0   0  65   3  78  38  14  96  64  51   0
   0  98  69   0   5  58   1  99  59  58  31  37  48   9   0   0  95   3
  28  17  57  39   8  83  48  28   1   0  31   5  11   0  69   5  82
  15  99  84  15  62  59  93  50  23  38  37  64  37  79  50  33
  54  97  76  93  94  19  31  51  72  85   0  72  67  73  75
  74   0  78   2  68  72  35  25  16   0   0  60   0   0
   3  69  41  56  28  44   0  78  50  18   4   0  89
  19  89  59  36  18  64   0  37  96  30  31  15
  77  31  86  48  29   8  49   0  29  61   0
   0   7  38   1  22  54  18   0  72  59
  63  43  43   0  15   3  98   0  60
  92   0  76  58  28  57  17  91
  21  93  82  37  47   8  86
  41  64  15  42  26  65
  11  23  85  39  33
  64   0  71  52
  90  89  86
   5  99
  90

  35
   1   1   1   4   1   6   8   4   2   9   2   7   5  10   1   1   5   4  10   9   9   3   9   8   3   3   6   6   3   9

