  30 
   3   1   9   6  10   2   1   4  10   3   5   3   5   8  10   1   0   1   8   1   0   4   9   1   4   1   7   8   8   6
  17  61  26  63  90  21  89  50  24  90  59  52  54   2   0   5  83   0  52  87   0  27  70  34  66   0  22  39  82
  12   0  99  80  25  95  40   2  82  94  16  48   0   7  62  32  97  49  60   0  84  70  45  48  95  78  50  93
  84  99  17  11  95  15  75  88  76  33  56  55  99  96  64  56  57  94  94  88   0  52  77  11  67   0  25
  25  75  13  93  15  94  80  31  57  53  19   3  15  18  12  38  47  83  73  35  37  33  99  95  72  76
   0  70  50  92   3  13   0  88  49  40  55  90   0   1  23  26  25  49   5  28   0   4  17  65  90
  67  16  63  50  49   5  59  59  59  34  86  28  77  47   6  29  96  27  35   4  54  40  71  59
  75   8  69  12  72  26  42  92  76  52  35   0   0  49  91   9  28  52  42  29  49  41  75
  49  37   0  71  65  27  56   4   8  12  71  73   0   0  24  24  56   9  85  81  67  72
  12  50  54  30  41  56  65  47  24  55  22  40  54  78  54   5  86  87   1   0   9
   0  90  72  83   9  81   8   5  44   1  11  24  35  92  16  84  68  91  12  17
  12   0   9  86   4  12  57  93  82  40  79   0  93   0  14  30  21   7  58
  91  16  26  21  86  69  42   0  24  61   0  80  71  33  71  16  19  99
  18  86  46  82  85  19  93  20  15  53   0   5  54  66  52  94  54
  16   6  51   0   0  74   7  78  12  48  23  35  73  43  77  55
  97  58  83  69  65  22  36  72  15  24  30   8  44  99  84
  24  83  48  63  44  91  63  96  59   0  65  46  13  98
  80  38  58  74  68  46  89   0   0  20  86  93   1
  28  20  85  63  22  17  26   5   5  99  42  16
  77  41   9  57   8  43  94  64  53  16  48
  59  80  82   5   0  17  85  89  38  43
  43  77  88   0   6  88   4  19  26
   2  17   0  24  14  77  45  24
   3  24  90  70  75  52   0
  17  59  56  15  44  52
  78  52   0  99  16
   1  66  16  39
   9  68  38
  11  84
  80

  45
   3   7   5  10   6   7   8   2   5   8   6   7   7  10   7   7   2   1   2  10   4   3   2   4   5   2   9   1   1   2

