  30 
   7   1   1   2   4   4   7   2   8   5   9   1   0   8  10   1   3   1  10   9   4   1  10   2   9   0   5   4   4   4
  21  42  55  66  50  27   0  66  53  92   0  99  80  13  73  80   0  88  68  41  72  78   0  30  76  42  24  49  22
  38  76  64   6   0  15  71  46  95  81  20  46  38  76  16   6  36  41  31   0  47  96   0  65  59   0  54  12
  95  64  87  60  82  69  21  24   0  98  90  62  34   6  78  26  78  79  88  49   0  27  68  95  31  81   4
  79  83  34  86  45  73  99  84  29  82  74  72  24  60  58  44  54   2   0   0  71  13  82  46   0  87
  78  32  19   0  78  10  75   0  18  29  44  19  99  29  50  95  75   7  74  89  10   4  45  93   0
  44  75  22  92  65  97  54  61  69  71  68  71  94  94  90  48  63  69  39   8  66  62  34  21
   5  51  57  50  89  83  11  16  36  73  83  23  30  95  70  92  58  94  61  60  85  78  21
  95  78  49   0  65  29  79  62  70  73  29   8  52  56  47   0  38  76  99  17  71   0
   0  59  71  86  59   6  33  28  21  14  96  90   8  76  17  61   0  83  65  87  78
  71  88  68  27  60  58  31  90  75  59  35  51   6  83  48  67  43  10   0  92
  50  20  55  70  72   0  68  62  22   7  20  50  49  78  50  89  25  78  14
  50   8   3  34  84  72  55  27  68   0   0   0  35  23  55   2  30   2
  36  97   3  47  78  43   0  94  82  67  92  42  11   0  93  74  54
  53   0  72  87  98  96   3  80  49  50  58  15  79  32  90   0
  55  77  27  73  91  95  48  48  54  61  24  36  70  11  27
  88  91  30  59  32  47  73   0  29  37  71  29  58  81
  94  11  88  31  51   0  99  93   5  59  30  52   1
  79  86  84  91  74   5  86  59  77  76   0   7
  41  32  93  21  20  49  35  51  23  28   3
  65  43  43   6  16  41  62  13   5  43
  67  65  99  21  62  95  89  54  43
  32  83  92  45  65  21   5  90
   2  92  52   0   0  77  73
  37  73  29   0  23  77
  35  11  59  86  64
  56  58   0   8
  80  12  26
  34   9
  21

  57
   9   5   5   8   8   5   8   6   7  10   4   9   9   4  10   3  10   5   4  10   8   8   4   6   2  10   7   7   1   2

