  30 
   1   1   7   7   1   2   4   2   6   8   5   5   4   8   4  10   2   5   5   4   8   1  10   0   1   2   0   2   3   3
  68  13  32  76  88  51  96  74  55  78   9   0   0  91   8  37  53  73  33  74  26  44  54  42  68  48  21  70  53
   0   0  73  86   0  94  48  53   4  98  67  97  19  92  65  34  57  32  77  56  79  60  96  48   3  65  96   2
  97  46  73  67  12   0  84  73  71  74  57  67  78   7  68  95  54  10  94  25  13  89  23  77  78  57  47
  37  14  79  29  31  87   0  75   6  53  68  63   0   4  50  54  55  70   0  59   0   0  25   5  65  75
  48  55  57  32  36  15  82  90  57  15  32  15  82  84  51  48  29   0  93  38  55  61   4  51  93
   0   2   0  24  88  13  21  94  63  66  54  75  32  30  63  70  74  36  20  37  64  74   8  36
  39  79   9  63  23   0  81  64  62  85  55  25  16  92  26  62  11  80  48  83  23   1  76
  71  17  49   8  31  96  82   0   7  35  87  66  43  34  29   0   7  44  11  99  97  13
  58  39   0  35  55   4  31  32   0  96  94  62  20   0  79  45   4  98   0   0  28
  77  75  51  53  92  98  73  83  78  22  72  11  91  41  48   9  38  85  88   0
   6  49  37  19  74   8  23  47  61  73  51  48  52   0  20  27  76  36  74
  53  68  98  84  80  31   0  38   6  87  16  12   9  75  77  45  24  34
  99  65  93  31  22  33  31  83  72  15  24  58  56  19  73   0  41
  80  18  70  30  35  36  49  15   2  89  54  73  56  72  30  84
  26  76  56  58   0  76  25   0  18  99   0  73  97  93  60
  78  21  17  14  56  91  37  30  20  56  67  78   6  97
  74  95   0  68  48   0  74  98   0   0   0  28  17
  10  69  14  43   5  57  30  23  91  61  85  85
  97  12  85  87  11   0  47  88  54  50  27
  21  96  24  70  35  48  46  61  24  46
  96  97  17  18  25  64  29  45  77
  49  72   7  73  42  31   6  21
   0  11  77  85  18  70  47
  87  38  78  47  30  93
  43  71  95   5  70
   0  88  75  62
  16  67  24
   3  14
  61

  41
   3   1   7   4   5   6   3   6   9   8  10   9   7   9   3   9   3   5   3   2   1   7   7  10   8   1   2   5   3   6

