  30 
   3   7   7   3   5   0   9   6   5   0   2  10   3   1   7   1   0   8   3   3  10   2   0  10   5   9   8   8   7   0
  66  53  26  79   0  26  10  48  10  94  31  69  89   0   9  26  56  54  21  96  28  25  95   1  62  64   0  47   0
  61  63  68  45  59  10   0  70  56  45   0  56   0  84  13  50   9  71  91  20  81  85  23   0  48  37  65  44
  72  33   0  79  94  45  98  36  99  98  92  40   0   0  29  75  25  85   0  35  10  68  25  82  94  52  29
  38  18  40  95  53   2  50  95  98  24   0  35  93  46  54  89  98  64  25  23   0  11  92  41   0   8
  45   0  68  73   0   0  68  74  76  39  43  69  69  11  75  10  94  25  37  19   3  68  53   0   0
  65  21  76  31  96  10  33   9   0  10  93  31   0  84  45   5  35  63  61  70  78   4   0  98
  36  34  68  31   0   0   0  44  38  82  83   8  11  77  86  25  79  72  14   0   0  77   0
   4  18  42   1  12  24  40   8  21  77  69   3   1  76  13  47   0  81  63  92  97  20
  44  39  16   6  77  85  56  56   0  88   8  71  24  65  99  44  73  24   0  14  26
  30  16  21  14  61  29  87  68   0  83  29  25   0  53   0  23  39  99  54  11
  16   0  48  99  30   0  52  10  72  57  38  82  42  28   0  95  93  47  62
  62  13  21   5  68   0   0  96  28   4  99  39  60  35  11  81  82   9
  47  15  68  80  41  71  42  20  65  14  62  74  12  72  61  81  52
  45   0  45  59  19  33   0  98  93  51  12  44  22   0  67  54
  92  11  99  77  38  33  84  57  31  94  92  82  47  43  49
  62   0  41  96   3  74  60  64   0  60   0  79   0  37
  96  56  89  42  47  64   0  86  73  69  97  59  70
  17  82  75  31  31  79  27  62  81  84  11  88
  85  30  70  60  81  16   9  40  98  81  83
  48  10  91  76  92  27  20  89  76  39
   0  51  51  98  43  79  89  17  90
  33   5  94  92  62  91  20  68
  46   0  56  74   0  40  72
   4  53  64  26   0  50
  48  82  55  42  43
  35  67  66  55
   8  25  38
  84   4
  42

  60
   5   1   1   4   7   6   2   8   8   9   6   3   6   9   9   9   1   5   3   5  10   7   9   8   4  10   9   3   7   9

