  30 
   4   8   6   5   5   7   4   5   5  10   4   2   4   7   9   0   8  10   9  10   5   2   3   9   8   9  10   2   2   1
  99  32   1  13  69  36  96   0  63  56  40  24  97  30  18   0  13  62  94   0  89  44   0   9  49  38  16  17  53
   7  61  58  29  35  89  84   0  93  81  53  10  72  32   0  58  18  34  95  70  81  64  84  19  67   0  26  68
  82   4  27   1  32  29  32  93   3  48  16   0  54  82  85  24  75  40  85  45  79  12  64  24  14  23  44
  35  51  44  92  12  38  79  38  36  39  40  13  77  30  45   1  48  91  62  79  41   7  39  75  43  75
  78  71  61  56   0  31  80  89  81  41  20  42   0  60  34  43  65  93  64  10  73  54  30  21  18
  31  74  15  41   7   0  97  67  93  81  53  84  92   2   6  71  15  14  63  61  12  26  44  72
  56  39  77  79  18  34  60  13   0   1  44  22  73  72   0  23  72  19  96  11  61  87   8
  82  54  66  17  84  77   0   0  79  69  45  59   0  46  83  78   3  45  52   0  57  23
  91  78  75  39  14  62  28   0  69  13  75  19  53  32  47  49  49  42  53  55  32
  80  71   0  95  91  99  14  78   0  45  21  75   0  18  68  48  68  10  72  66
  66  34   5  59  71   6  38  42   0  74  82   0  76  24  20  45  35  95  26
  31  40  55  61  58  56  10  22  68   0  98  17  82  80   0  61   2  41
  26  97  19   0   8  76  20  17   4   0   5  27  37  61  19  65  79
   0  40  33  19  30   7  76  40  50  25  52  48  61  13   0   5
  82   0  11  12  83  96  48  44   2  88  79  99  81  75  49
  61  56  61  85  35  29  17  30  26  27  89   5  65  95
  54  25  13  32  14  60  41  38  59  40  14   7  16
  37  92  70  22  70  52  70  20  41  90   9  19
   0  63  98  74  13  85  75  14  51  16  77
  54  60  52  16  99   9  52  56   0  88
  67  11  24  98  19  93  71  15  26
  65  46   9  11  12   0  61  31
  87   0  79  13  98  21  83
  21  12  29  16  82  52
  64  79  68  96  82
   0  47   0   6
  49  25  13
  12  81
  35

  60
   6   6   2   9   5   6   1   3   2   1   5   6   2   5   6   8   7   8   3   7   5   3   7   3   3   6   1   3   3   1

