  30 
   6   4   6   1   9   1   2   1   5   8  10   0   7   9   7   4   2  10   7  10   1   2   9   5   6   3   6   6   8   1
   1  11  27   0  30  72  33  40  37  45  19   9   0  49  66   5  59  50  99  87  63  30  91  61   0  71  91  18  67
  67  81  66   0  75  24  63  11  17  16  48  98  12  12  65  79  22  23  14   0   0  52  27   0  24  97  52  18
  21  36  62   0  84  14  18  73  82  73  57  74  51  92   5  13  63  43  58  75  53  65  95  15  16  56  65
  30  91  10  73   2  66  14  85  15  93  49  15   4  51   8   0   0  39  13  44  18  68   3  44  73  65
  88   0   8  72  70  51   2  32  69  77   9   2  14  96  12  10   0  15  61  85  39  35  95   4  53
  51  53  25   0  74   0  41   9  30  78  82  99   0  70  79  74  80  34  31   9  67  18  95  64
  26  98  70  36  61  13   0  32   0  32  73  74  35   0   7  85  30  21  84  64  31  99  85
  15  18   0  53  33  33  25  66   0   0  47   2  38  30  94  29   6   2  51  38  16  67
  34  50   0   0  62   0  65  47  99  10  44  86  40  27  23  16  98  84  82  19  51
   1  25   0  75  84  67   4  19  37  74  54  11  10  11  57  35  34   6  35  31
   0  90  59  16  92   0  35  14  62  26  82   0  85  47  52  30  22  70  71
  50  46   0   0  63   0  74  34  45   3   0  81   8  39  53  86  50  74
  67  20  32   0  84  89  64  69  74  66  99  46  44  18  13  82  98
   8  85   0  62  75  22  61  96  17  66  20  54  56  27  83  18
  55  71  68  59  74  35  65  16  59  63  34  35  97   1  44
  46  91  28  15  83  94  22   0  86  24  98  66  35  97
  10   0  97  39   2  76  93   0  86  27  62   0  33
  37  66  69  90  58  86  97  22   1  36   0  44
  95   0  58  46   0   7  60  45   6  33  72
  93  16  30  77  40  31  92  67  57  43
  94  43  44  24  63  13  97  39   0
  65  99   2  54  10  33   0   0
  38  97  89  38  72  81  42
  34  88  43  16  72  14
  75  19  67  62   0
  33  33  22  77
  40  14  93
  90  76
  83

  55
   8   6   8   9   9   6   5   5  10   7   5   2   8   3   1   6   3   6   3   1   9   1   5   7   5   2   1   3   9   1

