  30 
   4   4   4   4  10   9   7   9   1   3   0   2   9   8  10   6   1   1  10  10   6  10   1  10   0   0   8  10  10   8
  65  73  62  44   8  33  98  32  56   0  33  70   0  97  64   8  50  50  15  67   8   9  81  37  47  20  79  48   0
   9  41  99  33  46  10  95   0  32  21  69  95  30  48  32  81  75  37  13  83  82  67  75  88  33  11  76  68
  96  97  98  56  11  72  38  46  22  60  24  79  30   0  98  74   0  14  16  39  35  22  32   2  13  40  15
  13  42   3  71   0  10  18  60  97  56  97  19  65  72  12  20  86  28  92   8  28  74  92  83  93  92
  92  51  69  42  94   0   0  92   0  84  44  24   0  50  78  27  69  31  10  64  91  15   0  18  36
  63   0  44  18  29  73  15  77  35   0  36  19  80  53  11  14  53  48   0  11  89  63  47  17
  15  48  64   3   0  94  44  81   0  86  67  97  98   0   0  41  37  23  94  59  67  40  90
  45  90  41  93  67  85  99  66  39  23  46  25  54  23  74  39  13  16   7  21  50  21
   0  42  17  27  30  57  80  52  23   2  39  30  85  17  38  16  14  15   8  65  65
  15  11  24  99  74  15  20  87  81  12  88   0  78   0  79  84  48  45  63  36
  50   9  19   3  31   9  85  25  67  30  96  16  18  53   0  16  15  35  16
  99   0  83  67  19  59  59  18  54   0  35  28  39  92  35  70   0  25
   0  39  61  99   0  88  96  19   6  49   0  47  76  81   2  28  47
  59   0  17   7  10  59  15  54  27  45  99   0  95  63   0  46
  53  15   0  79  93  75   0  88  67  19  66  93  26  77  23
  66   0   0  37  45  90   5  58  13  65  97   0  55  85
  24   0  32  22  96   0  64   3  17  53  98  33   0
   0   0  66  14  99  90  96   8  92  37  70  12
   8  81  24  81  49   0  69  37   0  19  88
  83  86  18  64  94  41  75  70  86  16
  27  43  62  50  52   0  73  59  98
  24  20  11  50   4  81   0  78
  25  20  78  87  15  43  71
  83   1   0  96  88  65
  79  45  84  68  58
  49  71  32   6
  27  32  37
  34  85
  20

  42
   8  10   8   3   8   7  10   9   4   5  10   6   7   5   5   7   3   2   4   7   1   6   5   3   2   7   3   7   8   8

