  30 
   0   5   8   6   0   0   8   3   8  10   5   7   1   1  10  10   3   6   3   4   4   2   8   2  10   0   6   3   0   6
  45   8  49  70   0  14  69  24  74  30  50   2   0  76   3  94  83   3  35  56  46  16   2  91  51  54  75  89  55
  96  72  73   0  13  12  91  74  95  56  49   0   0  91  84  42  87  81   0  29  58  41  76  57   6  78  37  41
  55  18  97  20  61  73  13  60  60  88  12  58  93   3   0  77   3   6  12  46  91  58  60  85  21  75   3
  51  33   0  70  28  34   7  52  96  12  74  66  93  13   0  19  19  21   0  92  52  53  98   6   4   0
  78  56  73  67  65  52  38  87  65  55  79  80  25   0  92   0  68  97  92  67   0  77  25  74  55
  24  17  37  84  41  99  27   0  71   0  60   0  66  16  68  12  76  37  38  44   2  24   0  64
  47  16   9   1  30   0  64   0   0  69  46  18  32  45  42  24  67  83  35  14   6  49  83
  75   8  43  99  81  35  18  94  98  21  74  85  86  91   5  88  28  32  89  47  91  92
  50  69  95  86   0  95  21   3  60  61  95  27  27  75  50   0  65  97   8  62  16
  22  23  42  38  60  96  51   0  82  86  74  97  71  53  90  47  65  91  88  51
  24  98  35  19  95  76  97   8  39  11   8  95  31   0  74  81  17  31   7
  34  54  79   3  56  15  96   1  78   8  55  32  36   0   2  65  77  19
  23  66   4   0  92  90   6   0  90   0   0  51  42  23  51   7  80
  49  56  17   0  87  16   6  98  44  90  35  14  50  37  51  14
  15  92  56  87  91  79  80  80  35  43  62  38  25  33  39
  77  62  87   9   8   4  98  94  81   0  29  13  84  48
  51  47  96  95  63  94  13  98  89  57  15  46  89
   0  79  32  23  96   0  34  22  86  44  49  15
  61  74  78   6   0  11  22  41  24  30  84
  16  91  96  10  91  76  10  86  71   2
  98  50   3  81  48   7   0  33   0
  85  86   0  84  18  49   2  74
  54   1  60  12  21  25   7
   2  22  68  28  66  92
  25  92  72  60  93
  61  83  54  95
   1  78  29
   0   1
  41

  82
   9   5   1   8   8   2   7   2  10   7   4   6   3   3   4   1   5   9   7   8   7  10   3   7   2   4   9  10   9   5

