  30 
   8   0   5   8   9   4   6   5   2   4   9   6   0   8   0   0   8   5   1   8  10   0   8   6   6   5   9   3   9  10
  51  24  74   0   0  70  26  76  50  88  76  44  32  71  72  71  73  52  96   3  74  53  34  60  22  59  94  27  25
  18   3  31  20   0  68  17   3  47  38  82  12  31   0  39  96  88  39   0  23  60  15   0  55  18   6  72  18
  15  35  98   0  78   0  78  13  89  66  34  43  56  85  78  40   0  38  17  68  81  87  90   9  84  18  74
  28   0  34   6  82  68  54   4  10   5  47  44  80  22  65  47  70  43  73  66  32  50   8  87   0   6
  42   8  66  93  36  12   5  20  33  42  25  77  66  57  22  33  55   2  13  79  14  21   8  63  58
  71  76  46  32  48  54  25  14  91  65  76  60  90  22   8   7  11  68  29  84  67   4   0  25
  15  66  33  15   3  88  79  74  94  82  14  68   0  31  99  44  44  14  89   0  83  72  56
   0  27  50  36  62  66  72  21  39  65  45  21  10  12  31  47  25  22  14  81  19  65
  17  70  16  53  88  84  65  37  69  58   0   0  79  88  19  69  24  34   0  74  15
  82  97   0  41   9   2  38  52   9  12  64  12   5  19   6   0  69  53  77  19
  63  89  55  35  20   5  58  71  53  17   8  80  86  54  76  39   0   0  71
  91  15   0  15  44  16  73  39  56  74   0  66  41  95  58  74   0  10
  52  49  20  91  26   0  47  47  56  18   9  30  77  56   4  80  36
  75  72  42  98  99  81  66  19  25   2  72   8   1   0  70  14
  81  89   0  82   4  70  86  32  85  26  72  93  24  29  29
  81  12   0   3  14  64  81  84   3  49  71  13  20  97
   0  96  16  32  35   2  90   4  15   0   0  40  13
  54   0  95  33  51  14   0  70  44  89  39  14
  20  17  12  98  61  13  57  13  90  90  36
  57  98  18  77  54  54  71  49  62  97
  40  32  19  17  29  28   1  52  47
   0  59  89  63  13  71  90  55
  70  42   0   1  33  21   0
  52  29  97  31  72  26
   2  38  17  13  87
  82   9  60  39
  32  17  11
  91  64
  71

  59
  10   8   2  10   2   3   3   5   3   3   8   6   7   2   8   5   5   9  10   4   3  10   2   7   6  10   9   5   2   6

