  30 
   0   3   0   8   5   8   0   1   0   0   2   5   3   0   7   5   7   9   0   1   4   4   0   2  10  10   0   9   4   8
  27   0  43  99  56  87   0  97  19   0  84  25  81  17   0  94   3  42   9   8  68  37   0  61  87  15  41  64  88
   0  70   0  45  87  28   7  72  79  83   0  36   0   0   0   0  62  55   6   0  51   2  67  65  36   1  13   0
  38  96  26  95  77  57   5  66   9  81  99  95   0   0   0   0  10  77  51   0   0  89  65  82  69  34  57
  32  52  13  71  41   0   0  45  29   0   3  77  66  87  31  34  68  46  63  79   0  47  69  75  80  74
   0   0  91  17   0  89   0  97  26  83  36   0  80   0   0   1  68  20   0   0  42   0  30   0  24
   0   9   7   0  78   6   0   0  53  24   0   0  69  69  68   0   0   0  80  49  27   0  96  52
  54  81  93   0  94   0  96  23   0  85  47  72  55  14   0   0  16  90  11  44   0  53  47
  32  85   0  49   0   1  76   0   0   2  53   3   0   0  76  13   0  21  82   0   3  31
  20  31  63  58  33  79   0   0   0  40  89  95  98  72  25  66   0  90   0  39  17
   0   0  40  68  23  15   0  51  64  35  33   0  21  13   0   2  97   0   0  52
   0   0  33   0  10  42  11  22  20  56  27   0  26  20  72  42  70  49  14
  98   0   2  27  85  58  47  79   0  50  53  88   5  70  95  51  14  18
  81   0  82  57  61   4   0  41  44  47  44  37  15  36   0   8   0
  42  69  16   0  78  74   0   7  96  32   0  90  44  78   0  50
  97  13   0  42  83   4  86   0  26  79   0  79  19  38   0
   0   0  82  82  22  35   0  49  10  17  19   0   0  26
  16   0   0  85  81  85   0  36   0  79  72   1   0
  46   0   0  39   0  79  85   0   0  78  31   0
   0  76   4  45  52   0  38   0   0  23  31
  13  19   1  63  85  64   0   3   0  52
  60  41   3   0   0  66  50   0   9
   4  23  66  49  31  64   9   0
  75  57  21   0  63  18   0
  67   0  61   0   0   0
  56  82  26  30  83
  75  48   0   0
  79  95  96
  21   0
  79

  70
  10  10   5   4   3   8   1   8   7   8   8   7  10   8   2   4   2   8   9  10   8   7   8  10   9   6   7   7   7   7

