  30 
   0   0   8   8   1   3   0   2   0   0  10   0   0   0   8   0   0   0   2   0   7  10   9   3   0  10   5   9   6   0
  23  34  66   0  76  71  71   3  26  28   0  13  60   0  81  57  60   0  36  52   0  77  33  17  51   0  88  40   7
  42   0  25   0  14  65  73  39  13  12  63  96  15  67  54  81  14  48  74   0  95  79   0  83   0  32   0  64
  74  28  89  52  77  16  46  65  12  68   0  58   0  90  52  16   5   0   0  54  31  68  55   1  31  32   0
  17  55  49  90   0  20   0   0  75  44  48  23  14  61  58  96  80   0  79  53   0  33  67  47  22   0
  11  34   0  28  63  32  27   0   0   0   0   0   0  38   0  61  56  41  58   0  40  29  48  80  36
   0   0  55  73  37   1  13  27  31  86   0  34  72  54   0   0  61   0  39   0  78  44  23  30
  86  82   5  52   0  14   0  20  31  17  90  79   0   0  86  13  85   0  40  27   0  64  85
  54  54   0   0  30   0   0   0   8   0   0  10  76  82  35   0  30  54  71   0  85  94
   6  32  55   0  70  94   0  46  99   0  72  75  26  40  80  86  12  46  42   4  24
  17  68  83   0  39  57  85  97   0  76  40   5  23  77  57   0  52   0  45  66
  61  38  12  95   0  23   0  99  70   0  87  96  36  24  94  17  65   0  38
   0   0  80  73  39  36  82  86  73  41   0  47  28   0  96  92  67  21
   0   0  90  28   0  46  31  55  31  53   0   0   0  35  85  79  38
  24  42  88  95  95  48  35   0  19  57  91  99  88  99  89  21
  53  38   0   0  94  34  27  89  74  68  52   0  18  12   0
   0  74   0   0  23   0  53   0  67  59  30  41   0   0
  81  30  29  44   0  73   2  31  86   0  30   0  63
  25  67   5  80  74  72  44  75  78  29  33   4
   5  89  61  23  51  74  12   0  79   0   0
  89   2  76   3  29   0   9  50   0   0
   0   2  28  31  82  20  91   0  55
  87  75  52  21  90  24   0   0
   0  27  95  81  47   0  23
   0  61  55  49  63  73
  64   0  84  38   0
  15   0  23  19
  32  13  95
  81  14
  36

  46
   6   4   5   7   1   3  10   3   7   8   8   7   2  10   5   6   1   3   4   2   2   2   5   2   5   1   7   3   3   7

