  30 
   8   4  10   5   0   0   0  10   3   0   4   2   0   2   8   0   3  10   0  10   3   4   9  10   1   5   4   3   6   0
  74   0  99   0   0   4   3  54  22   0  57   5  35  12  99  15  39   0  86  98   0  42  99   0  31  11   0  40   6
  76  17  64  68  70   0   0   0  17  45   0  39  72   0   0  77   0   1   0   0   0  79   0  70  39   3  95  57
  67  31   0   0  91   0  94  64   0  35  65  82   9   0  37   0   0   0  28  97  19  26  81  41  80  38   0
  10  71  43  71   0  22  19  16   0  36  65  38  47   0  67  96  95  38  81   0  77  80  91  95  94   0
  96  25  37   0   0  13   0   3  19  10  11  93  86   0  61  59  78   0  26  38  80   0  30  80   0
  85   0  11  54   0  19  72   0   0  57  63  68  65   0   0   3   0   0  96  12  94  80   5  50
   0   0   0   0  34   3  33  59   0  35  74   4  24  99  80  23  46   0   0  25  38  52  49
  23  33  53  93  53   0  83  26   2   0  47  75  40  69  29   0  71  23  58   8  12  26
  96  34   0   0   0  11  40  73   0  55   0  68   0   0  16  72  91  96   0  88  83
  49  31   5  76  57  16  84   0  15  51   4  12   0   0  51  12   0  36  19  13
  55   0   0  60  92   1  28   3   0   0  92  35  63  29   0  20  45  80   0
  43  22  12  38  37   0  82  59  90   1  56   0  64  44   0   0  19   8
  30   0  67  31  79   0  41   7  43   0   0  51   0  64  20  57  55
  84  98  69  43  38  40  98  10  34   0  35  36   0   0  72   0
  97   0  99  79  45  81   6   0  44  15  31  44   0  79  38
   0   0   0   0  54   0   0   0  42  60   0   0  71  34
  69  20   0  94   0   0   0   5  66   0  70  58   1
  41  51   5  70   0  12  17   0   0  93  73  82
   8  55   0  16  26  50  79  49  54  11  33
  34   0  82   6   0  63   0   0  78   1
   3  91  66   1   0   0   5   0   0
  99  79  19  16   0  68  62  64
  42  20  58  49   0  70  87
   2   0  33  55  21  83
   0   0   0  32   1
  88  24  18   0
   0  45   0
   0  56
  49

  47
   8   8   2   1   7   3  10   9   9   1   4  10   6   3   9   7  10   4   3   8   7   7   9   9   5   7   5   2   7   8

