  30 
   5   0   8   9   0   0   0   5   2   1   1   0   0   7   0   9   3   3   6   2   0   3   4   9   9   0   0   9   6   8
   0  80   0  39  87  56  66  46  71   0   0  33   0   4   0   4   0  60   0  58  18  92   0  68   0   0  34  59  46
   0   0  96  78   0  92   0  40  43  10   0  37   0  67  27  35  54  24  62  40  53   0   0  63  42  55   0  72
  93  57   0   0   0   0   0  89  47   0  25  48  51  47  63   0   0   0   0   0   9  28  27   0  92  91   0
   0  81  16   0  86  29  79  51  83  88   0   0   0  60  35  62  37   0   0  87  54  69   0  78   2  44
   0   0  95  50  72   0  77  98   0  94  35  78   0  87  89  31   0   0  39   0  82  87  57  85   0
  52   0  90  46  86   2  69   0   0  76  98  95  39   2   0  13  70  16   8  45  35   0  86  38
  67  65  93  22  84   0  93   0   0   0  79  24   0   0  87  38  21   0   0  26   7  29   0
   0   0  13  88   8   0   0  72  38  47   0  78  54  37  59  99   0   0   0   0  54  62
  41  99  94   0  61   0   3  87  65  31  69  89  47   0  15  92  34   0  34  42   0
  32  64   0  18  16  21  40   0  25  61  28   8   0  43  69  75  70  48  83   6
  51   0   7  99   0  62   0  68  76  62  22  54  17   0  74  29   0   0   0
  43   8   0  13  78  34  77  30   1  12  98   0  76   0  19  40  92  54
  76  82  32  63   0  85   3  39  10   0  76   1  16   0  21  46  37
   0   5  89  97   0  87  43  92   4   5  60  85  32  53  72   0
  45  31   0  86   0  27  97  30  86  45  82  24  31   0  10
  91  72  70   7   0   0  42   0  66  21   0   0  31  94
  94  30  52  23  66  17  18  95  23   0  37   0  26
   0  26  45  18   5  91   0  42   0  35  67  76
  99   0   0  77  59  97  51  79  74   0  70
  75   0  36  54  15  93   9  42   0   0
  72  79   0  48  33  90  26   0  44
  69  21  12  40   0  97   0  32
  22   0  74   0   0   0   0
   0  42  30  58  54   0
   0  27  49   0   0
  77  47  37  72
  92  75  86
   0  49
  74

  66
   5   7   1   7   4   5   6  10  10   2   2   6   4   5   2  10   8   2   6   5   3   3   1   1   2   7   4  10   7   7

