  30 
   0   1   2   2  10   4   7   0  10   0   1   0   3   6   8   4   3   0   9   9   6   5   0   6   0   0   0   2   0   7
   0  88   0   0   0  79   0   0  38   0   0  10   0  19  16   0   7   0   1  30   0   9   0  25   0  54   0  29   0
  41  75   0   0  41  58   0   3  74  79  60   0   0  87  78  25  17  15   0   0  36  11   0  82   2  38   0   0
  25  61  46  92   6   0  17  46  11   0  18  91  64  51   0  82   0  51  35  72  89   8  96   0  42  98  46
   0  51  77  90  62  77   0   4  13   0  81   0   1  57   0   0  27  25  86   0  60   0   0   0  59  62
  65  36  95   0   5  95   0   0   0  96  73  22   0  94  89  85  34  14  16  81  13  13  76  73   9
  18   0   0   0  50  29   6  20  88  30  64   0  86  13  16  94  12  80   0  89   0  16  96  59
  36   3  30   2  54  18  49  50   0  73   0  57  82  18  88  35  43  56   0   0   0  18  77
  15  57   0  68  96   0   0  76  11  83  24  10  36   0   2   6   0  41   0  26  77   0
   0  64  13  21  54   0   0   0  25   0  85  48   0  65  47   4  54  69  76  75  28
  71   2   0   0   0   0  56  64   0  89  92   0  93  65   6  37  45  43  71  83
  42  43  20  88  21  21   0  70  44  10   0  34   0   0  24   0   4  71   0
   0  83   0  26  86  75  48  11  98   2  42  11  53  66   0   0   0   0
  14  98  49  16   0  93  30   0   0  51  47  73  73  92  81   0  20
  91   0  48  25   0  86  85  93  81  54  58   0  44  68  86  48
  82  32   0  63  55  99  84   0  75  90   0  15   0   0   0
   0   0  28  35  42  83  92  68  48  53   0   8   1   0
   0   0   0   0  34  55  34  50  64  15  92  60  15
   3   0  52  26  54  97   0   0  22  80   0   0
   0  46   0  25  23  10  42  10  79  75   0
  64   0  57  88  18   0  33  18  37  21
   0   0   6   0  29   7   0  47   0
  14   0  20  88  25  41  81  55
  88   0  68   0  71  49  20
   0   0   0  69   2  70
  83   0  26  96   0
  96  99  66   3
   0   0   0
  77   0
   3

  53
   9   3   7   6  10   4   3   6   3   5   4   7   9   5   8   2   7   7   1   4   3  10   8   9   4  10   4   7   9   6

