  30 
   3   1   5   0   0   4   1   0   6   0   7   0   0   0   2   6   2   9   3   1   2   0   9   8   0   0   0   0   6   5
  59   0   7  46  13  57   0  57   0  66  31   8  17  68  86  43  94  91  47   0  71   0  21  24  81  84  82  47  66
  50  25   0   0  76  14  32   0   0   0   0  86  44  93  12  93  97   0  49  90  61  18  67  50  76   0  52  30
   0  48  52   0  56   0  88  89   0  83   0  23  18   6  47  38  42   0  32   0  59   0  40  61  88  39   0
  41   0  98  10   0   0  34   0   8  31  60  35  96  81  42  70  16  64   0  42  22   0  49  29  57   4
  94   0  51  16   0  31  71   0  75  46  27  71   0   0  13  56  89  11  32  52  22  44  24  88  11
   0  48  23  11  57  95  71   0   0   0  42  85  56  48  27   0  17  74  61   0  76  96  64  50
  33  54  36  99   0   3  17  89   0  55  30   0   0  27  18  92   0   0  63  80   0   0   5
   3  62  56   0  50  28  99  81  99  28  87  19  11  33   0  92   0  19   0  15  58   0
  72  98  74   0   0  63   0  41   6  15   0   0   4   0   0  43  38  17  39  31   0
  88   0  65  61   8  55   0  44   0  46  66   0   0  20  65  29  34  43   0  21
  98   0  59   0  15  34  12   0   0   0  53   0  50  51  45  49  14   3   8
  31  14   0   0  49  15  74   0  20  93   9   0   6  80  92  66   0   0
  94   0   0   0   0  63   0  23  95   3  30   0  34  62   0   0  36
   0   0  16   0  37  29  40   0  32   0  60  50  89   0   5  42
  74  65   9  84  97   5   8  40  53   0  42  58  40  65  82
   3  99  84  64   0  98  97  11  57  63  68   4  32   0
   0   0   0  93  38   0  42  33  28   0   2  50  46
  83   0  15  61  73  72   0   0  11  97  89   0
  45  75   0  35  94  48  11  97  97  58  41
  35   0  90  31  20   0  37   0  59   3
  55  18  95  35  82  79  41   0   0
  62   0  14   6   0  73  13  40
  99   0  41  86   0  28   0
   0  40   0  42   0  88
   0   1   0  41  43
  99  26  56   0
  58   3   0
   0   0
   7

  38
   5   7   1   8   6   2   7  10   4   6   9   9   8   3   1   2   4   5  10   1   8   5  10   1   3  10   2   6   9   9

