  30 
   1   9   3   5   5   0   5   0   6   0   4   5   3   6   6   8   6   4   0   5   0   0   0   7  10   3   3   0  10  10
   0  41   0   0  27  27   0  75   0  91  82  78   0  51   0   0   0   0  28  86  76   0  57  64  66  58  47  57   0
   0  37  13  98  56  43  91  30  54  22   4  99  54  85   0  35  72   0  57   4   0  17  71   3   0   0  63   0
  92  30  49  14   0  88   0  66   0   0  48  66   6  36  75  60   0  52  43   0  95  68  47  49  18  70   0
  26  67   0  77  43  69   0  78  53  82   0   0  74   0  57  34  25  47  40   0   3   0  27  59   0  24
  69   0  71  42  92  57   0  11  16  65  38  67  86   0  79  63  39   0  50  39   0  44  30  28  10
   0  54   0  43   0  98  22  23   0  68  88   4   0  42  74   0   0  84  93  22  46  52  76  71
  34  65  40  85  62  30  64   3   0  87   8   0   0  72   0   0  11   0   0  50   7   0   0
   0  72   0  81  99  36  46   0   0  53   0  43   0  22   0  79  92  18  63   0  61  30
  74  71  29  47  51  22  81  66   7  37  56   0  99  89  22  60   0  48  61   0  70
   0   0   0  94  71  43  28  84   4   0  59  78  26  52   6  82  89  10  53  36
  98   1   0  35  12  68  56  32  73   4  45   0   0   8  28  23  12   0  33
   4  13  92   0  89  32  95  78  26   0   0  56  70  86  46   0   0  95
  14  35   5  25  95   7  25   0  63  14  63  36  39   0   0  50   0
  42  67  16   0  96  40  14  14   0  34   0   0  42  53  33   0
  50  82  26   0  19  58   0   0   0  27   0   0   0   0  55
   0  56  44  44  18   0  51  45  93  83  44  65  62   7
  23   0  12   0   0  73  77  99   0  10   0   0  25
  86   0  37   3   4  21   0  47   0  40   0   0
   0  42  26  25  55  47   0   8   0   0   2
   0  18  90  29   0   9  40   0   0  64
   0  49   0  96   6  67  86   5   0
  90   0   0  51   0  43  72  37
  50  71  16   0  26   0   0
  59   0  78  57   0  21
  55  61   0  93  95
   0   0   3   0
  56   0   0
  31  53
   0

  55
   1   1   7   4   9   8   4  10   7   7   6   2   7   9   7   1   5   3   7   9   3  10   4   9   2   6   6   4   6   5

