  30 
   3   0   0   1   4   0   2   2   0   3   5   0   0   5   0   5   0   0   4   0   2   0   1   8   0   7   0   7   1  10
  16   2   0  12  47  12  58   0  94  85   0  92   0   0  68   0  62  90  29   0  73  46  79   0   0  87  50  14  23
  43   0   0   0  95  11  33   0  97   0   0  83   0   0   0  84   0  71  92  80  31  95  83   0   4  89   0  91
  45   0  73  67  20  73  41   0  35   0  36   0  86  23  97  27  26   0  25   0  33   0  10   0   0   0  23
  55   0   0   0  17  78   0  65  10  99  33   0   0  79  68   0  58  99  28  75  78  27   0   0   0   0
  21   0  47  76   4  48  49   0   0  17   0  68   0  28  95  48   3   0   0  22  53   0  84  84   0
   0  63  21   0   0   0  99  93  78  46  23  34   0  21   0   0  96  49  91  23   0  32   0  75
  52  36  25  96  93   0  10   0   0  90   0   0  15  75  76  42   0  57   0  36  20   0  94
  17   0  48   0  77  48  21   0   0  33   3  78  22  80   0  48  50   0   0   0  77   0
   0  53  37   0  15  82  82   0  44   0  66  91  74   0  30  58   0   0  84  99  95
   0  67   3   0  49  82  84  29  13  33   0  95   7  16  44  35   0  31  86   0
  87  44  43   0  56  34  74   0  94  95  39  20   0   0  87  81   0  74   0
   0  38  65  81  43  92  73  88  60  52   0   0   0  83  11  85  13  17
  21   0   0  35  20  17   0  93  69   0  22   0  78  19  91  84  81
   0   0  14   7  71  93   5  95   0   0  90  84  90  78  55   3
  11   0   0   0   0  56  23  87   0  58  23   0   8  47   0
   4  50  92   0  48   2   0  11  35   0   0  60   0  40
  64  65  40   0  76  38  71  97   0  57   4  89  83
  13  76  35   0  91  25  71   0  56  85   9  11
  66  18  60  84  23  32  19  70  86  69  80
   9  41   0   0  12  22  32  61  88   0
   0  41  32   1  22  59   0  37   0
   4  96  73   0   0  29  56  61
  62   0   0  22   0   0   0
   6   0  12  71  67  45
  70  85  13  42  68
  97  69   0   0
  74   0   0
   0   0
   0

  64
   3   3   2   9   2   1  10   5   4   2   2  10   2   1  10   2   3   9   7  10   7   3   3   5   5   1  10  10   8   1

