  30 
   1   0   0   5  10  10   1   6   2   5   0   5   1   7   4   4   5   6   3   8   0   6   1   8   0   0   4   7   0   3
  33  84  98  54  64   0  59  73   9  48  27  23   0   0  76  95  39   0  16   0  38  33   0  79  39  24  87  67  13
  51  29  37   0  55   0   5   6  79  55  77  15   0  76  16   0  54  82   0  45   0  48   0   8   0   3  60  40
  98   0  37   0  42  80   0  84  86   0   7   0   9  15  24   0   4  32  20  42   0  59  24  69   2   0  11
   7   0  17  13  16  41  70  41  97  10  90  64   0   0  20   0  52  93  70  41   0  30   1  13  91  26
  96   0   2   0   0  54   0   0  88  44   0  94   0   0  27  52  76  95  60   0   0   0  37  10  57
  80  66   0   0   7   0  41  41   0   0  78  79  30  37  95   0   0   7  17   0  45  54   0  23
   0   0  28  85   0   0   0  86   0  29   0   0   4   0  44  31   0   0  65   0  42  86  67
   0  18  93  59   4  25  48  52  12   0   6   8  39   0  94  25  86  36   0   0   0  30
  96   0   0   0  57  85  50   2   0  61   0  11  39  17   0   0  40  28   0  44  13
   0  37   0   0   0  94  73  57  11  57  77  21   4   0  58   0  12   5  40  97
  46   0  16  10  48   0   2   0   8  77  79  42   0  65   0  14  30  60  73
   8  66  89   0  53  32  11  25   0  64   0  76   9   0  94  15  98  21
   0   0   0  84   0   0   0   0  17  73   0  34  84  38  61  80  41
   0  13  36  36   0   0  32  18   0   0  52  43   3   0   0   0
  28  83   3  52   0  50  36   0   1  31   0  49  48   0  12
   0   0  30  91  96   8  72  92  88   0   0   0  10  77
   0   0   0  90  27  49   1  65   0  52  97   0  46
  67  97  71  45  38  96  20  10  91  79  52   0
  14  11  20   0  73  57  24  58  90  28  87
   0  26  22  36  28   0  33  93  50  38
   0  49   0   3  20  41  11  21  49
  76  21   0   0   0  14   0  10
  51   0   5   0   0  94  31
   1  79  12   0  64   0
  95  10  12  29  93
  44  99  21  58
  79  24   0
   0   0
  16

  42
   3   7   8   2   2   4   3   6   1   1   8   8   5   7   8   7   3   3   7   6  10   2   4   2   6   6   9   7   6   6

