  30 
   6   0   9   6   9  10   8   0   1   2   0   0   6   0   0   0   4   8   7   1   4   2   2   0   4   4   0   7   0   9
  39   4  53   0  56   0  28  93  48  32  87   0   0   0   0  41  87   0  17  69   0  21   0   0  83  81   0  98  31
  31  77  53   6  95  17  30   0  41  46  27  70  59  39  29  33   0   0  16   0   4   0  29  81   0  17  91  74
  57   1  46   7  83  78  38   0   9  23   7  10  18  30  70  60  49  13   0  30  44   0   4  87  60  95  88
   0  29   0  27  14   0   0  48   0   0  46  24   0  17   0  60  84  84  61   0   0   7  46  17   0  92
  60  73  54  53  87  28   0  60   0   0  29   0   0   0  87  31  62   0  69  99   0  26   0   0   0
   0  71  49  43  85  33  27  75  21   0   0   0  23   0  79   0   0  91  71   0  46  98  99  27
  54  82  31   0   9  24  30   0  61  52   0  55  13   0  59   4   0   0  21  95   0  53   4
   0   0   0  13  63   0  31  70   0  58  67  74  60   0  56   0   2  47  88  50   0   0
  38  38  80   0  69  80   3  12   0  76  11  75   0   0  98  50   0  68  96  33   0
  49   0   0   0   0   0   0  61  86   0   0   0  37  56  55  47   0  51   0  93
   0  33  40  87  91  75   0   0  44   0  49  45   5   0   0  52   0  28  66
   0  49   0  44  40   0   0   0  99   0   0  94   0   0   0  12   6  43
  70   0   0   0   0  83  32  29  72  73  38  82  40   0  49   0   0
  96  70  50  39   0   0   0  58  25   0   0  37  97  29  24  44
   0   0  98  27   0  36   0  49  79   0  61  74  25   0   0
   0  70   0   0  87  54  55   2   0  53  58   0  94  93
  35  38   5  25   9   0  35   0   0  96  89  58   0
   8  77  15  93  99  91   0  11   0  95  85   0
  45  40   0   0  37  98  93   0  52  93  53
  62  51  47  76  59   0   0   5   5  10
  93  23  73   0   0  30   0  12   0
   0   1   0   0  48   3  55  35
   0   0  48   0   0  34  46
   0   0  35   5  70   0
  10   0   0   2  82
   0  70   0   0
  21  63   0
  39  38
   0

  49
   8   6   8   8   8   1   3   1  10  10   9   8   4   5  10   9   7   9   3   2  10   3   1   8   3  10   7   5   6   6

