  40 
  15   8  44  34  29  43  24   5  29  25  10  32  34  36  41  20  49  20  33  31  38  31  47  25  50   9  49  34  30   3  21  36  45  40  47  34  25  20  49  49
   5  50  18  36  18  18  14   9  31  37  37  50   3  38  27  15   5  30  23   8  18  33  23  27  39  46  33   4  37  26  13   6  18  15  25   1  40  19  28
  46  27  11   3  29  10  44  31  15  48  25  31  26  10  23  48  24  31  21  24  15   5  32  14  35  21  29  46  41  23  13  16  30  46  45  24  35  11
  32  30  28  19  45  16  36  38  22  19  30  37  16  24  14  42  47  50  15  34  19  45  44   4  11  45   3   8  27  33  41  42  45  41  18  39  33
  13  24  18  50  16  25  28  33   4  35  10  46   6  19  28  27  29  15  49  30  22  47   4  38  40  18  48  39  17  50  22  32  45  22  47  39
  31  21  29  43  41  31  43  49  27  28  25  29  37  24  39  49   4  28   5  20  12  17  48  10   1  48  11  13   6  25  12  36  47  22  37
   1  45  10  28  24  50  13  11  24  29   1   2  16  45  10   8  24  18  15  17   6  42   5   3  41  38  33  30  32  15   3  21  21  42
  33  21  26  32  47  19   8  49  47  11  36  42  45   9  31  10  19  24   3  47  19  39  13  42  37  46   6   1  22  24  17  32   5
   9  47  32  31  20  11   8  17  41  32   9  30   6   3   1  35  10  27  40   6  11  27  43  42  42  21  13  26  24  42   5  48
  27   9  18  48  30  14  20  18  23  18  34  45  11  33   1  31  12  37   1  32  48   2   5  42   5  47  14  46  29  35  30
  26   8  49  49   7  27  14   6   4  28  23  29  23  41  30  34   6  14   7  46   7   3  40  38  45  46  25  41  20   2
  19  43   9  27   4  25  13   5  41  45  41  22  44  20  24  49  20   7  32  46  11  49  48  31  38  41  42  31  39
  17  44  50  47   5  20  38  34  24  22  36  22  29  34  21   4  20   2  11   1  50  20   3   2   4  22  13  14
  43  48  28  22   7  40  11  29  42  35  35  33  19  14   7  11  38  24  23  47  27  14  28  43  23   9  13
  31  47  46  19  25  45  42   1  11  29   1  37  43  35   6   1  23  25   4  10  47  49  47  34  37  17
  30  14  29  41  42  20  21   4  48  10  39  13  16  36   5  12  49   8  14  14  19  33  49  11  50
  28  22  10  22  15  37  35   6  18   9  33  29  45  22  12  34  13  10  46  22  28  28  14  42
  49  23  41  31  38  14  46   2  21  12   3  35  39   3   7  49  16  30   1  35  24  27   1
  47  36  27  37  26  14  24  31  10   3  10  48  47  20  29   2  31  43  15  37   5  12
  44  42  20  40  18  24  46  47  25  31  31  14  33   3  35  31  46  45  46  39  33
  39  48  24  22  20  28  41  50  49  24   3   7  48   9  37   1  36  33  11  12
  25  21  28  25  23   6   5   9  37  45  27  42  15  35  38   3  16  40   1
  47  50  31  19   5  19  20  23   1   3  35  14  44   9  42  39  14   6
  10  39  24  15   4  20  15  49  29  46   5  47  29  41  46  39  25
   6  49  11  33   5  32  31   4  10  19  33  24  12  36  22  38
  37  41  47  32  26  19   8  24  43  29   2  43  30  43  49
  20   5  49  16   6   1   4  14  32  28  25  17   6  14
  15  31  27  31  50  41  33  18  19  44  12  33  20
  32  29  13  14  21  50   2  21  37  34  50  35
  17  26  40  43  22   6  50  13  47   9  37
   6  29  32   6   7  38  18  16   2  13
   9  22  38  25  29  47  36   3  32
   4  38  40   7  35  31  46  13
  37  46   3  21  37  35  28
  35  26  14  18  19  23
   8   1   4   1   1
  15  42  13  18
  37  26  18
  48  32
  46

 442
  16  20  23  12   5   6  22  14   8   8   4  10  12  23  17   2   9   4  20   5  22   2  25  14  12  10  15  17  11  16  12   6  10   1  16   3  23  12   3   1
