  40 
   0   0   0   0   0   0   0   0   0   0   0   6   0   0   0   0   0   0   0   0   0   0  19   0   0   0   0   0   0   0   0   0   0   0   0   0   0   0   0   0
   0   0   0   0   0   0   0   0   0  25   0   0   0   0   0   0   0   0   0   0   0   0   0   0   0   0   0   0   0   0   0  28   0   0   0   0  39   0   0
   0   0   0   0   0   0   0   0   0   0   0   0   0   0   0   0   0   0   0   0   0   0   0   0   0   0   0   0   0  36   0   0   0   0   0   0   0   0
   0   0   0   0   0   0   0   0   0   4   0   0   0   0  16   0   0   0   0   0   0   0   0   0   0  33   0   0   0   0   0   0   0   0   0   0   0
   0   0   0   0   0   0   0   0   0   0   0   0   0   0   0  43   0   0   0   0   0   0   0   0   0   0   0   0   0   0   0   0   0   0   0   0
   0   0   0   0  12   0   0   0   0   0   0   0   0   0   0   0   0   0   0  22   0   0   0   0   0   0   0   0   0   0   0  23   0   0   0
   0   0   0   0   0   0   0   0   0   0   0   0   0   0   0   0   0   0   0  47   0   0   0   0   0   8  33  20   0   0   0   0  48   0
   0   0   0   0   0   0   0   0   0   0   0   0   0   0   0   0   0  41   0   0   0   0   0   0   0   0   0   0   0   0  44   0  31
  29   0  31  27   0   0   0   0   0   0   0   0  37  18   0   0   0   0   0   0   0   0   0   0   0   0   0   0   0   0  17   0
   0   0   0   0   0   0   0   0  10   0   0   0   0   0   0   0  34   0   0   0   3   0   0   0   0   0   0   0   0   0   0
   0   0  28   0   0   7   0   0   0   0  10   0   0   0   0   0   0   0   0   0   0   0   0   0   0   0   0   0  47   0
   0   0   0   0   0   0   0  11   0  16   0   0   0   0   0   0   0   0   0   0   0   0   0   5   0   0   0   0   0
   0   0   0   0   0   0   0   0   0   0   0   0   7   0   0   0   0   0   0   0   0  32   0   0   0   0   0   0
   0   0   0   0   0  41   0   0   0   0   0   0   0   0   0   0   0   0   0   0   0  20   0   0   0  40   0
   0   0   0   0  14   0   0   0   0   0  12   0   0   0   0   4   0   0   0   0   0   0   0   0   0   0
   0   0  31   0   0   0   0   0   0   0   0   0   0  50   0   0   0   0   0  13   0   0   0   0   0
  47   0   0   0   0   0   0   0  19   0   0   0   0   0   0  17   0  43  19   0   0   0   0   0
   0   0   0   0   5   0   0  10   0   0   0   0   0   0   0   0   0   0   0   0   0  33   0
   0   0   0   0   0   0   0   0   0   0   0   0   0  49   0  40   0   0   0   0   0   0
   0   0   0   0   0  24   0   0   0  35   0   0   0   0   0   0   0   0   0   0   0
   0   0   0   0   0   0   0   0  27   0   0   0   0   0   0   0  14   0   0   0
   0   0   0   0   0   0   0  50   0   0  41   0   0   0   0   0   0   0  12
  26   0   0   0   0  23   0   0   0   0   0   0   0   0   0   0   0   9
   0   0   0  10   0   0   0   0   0   0   0  43   0   4   0   0   0
   0   0   0   0   0   0   0   0  11   0   0   0   0   0   0   0
   0   0   0   0   0   0   0   0   0   0   0   0   0   0   0
   0  43   0   0   0   0   0   9   4   0   0   0   0   0
   0   0   0   0   0   0   0   0   0  45   0   0   0
   0   0   0   6   0   0   0   0   0   0  32  24
   0   0   0   0   0   0  12   0   0   0   0
   0   0   0   0   0   0   0   0   0   0
  16   0   0   0   0   0   0   0   0
   0   2   0   0   0   0   0   0
  43   0   0   0  45   0   0
  12   0   0   0   0   0
   0   0   0   0   0
  13  45   0   0
   0   0   0
   0   0
   0

 517
  14   9  11  21   5  20  17  16  25   6  18   1  24  21  21  19  18   7   3  20  18   7   1  15   5   7  25  23  18   5  10   6  25  17   9   9  23  21  23  17

