  40 
  15  50   7  16   5  50  20  14  46  41  14  25  48  26   8   4  34  17  32   7  40  50   7  45  34  49  43   9  10  24  42  27   7  26  19  16   9  20  37  12
  11   9  30  32  48  42   7   5  50  35  35  50  17  37  44  31  21  16  26   7  50  36  44  31  29  46  34  14  40  46  11  29  28   1  37  29   9  15  17
  50  45   3  27  20   8  21  29   5  16  30  19  17  38  24   1  15  30  14  14  42  16  33  23  16  39  42  38  10  47  50  19  31  31  50  32  18  36
  33  44  16  37  47   1   8  17  11   3  24  45  11   2  12  36  12  15  49  31  27  13   2  40  17  33  40  35  16  47  35  48  20  18  15  35  48
  19  35  19   2  50  45  23  50  44  31  34   2  26  29  40  32  50   2   4  19  47  13  26  14   2  20  21  11  12  12   5  15  48  18   8  38
   5   9   5  10  12  14  16  27   5  20  14  20   2  48   8  42  29  40  45  10  19  42  15   2  43  17   5  20  16  44  45  22  33  48   9
  18  28  32  13  40  28   2  33  22  27   4  11  25  12  47  33  50  33  30   7   2  33  47  41  14   2  28  47   8  26   6  35  43  40
  47  20  44   8  48   9  50  45  10   2  27  42  29  19  39  33   8  37  27  25  15  31  30   7  42  36  10  18  50  46  35  26  46
  26   6  27  50  21  47  46  11  42  16  21   9  15  15  10  50  42  14  33  26  16  33  27  35  33  27   2  17  38  37  28  12
  19  18  25  47   8  23   8  39  50  11  34   2  28  21  17  27   1  45  23  18  28  12  18  23   1  41  36   3  14  16   2
  15  19  20  46  46  28  13  17  42  26  12  42  46   1   2  45  45  36  39  11   4  28   7  49  10   1   9  16  39   2
  30  15  30  33  33  10  50   8   9  39  34  37  13  12  32  27  47  46  10  42  39  42  14  48  33  28  26  32  38
  10  48  14  15  11  23  47   5  14  15  10  47  13   4  50  18  14  35  30  25  45   2  41  22  15   1  48  44
  38   3  26  37  18  43  22  39  40  45  15   4  31  10   1  35  48  13  12  16  10  31  47  21  13  46  44
  26  28  48  26  35  26  39  36  28  28  26  17  21   3  45  15  28  43  27  28  35  30  22  45  37  24
   4  13  47  45  29   3  49   2  45   7  39  33  43  21   3  50  42  25  43  45  31   8  34  14  25
  34  24  47  24  50  43  28   6  20  45  27  45  28  15  49  11  14  36  37  27  26  45   9  23
  39  34  47   2  10  45  30   4  13  38   1  13  29  27  20  30  45  10  11  10  26  41   8
  43  49   2  30  34  47   5  10  10  43  43  19   4  38  11  16  47  29  10  29  48   2
  46  45  16  30   6  20  14  16  48  12  27  41  10  50  24  37  48  42   8  17  48
  24   8  10  10  47  50   3  16  19  12  28  41  26  19  13  34  12  25  18  12
  22  36  41  43  38   3  40  50  35  26  15  19  35  18  41   8  50  48  42
  11  18  45  23  37  48  30  46  44  12  29  25  49  31  25   1  47  37
  33  42   7  38  10  40  25  17  44  27  25  41   6  26   5  16   4
  41   4  11   1  32  31  14  23  28  34  40   4  27  42  28   7
  44  11  26  36  23  20  34  18  33  14   3  25   7  46  42
  37  37  33  38  30  47  50  36  29   4   5  34  32  29
   7   6  10  35   3   7   3  10   2  48  47  24  35
   8  49  33   3   1  34  25  13  23  36  29  18
  14  15  12  38   7  42  38  11   8  30   9
  48   7  38  48   7   3  39  38  44  25
  34  21   7  46  35   6  30  20  45
   6   8  20  11  15  31  49  35
  45  27  12  41   4  47  40
   2  13  46  36  17  28
  37  10  48   4   5
   9  26   7  20
  39  31  32
  17  18
   8

 297
  11   3  11  23  19  20  18  10   2   9   1   2  10   6  11   8  19   5  11  23  21  17   1  21  10  15  13   4  21  14  14  23   2  23   7   2   4   9  22  19
