  40 
   0   0   0   0   0   0   0   0   0   0   0   0   0  34   0   0   0   0   0   0   0   0   0   0   0   0   0   0   0   0   0   0   0   0   0   0  36   0   0   0
   0   0   0   0   0   0   0   0   0   0   0   0   0   0   0   0   0   0   0   0   0   0   0   0   0   0   0   0   0   0   0   0   0   0   0   0   0   0   0
   0   0   0   0   9   0   0   0   0   0   0   0   0  31   0   0   0  18   0   0   0   0   0   0   0   0   0   0   0  24   0   0   0   0   0   0   0   0
  19   0   0   0   0   1   8   5   0   0   0   0   0   0   0   0   0   0   0   0   0   0   0   0   0   0   0   0   0   0   0   0  17   0   0   0   0
   0   0   0   0   0   0   0   9   0   0   0   0   0   0  39   0   0   0   0   0   0   0   0   0   0   0   0   0   0   0   0  13  20   0   0   0
   0   0   0   0   0   0  25   0   0   0  29   0   0   0   0   0   0   0  45   0   0   0   0   0   0   0   0   0   0   0   0   0   0   0   0
   0   0   0   0   0   0   0   0   0   0   0   0   0  25   0   0   0  18   0   0   0   0   0   0   0   0   0   0   0   0   0   0   0   0
   0   0   0   0  20   0  30   0   0   0   0   0   0   0   0   0   0  50   0   0  14   0   0   0   0   0  33   0   0   0   0   0  35
   0   0   0  10   0   0   0   0   0   0   0   0   0  13   0  24   0   0   0   0   0   0   0   0   0   0   0   0   0   0   0   0
  29   0   0   0   0   0   0   0   0   0   0   0   0   0   0   0   0   0   0   0   0   0   0   0   6   0   0   0   0   0   0
   0   0   0   0   0   0   0   0   0   0   0   0   0   0   0   0   0   0   0   0   0   0   0   0   0   0   0   0   0   0
   0   0   0   0   0   0   0   0   0   0   0   0   0   0   0   0   0   0   0   0   0   0   0   0   0   0   0   0   2
   0   0   0   0   0   0   8  20  11   0   0   0   0   0   0   7   0   0   0   0   0   0   0   0   0   0   0   0
  44   0   0   0   0   0   0  18   2   3   0   0   0   0   7   0   0   0   0   0   0   0   0   0   0   0   0
   0   0   0   0   0   0   0   0   0  47   0  14   0   0   0   0   0   0   0   0   0   0   0   0   0   0
   0   0   0   0   0   0   0   0   0   0   0   0   0   0   0   0   0   0   0   0   0   0   0   0   0
   0   0  35   0   0   0   0  22   0   0   0  38   0   0   0   0   6   0   0   0  11   0   0   0
   0   0   0   0   0   0   0   0   0   0   0   0   0  27   0   0   0   0  28   0   0   0  25
   0   0   0   0   0   0   0   0   0   0  30   0   0   0   0   0   0   0   0   0   0  38
   0   0  25   0  20  45   0   0   0   0   0   0   0   0   0   0   0   0   0   0   0
   0   0   0   0   0   0   0   0   0   0   0   0   0   0   0   0   0   0   0   0
   0  28   0   0   0   0   0   0   0   0   0  19   0   0   0   0   0   0   0
   0   0   0   0   0   0  22   0  39   0  20   0   0   0   0   0   0   0
  14   0   0   0   0  24   0   0   0  29   0   0   0   0   0   0   0
   0   0   0   0   0   0   0   0   0   0   0   0   0   0   0   0
   0   0   7   0   0   0   0   0   0   0   0   0   0  10   0
   0   0   0   0  50   0   0   0   0   0   0   0   0   0
  37   0   0   0   0   0   0   0   0  28  10   0  43
   0   0   0   0   0   0   0   0   0   0   0   0
  10   0   0   0   5   0   0   0  50   0   0
   0   0   0   0   0   0   0   0  27   6
   0   0   0   0   0   0   0   0   0
   0   0   0   0   0   0   0   0
   0   0   0   0   0   0   0
   0  41   0   0   0   0
   0   0   0  43   0
   0   2   0   0
  45   0   0
   0   0
  31

 451
  19   3   3  16  13  25  12  11   1  18   3  15   6   2  25  17   4  17  15   3   1  17  22   2  19  23  24  13  14  11   9   3  21  11   4  21  19  16   6  15

