  40 
   0   0   0   0   0   9   0   1   8   5   0   0   0   0  29   0   0   0   0   0   0   0   0   0   0   0   7   0   0   0   0  20   0   0   0   0   0   0   0   0
   0   0   0   0   0   0   0   0   0   0   0   0   0   0   0   0   0   0   0  11   2   7  47   0   0   0   4   0   0   0   0   0   0   0   0   0   0  27   0
   0   0   0   0   0   0   0   0   0  25   0   5   0   0   0   0   0   0  18   0   0   0   0   0   0   0   0   0   0   0   0   0   0   0   0   0   0   0
  19   0  29   0  39   0   0   0   0   0   0   0   0   0   0   0  20   0   0   0  22   0   0   0   0  30   0  39   0   0   0   0   0   0   0   0   0
  37  50   0   0   0   0   0  20   0   0   0  14   0   0   8   0   0  39   0   0   0   0   0   0   0   0   0  24   0  42   0   0   0   0   0   0
   0   0   0   0  29   0  10   0  36   0   0   0   0   0   0   0   0   0   7  45   0   0   0   0   0   0   0   0   5   0   0   0   0   0   0
   0   0   0   0   0   0   0   0   0   0  27   0   0   0   0  25   0   0   0   0  30   0   0   0   0   0   0   0   0   0   0   0  43   0
   0   0   0   0  17   0   0  38   0   0   0   0   0   0   0   0   0   0   0   0   0  22   0  50   0   0   0   0   0   0   5   0   0
   0   0   0   0   0  44   0   0   0   0  35   0   0   0  28   0   0   0   0   0  24   0   0   0   0   0   0   0   0   8   0   0
   0   0   0   0  34   0   0   0   0   0   3   0   0   0   0   0   0   0   0   0   0   0   0   0   0   0  41  47   0   0   0
   0   0   0   0   0   0   0   0  34   0   0   0   0  14   0   0   0   0   0   0  29   0   0   0   0   0  36   0   0  31
   0   0   0   0   0   0   0   0  45   0   0   0   0   0   0   0   7   0  33   9   0   0   0   4   0   0   0   0   0
   0   0  31   0   0   0   0   0   0   0   0   0   0   0   0   0   0  10   0   0   0   0   0   0   0   0   0   0
   0   0   0   0   0  18   0   0   0   0   0   0   0   0  37   0   0  24   0   0   0   0   0  47   0   0   0
   0   0   0   0   0   0   0   0   0   0   0   0   0   0   0  13   0   0   0   0  17   0   0   0   0   0
   0   0  39   0   0   0   0   0   3   0   0   0   0   0   0   0  42   0   0  13   0   0   0   0   0
   0   0   0   0   0   0  45   0   0   0   0  31  18   0   0   0   0   0   0  20   0   0   0   0
   0  25   0  22   0  18   0   0   0   0   0   0  13   0   0   0   0   0   0   0   0   0   0
   0   0  13   0   0  50   0   0   0   0   0   0   0   0   0   0   0   0   0   0  35   0
   0   0   0  24   0   0   0   0   0   0   0   0   0  33   0   0   0   0   0   0   0
   0   0   0   0   0   0   1   0   0   0   0   0   0   0   0  30   0   0   0   0
   0   0   0   0   0   0   0   0   0   0   0   6   0   0   0   0   0   0  25
   0   0   0   0   0   0   0   0   0   0   0   0   0   0   0   0   2   0
   0   0   0   0   0   0   0   0   0   0   0   0   0   0   0   0   0
   0   0   0   0   0   0   0   0   0   0   0   0   0   0   0   0
   0   0   0   0   0   0   0   0   0   0   0  13   0   0   0
   7   0   0   0   0   6   0   0   0   4   0   0   0  41
   0   0   0   0   0   0   0   0   0   0   0   0   0
   0   0   0   0   0   0  28   0   0   0  25  30
  27   0   0   0   0   0   0   0   0  38   0
   0   0  43   0   0   0   0  32   0   0
  19   0   0   0   0   0   0  29   0
   0   0   0   0   0   0   0   0
   0   0  24   0   0   0   0
   0   0   0   0   0   0
   0   0  10   0   0
  10   0   0   0
   0  43   0
   0   0
   0

 283
  19   3   3  16   8  17  25  19   8  14   6  12   2  13   2  23   6  24   3  16  19   6  19  25   3  14   2  13  16  25  19   2  10   4  21   6   4  24  10  13

