  40 
   0  22   0   0   0   0   0   0   0   0   0   0   0   0   0   0   0   0   0   0   0   0   0   0  39   0   0   0   0  20   0   0   0   0   0   0   0   0   0  24
   0   0   0   0   0   0   0   0   0   0   0   0  28   0   0   0   0   0  40   0   0   0   0  36  18   0   0   0   0   6   0   0   0   0   0   0   0   0   0
   0   9   0   0   0   0   0   0   0   0   0   0   0   0   0   0   0  33   0   0   0   0   0   0   0   0   0   0   0   0   0   0   0   0   0   0   0   0
   0   0   0   0   0   0   0   0   0  43   0  43   0   0   0   0   0   0   0   0   0   0   0   0   0   0   0  46   0   0   0   0   0   0   0   0   0
   0   0   0   0   0   0   8   0   0   0   0   0   0   0   0   0   0   0   0   0   0   0   0   0   0   0   0   0   0  20   0   0   0   7   0   0
   0   0   1   0   0   0   0   0   0   0   0   0   0   0   0   0   0   0  50   0   0   0   0   0  11   0   0  41   0   0   0  13   0  16   0
   0   0  46   0  14   0   0   0   0   0   0   5   0   0  26   0   0   0   0   0  43   0   0  16   0   0   0  34   0  35   0   0   0   0
   0   0   0   0   0   0   0   0   0   0   0   0   0   0   0   0   0   6   0  47   0   0   0   0   0   0   0   0   0   0  42   0   0
   0   0   0   0   0   0   0   0   0   0   0  39  14  11   0   0   0   0   0   0   0   0   0   0   0   3   0   0   0   0   0   0
  21   0   0  38   0   0   0   0   0   0   0   0   0   0  44   0   0   0   0   0   0   0   0   0   0   0   0  13   0   0   0
   0   9   0   0   0   0   0   0   0   0   0   0   0   0   0   0   0   0   0   0   0   0   0   0   0   0  37   0   0   0
   0   2   0   0   0  25   0   0   0   0   0  33   0   0   0   0   0   0  40   0   0  36   0   0   0   0   0   0   0
   0  29   0  21   0  40   0  15   0   0   0   0  44   0   0   0  24   0   0   0   0   0   0   0   0   0   0   0
   0   0   0   0   0   0   0   0   0   0   0   0   0   0   0   0   0   0   0   0   0   0   0   0   0  35   0
   0   0   0   0   0  45   0   0   0   0   8   0   0   0   0   0   0   0   0   0   0   0  37   0   0   0
   0   0  37   0   0   0   0   0   4  21   0   0   0  38   0   0   0   0   0   0   0   0   0   0   0
   0   0   0   0   0   0   0   0   0   0   0   0   0   0   0   0   0  33   0   0   0   0  19   0
  32   0   0   0   0   0   0  18   0   0   0   0   0   0   0   0   0   0   0   0   0   0   0
   0   0   0  34   0   0   0   0  33   0   0   0   0   0   0   0   0   0   0   0   0   0
   0   0  23   0   0   0   0   0   0   0   0   0   0   0   0   0   0   0  11   0   0
   0   0   0   0  18   0   7   0   0   0   0   5   0   0   0   0   0   0   0   0
   0   0   0   0  19   0   0   0   0   0   0   0   0   0   0  41   0   0   0
   0   0   0   0   0   0   0   0   0   0   0   0   0  36  31   0   0   0
   0   0   0   0   0   0   0   0   0   0   0   0   0   0   0   0   0
   0   0   0   0   0   0   0   0   0   0  30   0   0   0   0   0
   0  43  48   0  29   0  26  43   0   0   0  22   0   0  33
   0   0   0   0   0   0   0   0   0   0   0   0   0   0
   0   0   0   0  29   0   0   0   0   0   0   0   0
   0   0  43   0   0   0   0   0   0   0   0   0
   0   0   0   0   0   0   0  19   0   0   0
   0   0   0   0   0   0   0   0   0   0
   0   0   0  18   0   0   0   0   0
   0   0   0  34   0   0   0   0
   0   0   0   0   0   0   8
   0   0   0   0   0   0
   0   0  30   0   0
   0   0   0   0
   0   0   0
   0   0
   3

 441
  17   3   3  21   4   2   7  13  11   7  17  25  15  13   3  24  16  22  16  20  20   1  24   7  11   5   8  15   5  15   4   3  23  14   4   6  24  18  15  23

