  40 
   0   0   0   0   0   0  36   0   0   0   0   0  16   0   0   0   0   0   0   0   0   0   0   0   0   0   0   0   0   0   0   0   0   0   0   0  42   0  50   0
   0   0   0   0   0   0   0   0   0   0   0   0   0   0   0   0   0  50   0  22   0   0   0   0   0  38   0   0   0   0  14   0   0   0   0   0   0   0   0
   0   0  15   0   0   0   0   0  21   0   0   9   0   0   0   0   0   0   0  41   0   0   0   0   0   0   0   0   0   0   0   0   0   0   0   0   0   0
   0   0   0   0   0   0   0   0   0   0   0   0   0   0   0   0   0   3   0   0   0   0   0   0   0   0   0   0   0   0   0   0   0   0   0   0   0
   0   0   0   0   0   0   0  41   0   0   0   0   0   0   0   0   0   0   0   0   0   0   0   0   0   0   0   0   0   0   0   0   0   0   0   0
   0   0   0   0   0   0   0   0   0   0   0   9   0   0   0   0   0   0   0   0   0  34   0   0   0   0   0   0   0   0  47   0   0   0   0
   0   0   0   0   0   0   0   0   0   0   0   0   0   0   0   0   0   0  25   0   0   0   3   0   0   0   0   0   0  26   0   0  39   0
   0  18   0   0   0   0   0   0   0   1   0   0   0   0   0   0   0   0   0   0   0   0   0   0   0   0   0   0   0   0   0   0   7
   0   0   0   0   0   0   0   0   0   0   0   0   0   0   0   0   0   0   0   0   0   0   0   0   0   0   0   0   0   0   0   0
   0   0   0   0   0   0   0   0   0  42   0   0   0   0   8   0   0   0   0   0   0   0   0   0   0   0   0   0   0   0  46
   0   0   0   0   0   0   0   0  39   0   0   0   0   0   0  38   0   0   0  40   0   0   0   0   0   0   0   0   0   0
   0   0   0   0   0   0   0   0   0   0  20   0   0   0   0   0   0   0   0   0   0   0   0   0   0   0   0   0   0
   0  36   0   0   4   0   0   0   0   0   0   0   0   0   0   0   0   0   0   0   0   0   0   0   0   0   0   7
   0   0   0   0   0   0   0   0   0   0   0   0   0   0   0   0   0   0   0   0   0   0   0   0   0   0   0
   0   0   0   0   0   0   0   0  34   0   0  13   0   0  39   0   0  49  27   0   0   0   0   0   0   0
   0   0   0  45   0   0   0   0   0   0   0   3   0   0  47   0   0   0   0   0   0   0   0   0   0
   0   0   0   0   0   0   0   0   0  49   0   0   0   0   0   0   0   0   0   0   0   0   0   0
   0   0   0   0   0   0   0   0   0   0   0   0   0   0   0   0   0   0   0   0  15   0  10
   0   0   0   0   0   0   0   0   0   0   0   0  17   0   5   0   0   0   0   0   0   0
   0   0  10   0   0   0   0   0   0   0   0   0   0   0   0  26   0   0   0  31  33
   0   0   0   0   0   0   0   0   0   0  26   0   0   0   0   0   0   0   0   0
   0   0   0  47   0   0   0   0   0   0   0   7   3   0   0   0   0  38  12
  37   0   0   0   0   0   0   0   0   4   0   0   0   0   0   0   0   0
  18   0   0   0   0   0   0   0   0   0   4   0   0   0   2   0   0
   0   0   0   0  13   0   0  24   0   0   0   0   0   0   0   0
   0   0   0   0   0   0   0   0   0   0   0   0   0   0   8
   0   0   7   0   0   0   0   0   0   0   0   0   0   7
   0   0   0   0   0   0   0   0  35   0   0   0   0
   0   0   0   0   0   0   0   0   5   0   0   0
   0   0   0   0   0   0   0   0   0   0   0
   0   0   0   0   0   0   0   0   0   0
   0   0   0   0   0   0   0   0   0
   0   0   0   0   0  22   0   0
   0   0   0   0   0  47   0
   0   0   0   0   0   0
   0   0   0   0   0
   0   0   0   0
  30   0   0
   0   6
   0

 340
  25  23  23   4   8   7   4  10  19   3  11  15  14  10  21  14  24   2   5  17   4  10   2   5   4   6  24  22  21  11  11  17  13  23  13   1   1  25  11  19

