  40 
   0   0   0   0   0   0  26   0   0   0   0   0   0   0  41   0   0  21  40   0   0   0   0   0   0  27  20   0   0   0  42   0   0   0   0   0   0  43   0   0
   0   0   0   0   0   0   0  22   0   0  13   0  34   0  23  49   0   0   0   0   0   0   0   0   3   0   0   0   0   0   0   0   0   0   0   0   0   0   0
   0   0   0   0   0   0   0   0   3   0   0   0   0   0  28   0   0   0   0   0   0   0   0   0   0   0   0   0   0   0   0   0   2   0   0   0   0   0
   0   0   0  25   0   0   0   0   0   0   0   0   0   0   0   0   0   0   0   0   0   0   0   0   0   0   0   0   0   0   0  48  36   0  28   0  18
   0  15   0   0   0   0   0   0   0   0   0   0   0   0   0   0  11   0   0   0   0   0   0   0   0   0   0   0  23   0   0   0   0   0   0   0
   0   0   0   0   0   0   0   0   0   0   0   0   0   0   0   0   0   0   0   0   0   0   0   0   0   0   0   0   0   0   0   0   0   0   0
   0   0   0   0   0   0   0   0   0   0   0   0   0   0   0   0   0   0   0  17   0   0   0   0   0  19   0   0   0   0   0   0   0   0
   0   0   0  28   0   0   0   0   0   0   0  12   0  26   0   0   0  11   0   0   0   0   0   0   0   0   0   0   0   0   0   0   0
   0   0   0   0   0   0   0   0   0  17   0  47   0   0  27   0   0  32   0   0   0  22   0   0   0   0   0   0   0   0   0   0
  14   0   0   0   0   0   0   0   0   0   0   0   0   0   0  32   0   0   0   0   0  44   0   0   0  17   0   0   0   0   0
   0  18   0   0   0   0   0   0   0   0   0   0   0   0   0   0   0   0   0   0   0   0   0   0  31  43   0   0   0   0
   0   0   0   0  34  34   0   0   0   0   0  13   0   1   0   0  22   0   0   0   0   0   0   0   0   0   0   0   0
   0   0   0   0   0   0   0   0   0   0   0   0   0   0   0   0   0   0   0  49   0   0   0   0   0   0   0   0
   0   0  10   0   0  35   0   0   0   0   0   0   0   0   0   0   3   0   0   0   0   0   0   0   0   0   0
   0   0  17   0   0   0   0   0   0  33   0   0   0   0   0   0   0   0   0   0   0   0   0   0   0   0
   0   0   0   0   0   0   0   0   0   0   0   0  13   0   0   0   0   0   0   0   0   0   0   0  21
   0   0   0  39   0   0   0   0   0   0   0  33   0   0   0   0   0   0   0   0  49   0   0   0
   0   0   0   0   0   0   0   0   0   0   0   0   0   0   0   0   0   0   0   0   0   0   0
   0   1   0   6  31   0   0   0   0   0   0   0   0  24   0   0   0   0   0   0   0   0
   0   0   0   0   0   0   0   0   0  22   0   0   0   0   0   0   0   0   0   0   0
  49   0   0   0   0   0   0   0   0  30   0   0   0   0   0   0   0   0   0   0
   0   0   0   0   0   0   0   0   0   0   0   0   0   0  41   0   0   0  47
   5   0   0   0   0   0   0   0   0   0   0   0  43   0   0   0   0   0
   0   0   0   0   0   0   0   0   0   0   0   0   0   0  19   0   0
   0   0   0   0   0   0   0   0   0   0   0   0   0   0   0   0
   0  36   0  26  47   0   0   0   0   0   0   0   0   0   7
   0   0   0   0   0   0   0   0   0   0   0   0   0   0
   0   0   0  24   0   0   0   0   0   0   0   0   0
   0   0   0   0   0   0   0   0   0   0   0   0
   0   0   0   0   0   0   0   0   0   0   0
   0   0   0   0  18   0   0   0   0   0
   0   0   0  25   0   0   0   0   0
   0   0   0   0  15   0   9   0
   0   0   0   0   0   0   0
   0   0   0   0   0   0
   0   0   0   0   0
   0   0   0   0
   0   0  45
   0   0
  36

 110
  16  15  17   9  16  13  15   5  20  20  16  20  18  15  10  14  17   4   1   3  16   8  14   9   7   1  25   4   9  16   5   1  17  16  15   1   9  16   8  20

