  40 
  47   0   0   0   0   0   0  31   0  14   0   0  44   0   0   0   0   0   0   0   0   0   0   0   0  34   2   0   0   0   0  34   0   0  24   0   0   0   0   0
   0   0  16   0   7   4   0   0   0   0  34   0   0   0   0   0   0   0   0   0   0   0   0   0   0   0   0   0   0   0   0   0   0   0   0   0   0   0   0
   0   0   0   0   0   0   0   0   0   0   0   0   0   0   0   0   0   0   0   0   0   0   0  27   0   0   0   0   0   0   0  23   0   0   0   0   0   0
   0   0   0   0   0  47   0   0   0   0   0   0   0   0   0   0   0   0   0   6   0   0   0   0   9   0   0  34   0   0   0   0   0   0   0   0   0
  35   0   0   0   0   0   0   0   0   0   0   0   0   0   0   0  37   0   0   0   0   0   0   0   0   0   0   0   0   0   0   0   0   0   0  24
   0   0  35   0   0   0   0   0  47   0  27   0   0  18   0   0   0   0   0   0   0   0   0  19   0   0   0   0   0   0   0  34   0   0   0
   0  11   0   0  33   0   0   0   0   0   0   0   0   0   0   0   0   0   0   0  26  19   0   0   0   0   0   0   0   0   0   0   0   0
   0   0   0   0   0   0   0   0   0   0   0   0   0   0   0   0  16   0   0   0  26   0   0   0   0  37   0   0   0  48   0   0  43
   0   0   0  21   0   0   0   0   0  49   0   0  39   0   0   0  41   0   0   0   0   0   0   0   0   0  47   0   0   0   0  25
   0   0   0   0   0   0   0   0   3   0   0   0   0   0   0   3   0   0   0   0   0   0  13   0   0   0   0  24   0  33   0
  31   0  14   0   0   0   0   0  44   0   0   0   0   0   0   0  49   0  21   0   0   0   0   0  42   0  27   0   0   0
   0   5   0   0   0   0  41   0  32  43   8   0   0   0   0   0   0   0   0  13   0   0  37  39   0   0   0   0   0
   5   0   0  11   0   0   0   0  48   0   0   0  26   1   0   0   0  11   4  20  16   0   0   0   0   0   0   0
   0  47   0   0   0   0   0   0   0   0   0   0   0   0   0   0   0  12   0   0   0   0   0   0   0  22   0
   0   0  17   0   0  49   0   0   0   0   0   0   0   0   0   0   0   0   0   0  36   0   0   0   0  47
  45   0   0   0   0   0  25   0   0   1   0  17   0  28   0   0   0   0   0   0   2   0   0   0   0
   0  39   0   0   0  45   0   0   0   0   1   0   0   0   0   0   0   0   0   0   0   0   0   0
   0   0   0   0   0   0   0  30   0   0   0   0   0   0   0  29   0   0   0  19  44  50   0
   0   0   0   0   0   0   0   0   0   0   0   0   0   6   0   0   0  47   0   0   0   0
   0   0   0   0   0   0   0   0   0  24   0   0   9   0   0   0   0   0   0   0   0
   4  31   0   0   0   0   0   0   0   0   0   0   0   0   0   0   0   0   0   0
   0   0   0   0   0   0   0   0   0   0   0   0   0   0  25  30   0   0  32
   0   0   0   0   0   0   0  42   0   0  50   0   0   6   0  49   0   0
   0   0   0   0   0   0   0   0   0   0   0   0   0   0   0   0   0
  34   0   0   0   0   0  45   0   0   0   0  13  44   0   0   0
   0   0   0   0   0   0   0   0   0   0   0   0   0   9   0
   0   0   0   0   0  35   0  16  13   0   3   0   0   0
   0   0   0   0   0   0   0   0   0   0  25   0   0
   0   0   0   0   0   0   0   0  25  38   0  44
   0   0   0   0   0   0   0   0   0   0   0
   0   0   0   0   0   0   0   0  14   0
   0   0   0   0   0   0   0   0   0
   0   0   0  37   0  11   0   0
   0   0   0   0   0   0   0
   0   0   0   0  39   0
   0  18   0  21  14
   0   0  11   0
   0   0   0
   0   0
   0

 117
   2  18   2   7   1  12  23   2  13   4  17   3   2  12   9   9   2  21   8  20   7  12  20  14  25  13  16   3  17  14  15   9   3  18  18   2   6   2  13  22

