  40 
  10  21  15  17  26  26  31  38  44  40  49  49   7   3   6   3  28  27  38  32  35  42  30  36  29  28   8  35  21  14  28   3  24  15   4  21   4  19  20  26
  42  35  39  41   7  15  29  16  46  40  40   3  22  41  42  32  24  11  18  13   3  26  36  16   6  45  32  37  34  35  18  13   1  42   2  42   3  24  49
  35  40  24   4  50  13  41  36  34  11  20   4  45   5  20  45  39  30  36  47  10  36  31  45  28  36   2   9   6  24  40  11  27  27  38   9  20  14
  35   3   1  32  42  45  41  33  47  48  39  20  23  15  15  49  18  21  44  37   2   8  27  33  50  14  34   1  46   2  50  27  46  34  27  50   4
  46   5  19  47  47  36  35   4  25  42   9  31  17  48   3  18  38  40  40   3  25  16   9  35  13  15  49  46  30  21   9  15  42  31  26  42
  36  40  28  12   2  18  48  42  22  41  46  48   6  27  50  14   3   7  24  37  47  22  13  25  20  11  22  50  33  38  47  13  22  17  42
  20  30  15  11  45  47  34  12  27  32  48  33   1  12  37   5  19  37  32  34  13   9  22  24  46   9  48  47  27  44  48  42  26  47
   8  26  41  25  44  38  25   8  22  28   3  41  30  38  16  15  44  45  50  36  30   2  26  15  28  17  49  18  15  31  28  43  26
  28  32  41  44  17  42  33  28  38  15  38  23  39  30  34   2  45   4   3  11  50  14  24   7  13   8  36  43  45   3  12  17
  40  42   7  47  19   1  43  25  22  29  35  28  30   4  18  36  37  20   8   9  37  31  30  29  16   6  17  33  10  28  35
  49  41  10   2  30  24  15  33  27  33  50   6  28  18  35  13  27  17  42  15  12   2   7  17  18  41   4  44  33  47
  46  50  16  14  49   8  42  50   4   8   2  43   7  31  11  40  15  26  25   1   4  16  15  48   1  20  21  32  40
  30  33  19   8  42  17  17  43  45  37  35  23  12  41  12  27  31  39  26   2   9   3  26  13  31  17  44   1
   4  43  33  41  34  37  42   6  47  10  24  44  44  21  20  10  15  47  46   6  12  35  43  38  40  38   2
  46  36  41   2   2  34  47  34  30  34   2  22  38  48  31  20  14  38   7  27  22  40  48  13  38   2
  35  17  42  36  19   1  12   9   5  17  42  22   9  17   8  39  18  27   5   1  42  38  32   4   1
  15  15  33  17  46  26  50   5  15  38  44  44  34  33  39  27  12   7  15   9  31  43  27  33
  16   4  30  42  43   3  27   1  38   9   4  24   8   8  34  34   9  19  30  38  15  50  40
  50  11  28   4   7   3  11  26   9  22  45   9  34  37  16  23  46  20  28  50  20  31
  35  39  23   5  43  31   9  10  32  18  36  11  34  10   8  18  41   4  21  32   8
  22  29   3  45  17  33  14  19   8  47   2  40  43  36  32  38  33  50  48  13
  32  42   3  38  44  17  36  28  40  32  50  39  24  22  33  44  43  19  22
  16   9   4  10  40  12   1  26  16  36  46  45  35  10  27  16   1  45
  11  30   9  16  39  31  46  12  50  35  16  12  28  26  31  34  16
  37  38  12  44   4  31  12  19  23  38  22  17  35  25   9   3
  24   2  40  23  35  14   5  35  12   8  49  30  31  34  18
  37  40  32  21   9   6  11  17  37  23  14  34   1  33
  30  32  12  18  43   6  40  33   2  33  43   4  43
  31  40  22  35  12  31  11  38  14  29  39  20
  26  49  47   4   1  31  21  18  26  18  40
  17  24  21  23   4  13  29  23  13  38
  12  27   1  36  14  30  45  20   9
  47  45  27  48  26  32  39  22
  24  33  32  34   4   6   3
   4   1   1  31  20  10
   3  32  17  44  40
  22  19  28  13
  28  21  41
   7   7
  23

 235
  21   5  25  12   1  25   4  25  19   9  13   2  17   4   5  14  13  24  12  20   2  19  24   1  19   1  18  17  13  21   9  21   4   8   6   6  10  19  12  18
