  40 
   0   0   0   0   0   0   0   0   0   0   0   0   0   0  12   0   0   0   0   0   0   0   0  22   0  16   0   0   0   0  30   0   0   0   0   0   0   0   0   0
   0   0   0  39   0   0   0  46   0  28   0   0   0  20   0   0   0  27   0   3   0   0   0   0  26   0   0   0   0   0   0   0   0   0   0   0   0   0   0
   0   0   0   0   0   0   0   0   0   0   0   0   0   0   0   0   0   0  42   0   0   0   0   0  45   0   0   0   0   0   0   0   0   0   0   0   0   0
   0   0   0   0   0   0   0   0   0   0   0  13   0   0   3   0   0   0   0   0   0   0   0   0   0   0   0   0   0   0  27   0   0   0   0   0   0
   0   0   1   0   0   0   0   0  43   0   0   0   0   0   0   0   0   0  24   0   0   0   0   0   0   0   0   0   0   0   1   0   0   0  43   0
   0   0   9  24   0  14   0   0   0  35   0   0   0   0   0   0   0   0   0   0   5   0   0   0   0   0   0   3   0   0   0   0   0   0   0
   0   0   0   0  11   0   0   0  35   0  30   0   0   0   0   0   0   0   0   0   0   0   0   0   0   0   0   0   0   0   0   0  20   0
   0   0   0   0   0  10   0   5   0   0   0   0   0   0   0   0   0   0  24   0   0   0   0   0   0   0   0   0   0   0   0   0   0
   0  39   1   0   0   0   0   0   0   0   0   0   0   0   0   0   0   0   0   0   0   0   0   0   0   0   0   0   0  33   0   0
   0   0   0   0   0   0   0   0   0   0   0   0   0   0   0   0   0   0   0   0   0  46   0   0  34   0   0   0   0   0   0
   0   0   0   0   0   0   0   0   1   0   0   0   0   0   0   0   0   0   0   0   0   0   0   0   0   0   0   0   0   0
   0   0   0   0   0  48   0   0   2   0   0   0   0   0   0   0   0   0   0   0   0   0   0   0   0   0   0   0   0
   0   0   0   0   0   0   0   0   0  43   0   0   0   0   0   0   0   6  50   0   0   0   0   0   0   0   0   0
   0   0   0   0   0   0   0   0   0   0   0   0   0   0   0   0   0   0   0   0   0  42   0   0   0   0  34
   0   0   0   0   0   0   5  44   0   0   0   0   0   0  26   0   0  45   0   0   0   0   0   0   0   0
   0   0   0   0   0   0   0   0   0   0   0   0  30  47   0   0   0   0   0   0   0   0   0  42   0
   0   0   0  31   0  50   0   0   0   0   0   0   0  28   0   0   0   0   0   0   0   0   0   0
   0   0  30   0   0   0   0   0   0   0   0   0   0   0   0   0   0   0   0   0   0   0  21
   0   0   0  28   0   0   0   0   0   0   0   0   0   7   0   0   0   0   0   0   0   0
   0   0   0   0   0   0   0   0   0   0   0   0   0   0   0   0   0   0   0   0   0
   0   0   0   0   0   0   0   0   0   0   0   0   0   0   0  49   0   0   0  13
   0   0   0  42   0   0   0   0   0   0   0   0   0   0   0   0   0   0   0
   0   0   0   0   0   0   0   0   0   0  42   0   0   9   0  40   0   0
   0   0  22   0   0   4   0   0  29   0   0   0   0   0   0   0   0
   0   0   0   0   0   0   0   0   0   0   0   0   0   0   0   0
  13   0   0   0   0   0   0   0   0  10   0   0   0   0   0
   5   0   0   0  50   0   0   2   0   0  50   0   0   0
   0   0   0   0   0   0   0  38  23   0   0   0   0
   0   0   0   0   0   0   0   0   0   0   0   0
   0   0   0   0   0   0   0   0   0   0   0
  34   0   0   0   0   0   0   0   0   0
   0   0   0  46  42   0   0   0   0
   0   0   0   0   0   0   0   0
   0   0   0   0   0   0   0
   0   0   0   0   0   0
   0   0   0   0   4
   0   0   0   0
   0   0   0
   0   0
   0

 273
   9  21  23  17  18   9  10   6   3   9  19  11   7  14   8   6  14  16   3   8  25  22  18  19  10   8  17  22   5   9   2   1   2  17  22  19  16  14   8  14

