  40 
  23  24  15  50  11  32   6  48  16  11  36  43   6  42  26  38  24   1  22   7  50  28  43  21  24  13  25   5  26   2  30  43   1  24   5  44   1  24  47  10
  37  39  36  22  22  46  27  43  20  29  31  46  27  31  14  47  35   6  40  49  30  46  20   1  43  48  34  50  46  28   3  17  14  47  35  47  31   5  21
  20  19  27  25  30   2  29  19  17  40  42  23  31   2  28   9  33  30  34  22  50   2  37   9  32   7  44  12  28  47  46  31  37  17  16  10  46  30
  27  50  18   9   1  45  46  25  13  43   8  31  43  18  10  20  22  21  37  23  13  39  34  34  39  45  28  47  26   7  17  26  20  30  47  15   8
   1  27  21   8  40  25   7   8  50  19  32  30   4  23  38   2  32   4  22  25  41  25  14  22   6  28  19  49  36  16  33  47   4   2  50  32
  47  19   7  20  40  42   4  43  17  44  20  30  12  44  34  12  31  32   7  28   1  34  35  20   5  43  33  46  12  16  27  20  35   4   1
  30   6  18  49  50  36  10  31  14  23  10  45   5  26  43  39  10  45  44  23  40  49  15  49   4   8  50  11  18  16  16  43  35  32
  49  12  18  22   4  19  18  27  12  18  43  46   9  11  21  25  10  43  31  45  43   1   2  11  12  44  24  38  14  32  13   4   4
  38  38   7  24  25  37  44  41  48   2  15  23  49  13  46  16  22  10   3  14  34  11  17   7  45   7   6  33  44  13  14  22
  39   2   1  49  30  49  12  25  50  37  34  36  42  27  31  15   1  31  11  12  50   4  16  49  31  25  30  27   4  32  44
  19   5  46  38  50  34  13   9  48  16  10  38  36  45  44  37   3  28  19  23  42  30  25  41  16  13  47  12  15  12
  26   3  12   9  47  44  42  16  37  13  10  47  35  36  10  43   5   6  26  30   5  12  28  14  11  20  18  32  36
  32  18  28  43  37  31  37  37  24  31  14  45   1  38  18  24  38  13   2  21  27  36  45   2   9  13  36  22
  16  13  14  45  10   3  10  37  30  43  37  34  29  46  25  35  40  15  14  46  38  41  17  33  27  36  18
  48   2  10   8  27  48  29  20  40  18  24  45  31  27  45  25  48  15  21  46  37  48  18  37  35   4
  44   7  23   7  25  39  17  44  31  41  33  15   5   9  49  46   6  39  11  21  35  48  20  30  23
   8  36   1  36  36  17  46   8  28  39   3  11  50  41  45  21  16  40  49   3  20  13  33  43
   1  22  23  30   2  19  18   8  29  46  49  33  39  19  14   8   7  32   5   8  44  43  30
  37  49  48  46  22  21  29  20  10   5  23  47  32   6  35  26  13  25  34   1  20  16
  12   1   8  48   8   4  36  42  36  36  15  49  12  34  28  15   8  22   8  33  50
  10  48   6  16   5  38   7  28   5  16  30  27  38  15  21  12  16  43  42  12
   8  40  43  15  44  35  30  14  29   2  19  27  19  44   1  28  44  40   2
  23  50   1  41  17  12  18  38  12  46   9  13  17  27   5  45  25   9
  31   6  37  32  40  20  13  41  50   1   5  13   8   6  35  26  18
  27  24   9  27  36  31  48  45   2  44  10  20  31  16   2  27
  18  41  40   4   3  28  40  46  45   4   5   3   7  12   4
   5  17  19  26  24  35  36  26  17  14  27  50  40  37
  29   6  42   9  17  25  39  30  34  20  35  32  41
  12  27  17   7  21  24   7  29  21  46  49  46
  50  21  48  14  47  40  46   5  48  14   1
  22  17  10  14   9   3  15  28  20  23
  28  11  31  24  17  40  12  34  45
  18  46  42  31  33  29  13  21
  23   1   4  17  20   3  38
  14  11  22  12  17   2
  47  44  22  18  27
  45  20  29  30
   5  43  38
  47  16
   6

 263
  24   8   7  19   2   3   4  13   3   9   8  18  25  15   8   9  11  15   4  18  13   6   1  22  23   6   5   6  17   6  24  18  12  11  23  23   5  20  25  12
