  40 
  20  37  36  33   8  17  13  31  31  26  25   8  27   9  43  21   5  10  27   6  45  39  24  32   5  32  34   8  19  13  35  10  28  49  12  29  30  23  16  35
  24  24   9  27  11  45  42  48  35  32  34  47  48  34  29  14   2  35  33   4  15  41  31  40  12  47  33  31  43  37   6  24  45  24  12  38  46  10  44
   9  32  40  26  49   5  26  24  36   3  35  46  50  45  27   6  50  31  49  43  47  33  36  40  23  24  17  25  45  48  23  26  34  48   7  45  31  33
  30  21  43  22  48  24   1  20  36  24  17  14   2  11  11  29  41  44  18  28  46   2  19  11  28  14   9  42  45  26  26  11  19  25   6  24  27
  36   6  20   5  21  34  14  29  23  26  33  17  15  50  13  43  41  29  13  46  44  44  19  19  29  25  20   6  49  39  18  32   1  11  29  35
  50  40   6  41   1  27   9  34  10   7  41   1  33  47  47  27  30  11  26  43  36  37  50  37  24   6  44  33  39  31  12  47   8   1   6
  49  41  25  32  19  31  31  32  19  24   7  28  40  43  20  36   5  14  13  40  47  16  30  20   9  29  13  28  13  45  11  14  38  37
  22  15  31  15   1  38  33  36  37  35  10  43  44  40   4  30  33  14  30  36   4  16  17  34   3  15  17   3   7  39  24  15  25
   7  21  16  37  22  16  19   2  45  35  42  16  32  38  29  33   7  37  18  19  25  48  46  22  14  42  29  50  15  26  21  43
   4  35  38  48  19  36  35  32   1  50  33  19   9  50  48  22  26  14  16  39  39  33  43  36  40  34  33  16  35  23  49
  42  36   7  43  23  31  14  38  19  21  35  15  41  24  47  16  24  33   4  42  49  29  42  20  39   6  28  15  28   7
   3  10  21  46  40  27  21  11  48  26  23  16  48  49  45  36   2  25  17  37  48  27  45  31  22  49  47  33  37
  45   9  45   4  24  26  18  46  45  48  13  46  32  47   9  45   1  48  15  22  36  19  18  13  36   8  17   9
  27   8  21  16  39  48  41  14  35  20  26  43   4   3  38  36  19  38  37   7  25  10  32  28  44  15   7
  11  41   3  43   6  37  34   3   9  23  25  32  26  40  20  46  39  30  24  11  10  39  21  16  36  39
  49  10  34  50   2  22   8  47  38  48  36  24  50  40   2  23  25   8   2   8   8   3   1  23  24
  45  29  24  31  19   4  11   7  23  16  14  28  39   4  22  16  15  37  18  40  23  28  46  32
  20   3  10  41   7   6  49   7  46  41  50  24   8  22  41  45  50  21  34   9  35  16  19
  40  24  49  13   3   8  18  15   9  24   8   8  17  23  24  47  30   2  47  16  33  33
   5  48  13  15  31  11  49   5  41  25  20  44  11  41   1   2   3  31  33  26  23
  41  29  33  37  50  43  30  47  12  39  29  10  33  42  18  47  15  10  31  13
  15  13  18  28  15  44   9  31  32  39  42  24  26  31  46  19  23  19  21
  42   9  22  32   2   5  49  41  27  29  18  44   8  30  40  24  12  48
  32  49  22  35  25  29  44   4  21  38  14  26   7  41  20  21  11
   8  13  10  40  33  32  31   8  15  13   1  11   4   5  39  42
   5  50  33  45  12  25  37   7  14  33   4  40   6   5  23
  22   2  50  31  27  42  43  31  22   9  16  17  35   8
  44   5  25  48  10  42  46  45  19   9  16   3  14
   9  38  24  30  12   3  16  46  48  41  40  33
   7  44   5  25  28  17  17   8  27  23   4
  35  12  49  31   8  28  28  33  33  48
  31  16  44  35   2  23  21   3  20
  11   3  31  20  24  30   6  28
   8  40  33  30  37  26  13
  33  38   9  25  18  41
  42  27  35  11  16
   2  49  42  25
  48  36   9
   8  43
  33

 277
   6  18   9  21  23  24  11  24  14   8  17  10   5  23  23  21  15  10  21   8  16  25   2   9   3  22   8   4  19  11  19   8   6  18  15   1  17   2  11   2
