  40 
   0   0   0   0   0   0   0   0   0   0  49   0   0  45   0   0  22   0  15   0   0  14   0   0   0  47   0   0   0   0   0   0   4  29  10   0  20   0  33   0
   0   0   0   0   0   0  13  12   0  40   0   8   0   0   0   0   0   0   0   0   0  48   0   0   0   0   0   0   0   0   0   0   0   0   0  29   0   0   0
  42  21  20   0   0   0   0   0  19  24  26   0   0  17   0  22   0   0  44  18   0   0  48   0   0   0   0  41   0   0   0  24   0  42   0   0   0   0
   0   0   0   0   0   0   0  17   0   0   0   0   0   0   0   0   0  45   0  36   0   0   0   0   0   0   0  14   0   0   0   4   0   0  50   0  30
  35   0  18   0   0  44   0  22  40  41   0   0   0   0   0   0   7   0   0   0   0   0   0   0   0   0   0   0   3   0   0   0  36   0  11  48
   0  30   0   0   0   0   0   0   0  36   0  43   0   0  50   0   5   0   0   0   0   0   0   0   0   0  15   0   0   0   0   0   0   0  41
  25   0   0   0   0  31   0   0   0   0  19   0   0   0   0   0  34   0   0   0  36  40   5  21   0  21   0   0   0   0   0   0   0   0
   0  43   0   0   0   0  38   0   0   0  32   0   0   0   0  41   0   0   0   8  30   0   0   0   0   0   0   0   0   0   0   0   0
   0   0   0   0  14   0   0   0   0  37   0   0   0   0   0  21   0   0   0   0   0   0   0   0   0   0   0   0  47  34   0  38
  42   0   0   0  13   0   0  14   0   0   0   0   0   0  21   0   0   0   0   0  16   0  45   0   0  24   0   0  25   0   0
   0  36   0   0   0   0  18  47   0   0   0   3  47   0   0   0   0   0  39   0   0   0   0   0   0   0   0   0   0  30
   0   0   0  33   0   0   0   0   0   0   0   0   0  11   0   6   0   0  40   0   0   0   0   0   0  45   0  38   0
  14   0   7   0   0   0  19   0  23   0   0   0  49   0   0   0   0   0   0  29   0   0   0   0   0   0   0   0
   0   0   0   0   0   0  16   0   0  10   0   0  36   0   0   5  15  28   0  28   0   0   0   0   0   0  30
   0   0   0  29   0  21   0   0  10   0   0  20  21   0   0   0   0   0   0   0   0   0   0   0  36   0
   0   0   0   0   0  26  45   1   0   0   0   0   0   0   0  15  50   7   0   0   0   0   0  21   9
   0   0  25   0  24   0  17   0  37   0   0   0   2   0  42   0   0   0   0   0  37  15   0   0
   0   0   0   0   0   0   0  31  36   0   0   0   0   0  31   0   0   0   0   0   0  16  21
  17   0   0  44  38   0   0   0  16   0   0   0   0   0  34   0   0  39   0   0   0   0
   0   0   0   0   0   0   0   0  27   0   0   0   0   0   0  41   0   0   0   0   0
   0  39  45   0   0   0   0   0  19  50   3  26   0   0   0  45   0   0   0   0
  38   3   0  41   0   0   0   0   0   0   0   0   0   0   0   0   0   0   0
   0   0   0   0   0   0  28   0   0   0   0   0  24   0   0   0   0   0
   0   0   0  34   0   0  29  16   0   0   0   0   0   0   0   0   0
   0   0   0   0  39   0   0  17  30   0   0   7   5   0   0   0
   0   0  11   0   0   0   0   5   0  14  44   0   0   0   0
   0  22   0  15   0   0  16   0   0   0   0  14   0   0
   0   0   0   0   0  48   0   0   0   0  41   0   9
   0  11   0   0   8  50  40   0   2  33  24   0
   0   0  23  27   0   0   0   0   0   0  42
   0   0   0   7   0   0   0   0   0  50
   0   0   5  39   0   0   0   0  26
  22  35   0  32   0  24   0   0
  28   0   6  49   0   0   0
   0   0  28  50   0  30
   0   0  20   0  21
   0   0   0   6
   0   0   0
   0   0
   0

 537
  16  25  22  13  10  21   4  10  25  14   4  25   5  17   5  22   1  20  23  18  16  19   7  19  24  23  22   5   5   7  21   8  23  17  23  16  20   2   6  19
