  40 
  16   0   0  38   0   0   0   0   0  49   0   6   0   0  16   0   0  22   0   0   0   0   0   0   0   0   0   0   4   0   0  21  47   0   0   0   0   0  41   0
   0  48  29   0  49   0   0   0   0   2   0   0   0   0   0   0   0  35   0   0   0   0  27   0   0   0   0   0   0   1  12   0   0   0  28   0   0   0   0
   0   6   0   0   0   0   0  44   0   0   0  36   4  46   0   0   0   0   0  18   3  50  38   0   0   0   0   0   0  23   0   0   0   0   0   0   0   0
  41  21   0   0   7   0   0   0   0   0   4   0   0   0   0  15   0  43   0   0   0   8  50   0  26  14  41   0  49   0   0  26   0   0   0   0   0
   0   0   0   0   0   0   0   0   0   0   0   0   0   8  26   0   0   0   0   0  42   0   0   0   0   0   0   0  14  41  16   0  14  36  17   0
   6   0   0   0   0   0   0  11   0  36   0   0   0   0  22   0   0  48   0   0   0   0   0  32   0   0   0  14   0   0   0   0   0  28   0
  34  22   0   0   0   0   0   0   0  37  45  46  14   0   0   0   0   0   0  11  25  47   0   0   0   0   0   0   0   0   0   0   0   0
   0   0  25   0   0   0   0   0  20   0   0   0   0  37   0   0   0   0   0   0   0  33   0   0   0   0   0   0   0   0   0  19   0
   0   0   9   0   0  19   0   0   0   0   0  32   0   0   0   0  40  48   0   0   0   0   0   0   0   0   0   0  26   0   0  24
   0   0   0   0  26   0   0   0   0  20   0   0  31   0   0   0   0  37  16   0   0   0  11   0   0   0   0   0   0   0  21
   0   0   0  47   0   0   0  41  13   0   0   0  33  47   0  42   0   0   0   0   0  32   0   0   0  11   0  42   0   0
   0   0  10   0   0   0   0   0   0   0   0   0  32   0   0   0   0   0   0   0   0   0   8  32   0   0   0   0   0
   0  43   0  33   0  18  30   0   0   0   0  22   0   0   0  15   0   0   0   0   0   0  28   0   0  32   0   0
   0   0   0  15   0   0  14   0   0   0   0   0   0   0   0   0   0   0  19   0   0  11  48   0   0   0   0
   0   0   0   0   0   0  15   0   1  49   0  46  26   0   0   0   0   0   0   0  10  21   0   4   9  35
  32   0  14   0   0   0   0   0   0   0   0   0  49  47   0   0   0   0  11   0  47   5   0   0   0
   0   0  32  28   0   0  12   0   0   1   0   0   0  46  28   0   0   0   4  21   0   0   0   0
   0  47   0   0   0  13  36   0   0   0  47  17  26  42   0   0   0   0   0   0   0   0  34
   0   0   0   0  35   0   0   0   0   0   0   0   0   0   0   0  27   0   0   0  31   0
   0   0  41   0   0   0   3   0  26   0   0   0   0   0   0   0   5   0   0   0  46
   0  27  30   0   3   0  42   0   0   0   0   0  32   0   0  49   0   0   0   0
   0   0   0   0   0  46   0   0   0  43   0   0   0   0   0  25   0   0   0
   0  19   0   0   0   0   5   0  16   0   0   0   0   0   0   0  47  16
  39   0   0   0   0   0   0  15   3   0   0  34   0   0   0   0   0
   2   0   0   0   0   0   0   0   0   0  37   0  23   0   4  31
   0   0   0   0  33   0   0   0   0  40  43   5  30   0   0
   0   0   0   0  39   0  21   0   0   0   1   0   0   0
   0   0   0   5   0   0   0   0   0   0   0   0   0
   0   6   0   0   0   0   0  14  26   0   0   0
   0   0   0   0   0  48   0   1  22   0   0
   9   0   0   0   0   0   0  10   0  47
   0  30  18   0   0   0   0   0   0
   0  14   0   0   0   0  13   0
   0  22   0  39   0   0   0
   0   0   0  23   0   0
  16   0  35  25   0
  33   0  23   0
   0   0   0
   0   0
  50

 202
  23  17  23  13   7   9  21  25   4  21   2   1   8  24  13  19  24  13   8  17  12   2  11  14   5   1  22  18  15  24   7   3   4  10   5  19  12  25   5   1
