  40 
   0   0  11   0   0  33   0   0   0   0   0   0   0   0   0   0   0   0   0   0   0   0   0   0   0   0  17  27   0   0   0   0   0   0   0  35   0  17   0   0
   0   0   0   0  44  36  47   0  32   0   0  38   0  32   0   0   0  23  20   0   0   0   0   0   0   0   0  11   0   0   0   0   0   0   0   0   0  26   0
   0  40  23  15   0   0   0   0   0   0   0  27   0   0   0   0   0  43   0   0   0   0  37   0   0   0   0   0   0  20   0   0   0  37   0  28   0   0
  16   0  34   0   0   0   0   0   0   0   0   0   0   0   0  44   0   0  31   3   0   0   0   0   0   0   0   0  32   0  19   0   0   1   0   0  39
   0   0   0   0   0  36   0   0   0   0   0   0  12   9  43   0  50   0   8   0   0   0   0   0   0   0   9   0   0   0   0  28   0   0   0   0
   0   2   0   0   0   0   0  42  15  19  36   0   0   0   0   0   0   0   0  16   0   0   0   0   0  32   0   0  27   1   0   0   0  12  23
   0   0   0   0   0   0   0  11  19   0   8  41  19   0   0   0  45  24   0   0   0  47   0   0  42   0   0   0   0   0   0   0   0   0
   0   0   7   0   0   0   0   0   0   0   0   0   0  33   0   0  17   0   0   0   0   0   0   0   0   0   0   0   0   0   0   0   0
   0   0   0   0  27   0   0   3   0   0   4   0   0   0   0   1   0   0  46   0   0   0   0   0   0   0  38   0  49   0   0   0
   0  36  46   0  17   0  21   0  40   0   0   7  42  12   0   0   0  18   0   0   0   0   0  21   0  28   0   0   0   0   0
   0   0   0  42  13   0  47   0   0   0  49   0   0   0   0  30  48   0   0   0   0   0   0   0   0   0  23   0  44   0
   0   0   0   0   0   0   0   0  46   0  48  50   0   0   7  32   0   0   0   0   0   0   0  34  11   0  43   0  24
   9  50   0   0   0   0   0  18   0   0   0   0   0  12   0   0  13   0   0  26  36   0  13   0   0   0   0   1
   0   0   0  17   4   0   0  40  32   0   0  21   0  30   0  15   0  25   9  25   0   0   0  28   0   0  39
   0   0   9  38   0  26   0  42   0   0   0   0   0  45  11   0   0  29   0   0   0   0   0   0   0   6
  34   0   0   0   5   0   0  47   0   0   0  18   0   0   0   0   0   0   0   0   0   0   0   0   0
  36  44   0   0  21   0   0   0   0   0   0   0   0   0   0   0   0  19   0  19   0   0   0   0
  22   0   0   0   0   0   0   6   0  20   0   0  46   0   0   0   0  11   0   0   0   0   0
  39   0   0   0   0  41   0   1   0   0   0   0   0   0   0   0   0   0   3   3   0   0
   2   0  34   0   0   9   0  45   0  11  26   0   0  23   0   0   0   0   0  12   9
   0   9   0   0   0   0   0  48  47   0  10   0   0   0   0   0   0   0   0   0
   0  15  27   0   0   0   0   0   0   0   0  41   0   0   0  33   0  20   0
   0   0   0   0   0   0  13   0   0   0   0   0   0  42   0   0   0   0
   0   0   0  48   0   0   0  18  10   0   0   0   0   0   0  50   7
  27   0   0   0  13   4   0   0   0   0   0   0   0   0   0   0
   0  34   0   1  40   0  49  25   0   0   0   0  33   0   0
   0  48   0   0   0   0   0   0   0   0   0   0   0  29
   0   0   0   8  22   0   0   0  47   0   0  30   0
   0   0   0   0   0   0   0   0   5   0   0   0
  41   0  30   0  47   0  14   0  15   0   0
   0   0   0   0   0   0  32  40   0   0
   0  43   0   0   0   0   0  23   0
   0   0   0   0   0   0   0   0
   0   0  28   0   0   0   0
   0   0   0  43   0   0
   3   0   9   0   0
   0   0   0  25
   0   0   0
   0   0
   0

  64
  19  13  12   4  10  24  19  19   1   7  17  24  16  23  15  17  12  14   4  15  13  21   1   4  25   5   4   1  16   2  23  24  10   9  16   3  25  21  21  23
