  40 
  29  20   0   0   0   0   0   0   0   0   0   5   0   0   0   8   0   0   0   0   0   0   0   0   0   0   0   0   0   0   0   0   0   0  13   0   0   0  18   0
  45   0   0   0   0   0   0  39   3   0   0   0   0  33   0  28   0   0   0   0   0   0   0   8   0   0  19   0   0   0   0   0   0  49   0  41   0   6   0
   0   0   0  31  31  36   0  42   0   0   0   0  34   1   0   0   0   0   6   0   0  14   0  36   0   0   0   0   0   0   0   0   0   0  43   0  13   0
  31  18   0   0   0   0  15   0   0   0   0   0   0   0   0   0  16  45   0  39   0   0  45   0   0   0   0   0   0   0   0   0   0   0   0  45  12
   0   0  25  18   0   0   0   0   0   0   0   0  50   0   0   0   0   0  38   0   2   0   0   0   0   0   0   0   0  28  26   0   0   0   0   0
   0   8   0   0  28   0   0   0   0   1   0   0  22   0   0   0  16  39   0   0   0   0  18   0  26  38   0  38   0  26  16   0  25   0   0
   0   0   0  50   0   0  35   0  30   0   0   0   0   0  47   1   0   0   0  47   0   0   0   0   0   0   0  23   0   0   0   0   0   0
   0   7   0   0   4   2   0  41  10   0   0   0   0   0   0   0   0   0   0   0   0  24   0  28   0  34   0   0   0   0   0   0   0
   0   0   2   0  14   0  35  12   1   0   0   0   0   0   0   3   0  34   0   0   0   0   0   0   0   0  37  36  12   0   4   0
   0  16   0   0   0   0   0   0   0   0   0  12  50   0   0   0   0   0   0   0   0   0   0   0   0  13  45   0  41   0   0
   0   0  49   0   0  39   0   0   0   2  10   0   0   0   0   0   0   0   0   0   0   0   0   0   0   0   0   0   0   0
   0   0   0  19   0   0   0   3   0   0   0   0  10   0   0  14   0   0   0   0  17  15  21   8  47   0   0   0  41
   0   0  17   0   0   0   0  29   0  23   0  41  40   0   0   0  39  39  35  27   0   0   0  46   0  23   9   0
  12   0   0   0   0   0   0   0   9  35   0  43   0   0   0   2  18   0   0   0   0  19   0   0   0  24   0
   0   0   0   0   0   0   0   0   0   0   0  15   0   0  14   0   0   0   0   0   0  14  40   0   0   0
   0   0   0   0   0   0   0   0   0  32   0   0  21   0   0   0   0  10  46   0   0  17   0   0   0
   0   0   0   0  34   0   0  38   0   6   0   0   0   0  23   0  30   0   0  27   0   0   0  43
  16  37   5   0   0   0   3   0   0  43   0  46  43  27  35   0  33   0   0   0  41   0   0
   0   0   0   0   0   0  17   0   0   0   0   0   0   2   0   0   1   0   4   0   0   0
   0   0  12   0   0  20   0   0  12   0   0  18   0   0   0   0   0   0  31   0   0
   0   0   0   0   0  44   0   0   0   0   0   0   0  50   0   8  46  41   0   0
  49   0   0   0   0   0   0   2  44   0  45  34   0   0   0   0   0   0   0
  28   0   0   0   0   0  20   0   0   0   0   0   0   0   0  32  15   0
   0   0   0   0   0  27   0   0   0   0   0   0   0   0   0   0  49
   6   0   0   0   0   0   0  28   0   0  10  22   0   0   0   0
   0   3   0  30   0  29   0   0   0  38   0  44   0  20  14
   0   0  34   0  26  15   0   0  45   0   0   0   2   0
   0   0   0   0   0   0   0   0   7   0   0   0   0
  28  13   5  35   0  47   0   0   0   0   0   3
  23   0   0   0   0   0   0   0   0   0   0
  28   0   0   0   0   0   0   0   0   0
   0   0   0   0   0  43  43   0   0
   0   0   0   0  46   0   0   0
   0   0   0   7   0   0   0
   0  41  18   0   0   0
   0   0  46   0   0
   0   0  42   0
   0   0   0
   0   0
   0

 458
   4  20  19  20   4  17  11  20  22  15   5  12   1   8  12  22  15  15   3  14  17   8  14  20  16  13  14  17  23   8   4   3  16  16  19   7  19  22   6  19
