  40 
   0   6  19  42  16  34   0  33  10  33   0  30  22  45   0   0   4  30  23  10   0  16   0   0   0   0  37  31  12  32  47   0   5  33   0   0   0   0  45   0
   0  38   0  47   0  23   0   3   0  30   0  39   0  37   0   0  32  29   0  26  36  16  29  34   4   2  30   0   0   0  42   0  36  16  32  16  14   0  17
  45  11   0  40   9   0   0   0  22   0  17  36   0  46   0   0   0   3  15   0   0   0   0   0   0   0   0  42  16   0   0  38  16   0   0   0  41   0
  14   0  20   0   0  25   0   0  10   0   0  28  46  16  48  37  34   0  23   0  17   0   0  18   0   5   0   0   0   0   0  22  38  38  19  41   4
   0  42  32   0  41   3  28  20  39   0   0   0  17   0  26  27  20  47   0   0   5  44  40   0   0   5  12  42   0   0   0  34   0   8  47   0
   0  50   0   0  21  32   0  19  31   0  33   0  17   0  18  41   0   0   6   0  29  28  29   0   0   3  16   0  31   0   0  13   0  44   0
   0   0   4   0  11   0   1   0  45  27   9   0  37   0  29   0  48   0  17  29   0  49  10   4  37   0   0  40  37  34   0   5  40   0
  26  18   0   0   0   0  16  10  34  44  28   3   0  10   0  11  34  49   0   0  32   4  11   0  17  35  32   0   0   0  48   1   0
   0   0   0   4   0  13  26   0  37  20   0   0  30  48   0  29  50   0   0  12  11   3   0   0  16   0   0   0   0   0   5   2
  38  44  31   0  22  44   0   7   7  44  32   8   0   4  40  47   0   0   0   0   8  16  25   0   0  18   2   2  19  33   2
   7   0   0   0  33  38   0   5   1   0  32  34   0  13  26  36   0  43  37   0   9  28  40   0   0  45   0  38   0  33
  21  25   0  42   0  29  22  36  43   0   0  15   0   0  34   0  38   0   0   0   0   0   0   0   0  42   0   0  43
  10  32   0   0   2   0  23  38   5  47   0  45  41   0   7  23   0   0  44   8   0  47  34  36  50   0  29   0
   6   4   0   0   0   0  18   0   0  43  35  44   0  18   0   0   0   0   0  18   6   0   0   8   0   0  12
   0  23  17   1  29   0  21   2   0  39  26   0  46  33   0  22   0   0  28   0   0   0  30   0  17   0
  29   0   0   0   8   0   4   0   0   0   4   2   0   0   0  21   0   0  42   0   0  23  34  30   0
   0   0   0   9   0   0  47   0  10  20   0   0   0  13  12  26  23  24  37   4  47   5  13   0
   0  12   0  47   0   0   0   0   0   0   0   0  44  28   3   0   0   0   0   0  11   0   0
  41  32  42   0   0  34  30   0  13   0   0   0   0   1   0   4  25  10   7   0   0   8
   0  22   0   0  31  13  50   0   0  47   0  41   0   0   0   0  35  38   0  11  19
   0   0  23  35  43  12  45   8   0   0   0   0   7   0   0   0  34  29  39  35
  23   0   0   0   0  29  41   7  22   0  41  26   0  49  47   0  15  21   0
   0   0   7   0   0   0   6   8   2   0   0   0  25  30   0  37  32  15
   0   0  45  15  28  10   0   0   0   1   0   2   0   0   0   0  35
  29  26   0  23  46   0  37  38   0   0   0  23   0   0   0   3
   0   5   0  39   0  34   0   6  47  48  30   0  50   0  25
   0  20  45  45  23   0   0   0   0   0   0  44  36  16
  39  45   0   0   4   7   0  44   0   0   0   0   0
  15   0   0   0   0  50   0   7   0   0  22   0
  19   0   0   0   0   0  39  43  17  26   0
  49   0   0   0   0  47   0  21  18  40
   3   0  11   0  48  38   0   0   0
  21   0   0   3   0   2   0   0
   0  15  22  20   0  39   0
   0  50   8  48   0  20
   0   8   0  39   0
   0   0   0   0
   9   0   0
  33   3
   0

 375
   1  19  19  12   2  18  15  14  12  14  14   4  10  22   1   6  24   2  13  23  16   4   2  14  12   3  25   9  23   6   8  17   6  20  14  23   9  23   7  14
