  40 
   0   0  30  22  42   0  19   0   5   6   5  42   0  36   0   0   0  46   0  39  32  27   2   0   0   0  44   7  23   9  29   0  17  38  31  19  32   8   0   0
  17   0   0   0   0   9  29   0   0   0   0  48  31   0   0  21   0   9   0   0  18   8  38   0  27   0  48   0  45   0   6  32   0  29   0   0  24  50  19
   0   0   0   0   0   0   0  45   0   0  34  29   0   9  46   0   0   0  16  36  45   0  46   5   0  22   7   0   0   0  23   0  22  23   1   0   0  14
   0   0   0  35  11  37   0  46   0   0  46   0  21   0  12   0   0   0  44  49  15   0   0   0  47  10   0   9   0   0  39   0   0   0  13   0  29
  26  20   0  49  11   0   3   0   0  33  45  27   4   0   0   0   0  18   7   0   8   0  27  16   0  48   0  22   0  23   0   0   0   0   0  13
  23   2   0   8   0   0  13   0   0   0   0   0  44   0   0   0   0   0   0  17   9  45   0   0  50  26  17  14   5   0  17  47  38  30   0
   0   6   0  50   0   7   0   0  25  45   0   0   0   0  44  45  27   0  28   4   0   0   0   0   0   0   0   0   0  19   0   0  22   0
   9  28  50   0  46  26   0   0  24  30  47   0   0   7   4   0  49  44   0  24   0  48   0   0   0   0   0   0  14   0   0  16  12
   3  40   7  15   0  18   0   0  11   0  19   0   0   0   0   1  35   4   0   0  28   0   4   3   0   0   9   3   0  21  33   0
   5   2   0   8   0  14  49  46   4  32   0  47  12   0   0  17   0  41  33  38   0  15  14  49  33   0   0   0   0   0  29
   0  38   0  29   0   0   8  24   0  11   0  38   0  30   0   0   0  11   0  30   0   0  33  36  46   0   0   0   0   0
  11  16   0   0   0   0   0   0  49   0   7  32   0   9   0  21   0   0   0   0   0  31  29   0   8  36  41   0  12
   0  39   0   0   0   0  16  12   9   0  29  50  30   0  15   0   0   0  38  29  34   0   0   0  44  48  40   0
   0   0  20  45   3   0  18  36  15   0   0   2  28  27   2   0   0   5  38   3   5  12  12  43   0   0  33
  31   3  26   0   0  42   0   0  46   0   5  29   0   0   0   0  34  35  49   9  38  25  50   0   0   6
  35   0  49   0  40   0  15   0  45  29  46  11  43   0   0  20  48  10   0  44   0   0   0  32   0
  17   0  30  13   0  39  37  47   3   0  41  33  47  11  47  21   0   0  17   0   0  32  37   0
   0   0  12   0  20  38   0  29  22  20   0  15  49   0   0  13   8  28  41   0   0  38   0
  23  31   0  17  26   0  29  25   7  40   0  26  34  25   0   4   0   0   6   0  10   0
  46  39   0   0   0   8   9   0   0  24  10  48   0  38   0  36   0   0   0  24  25
  48  11   0   0  44   0   0   7   0  29   7  16  13   0   0  27  15   0  25   7
  10   0   0  27   0   0   0  12  11   0  11   0  28  49  17   6   0   0   0
   0  48   0  20   0   0  39  24  16  42   0   0  34   0   0  16   0   0
   0   0   0  13  50   0   0  20  46  46  47   0   0   0  17  30   0
   0  13  19  23   0   0  28  33  45  17  19  49   0  33   0   9
   0   1  15  28  37   0   0   0   0   8  30   0   0  24   0
  26   0   4  39  17  40   0  15   0   0   0  26   7  27
   0   9  24   0  13   0   0  48   7   7   0   0   0
   0   0   1   0  41  45   0  25   0  26  13   1
   0   5   8  48  24   0   0  47   0  25  28
  32  35   0   0  41   1   0  47  42  39
   0   9  19   0   0  21   1  19   0
  24  19   0  12   0  38   4  14
   3   0   0   0   0   0   0
   0   0   8  40  10  16
  47   0  11  28   3
  39   0   0   0
  18   0   0
  26   0
   0

  98
  23  10  23  21  15  19  10  20  18  19  25   7  23   2   7  21   7  24   6  11  25  13  18  17  20  13  16  21   8   5   1  18  15   1  15  17  23  18   4  11
