  40 
   0   0   0   0   0   0   0   0   0   0   0   0   0   0   0   0   0  44   0   0   0   0   0   0   0   0   0   0   0   0   0   0   0   0   0   0   0   0   0   0
   0   0   0   0   0   0   0   0   0   0   0   0   0   0   0   0   0   0   8  46   0   0   0   0   0   0   0   0   0   0   0  35   0   0   0   0   0   0   0
  29   0   0   0   0   0   0   0   0   0   0   0   0   0   0   0   0   0   0   0   0   0   0   0   0   0   0   0   0   0   0   0   0   0   0   0   0   0
   0   0   0   0   0   0   0   0   0   0   0   0   0   0   0   0   0   0   0  27   0   0   0   0   0   0   0   0   0   0   0   0  18   0   0   0   0
   0   0   0   0   0   0   0   0   0   0   0   0   0   0  45   0   9   0   0   9   0   0   0   0   0   0   0   0   0   0   0   0   0   0   0   0
   0   0   0   0   0   0   0   0   0   0   0   0   0   0   0   0   0   0   0   0   0   0   0   0   0   0   0   0   0   0   0   0   0   0   0
   0   0   0   0   0   0   0   0   0   0   0   0   0   0   0   0   0   0   0   0   0   0   0   0   0   0   0   0   0   0   0   0   0   0
   0   0   0   0   0   0   0   0   0   0   0   0   0   0   0   0   0   0   0   0   0   0   0   0   0   0   0   0   0   0   0   0   0
   0   0   0   0   0   0   0   0  14   0   0   0   0  40   0   0   0   0   0   0   0   0   0   0   2   0   0   0   0   0   0   1
   0   0   0   0   0   0   0   0   0   0   0   0   0   0  34   0   0   0   0   0   0   0   0   0   0   0   0   0   0   0   0
   0   0   0   0   0   0   0   0   0   0   0   0   0   0   0   0   0   0   0   0   0   0   0   0   0   0   0   0   0   0
   0   0   0   0   0   0   0   0   0   0   0   0   0   0   0   0  20   0   0   0   0   0   0   0   0   0   0   0   0
   0   0   0   0   0   0   0   0  17   0   0   0   0   0   0   0   0   0   0   0   0   0   0   0   0  30   0   0
   0   0   0   0   0   0   0   0   0   0   0   0   0   0   0   0   0   0   0   0   0   0   0   0   0   0   0
   0   0   0   0   0   0   0   0   0   0   0   0   0   0   0   0   0   0   0   0   0   0   0   0   0   0
   0   0   0   0   0   0   0   0   0   0   0   0   0   0   0   0   0   0   0   0   0   0   0   0   0
   0   0   0   0   0   0   0   0   0   0   0   0   0   0   0   0  36   0   0   0  43   0   0   0
   0   0   0   0   0   0   0   0   0   0   0   0   4   0   0   0   0   0   0   0   0   0   0
   0   0   0   0   0   0   0   0  38   0   0   0  30   0   0   0   0   0  17  39   0   0
   0   0   0   0   0   0   0   0   0   0   0   0   0   0  44   0   0   0   0   0   0
   0   0   0   0   0   0   0   0   0   0   0   0   0   0   0   0   0   0   0   0
   0   0   0   9   0   0   0   0   0   0   0   0   0   0   0   0   0   0  11
   0   0   0   0   0  38   0   0   0   0   0   0   0   0   0   0  44   0
   0   0   0   0   0   0   0   0   0   0   9   0   0   0   0   0   0
   0   0   0   0   0   0   0   0   0   0   0   0   0  17   0   0
   0   0   0   0   0   0   0   0   0   0   0   0   0   0   0
   0   0   0   0   0   0   0   0   0   0   0   0   0   0
   0   0   0   0   0   0   0   0   0   0   0   0   0
   0  30   0   0   0   0   0   0   0   0   0   0
   0   0   0   0   0   0   0   0   0   0   0
   0   0   0   0   0   0   0   0   0   0
   0   0   0   0   0   0   0   0   0
   0   0   0   0   0   0   0   0
   0   0   0   0   0   0   0
  37   0   0   0   0   0
   0   0   0   0   0
   0   0   0   0
   0   0   0
   0   0
   0

 486
  25  13  10  24  24  17  23  10  19   7   4  21   7  10  14  23  18  20  21  22  16   4  13  10  25   4  19  24  19  25  17  13  16   9  10   1  25  14  19  24

