  40 
   0   0   0   7   0   0   0   0   0   0   0   0   0  32  27  10  15   0   4  49  20   0   0   0  47   0   0  35  22   2   0   0   0  32  32   0  24  43   0  47
  26   0   0  14  24   4  42   0   0   0  20  20   0  46   0   6   0  50   0  28  34   0   0  41  50   0  30  37  42  42   0   0   0  12  37   2   0  38  38
   0   0   0  49   0  27   0   8   0   0  19   0  39  46  46   0   0  20  26  37   0   0  14   0   0   0   0  35   0   4  43  35   0  25   0   0   0  50
   0   0  28  35   0   0  17  44  19   0   0  17  24  28  32   0   0  48   0  12  38  36   0   0   0   0   0   0   0  23  22   0  12   0  11  34   5
  12  49  45  49  41   0   0  48  43   0  27  42   0  29   8  16  35   6   3   5   0  29   0  49   0   2  47  27  21   3   0   8  33  38   0   0
   0   0   0   0   0   0   0  42   6   0   0  31   0   0  25   0   0  41   0   0  41   0   0   0   0   0   4  29   0   0  42   0   0  27   0
  49  31   0   0  11   0  49   0  31   0   0   4   0   0  40   0  49   0   0   0   0  28   0  20   0  10   4   0   0   0   0   4   0  25
   0  29  19   0   0   0  35   0   0   0   3  19   0   0   0  33   7  32  28  23   0   0  18  48   0   6   2  29   0   0   0   0  34
   0  19   0   0   2  38  31  22   0   0   0   5   0   0   0   0   0   0  16   0   0   0  18   1  32   0  13   0   0   5  13  49
   0   0   0  48  12   0   0  42   0   0  45   5   4  10   0  20  22  12   0   0   9  15   0  16   0  33   0   1  27   0   0
  29   0   0  14   0  41  26  18  12   0   0  43  18  21   0   0   0   0  50   7   0   0  16   0   0   0  32   0   0   0
   0   0  28  12   0   0   0  26  17   0  31  29  38   0  27   0  17  13   0   0  17   5  19  27  30   0  37   0   8
  22  30   0  36   0   0   0   0   0   0   0  22   0  25   0  23   0  35   0  27   4   0  43   1  12  49  10   0
   0   0   0   0  23   0   1   0  35  47  45  16  41  29   0   0   0   0   0   0   2  13   0  19  35  34  17
  30  26  10  22  10  46   6   0   0  21  39  46   0  22   0   0  40   0   0  30   0  21   7  48   0  47
   0   0  40  32   0  12   0  40  25  46   0   0  49  23   0  47   0  31  10   0  50  16   0  20   0
   0   0  29   8   0   0  21   0   0   0   0  16   0  35   0  38  45  15   0   1   0   0  22   0
  36  19   0   0  29  31   0  23   0   0   0  23   0   0  30   0  16  50   4  42   0  19   0
   0   0  24   0  14   0   4   0   1  26   0  14   0   0  36   0   0   0  27  12   1  36
   0  15   0   0  24   0  14   0  42   0   0   8   0  12   0   0   0   0  45  28  26
   0  29   0   5   0  24   0   0   0  42  29  25   0   0  37   0  16  42  23   0
   5   0   0  33   0   0  32   0   8   5  12   0   0   0  22   0   0  33   3
  25   0  23   0   0   0   0   5   0  13   4  23  48   0  42   0   0   6
   0   0   0   0   0  46  45  27   0  50   0   0   0  23  26   0   0
   0  38   0  34  11   0   0  33  23   0   4   0   0   0  43  28
   0   0  32  22   9  21  19   0   0   0   0   0   0  50   0
  44   0  34  47   0   7  29  26  17  46  16   0   8   0
   0   0  33   0   9   0   0  22   0  10   0   0   0
   0   0   0   0  24   0   1   0   0  25  40   8
  17   9  39   5   0  34   0  20   0  12   0
  17   0   0  40   6   7  15   1   0   0
   8   3  41  27  41   0  25   0   0
  31  11   0  28  43   0   7   0
   0   0  22  35  30  13  36
   0   2  40   0   0  31
   0  29   0   0   5
   0   9   0   0
   8   0   0
   0   0
   0

 459
  17  19   7  12   5  13  19  23  23  21   5  20  11  24  14  17  21  18   6   9   9  15  21   2   8  16  10  10  11  20   4   6  13  25  25  15   8   3  18   3
