  40 
   0   0   0   3  37   0  24  12  38  28   9   7   0   0  12   0  16   0   0   0  46  37   0   0   0   0   0  19   0  32   0   0   0   0   8   0   0  35   0   9
   0   0   0  14  21   0   0   0   0   0   0  12   0  33  34  15   0   0   0  37  30   0   7  36   0   0  30  32   5   0   0   0  23   0   0   0   0   0   0
   0  12   0  32  24   0  17   4  14   0  10  34   0   0   0   0  31   0   0   6   0   6  16  10   0   0  16   0  31   0  33  44  13   0   0  39  49   0
   0  39   0   0  50   0  38   4   0  23   0   0  31  44  19   0   0   5  42   0   0   0   0   0   0  41   0   0  34   0  23  33   0   0   0  46   0
  12   0  28  21   0   0   0  31   0   0   0   0  48   0  17   0   0  47   0   0   0  41   1  35   0   6   0   0   0  29   0  26  11   0  42  49
   0  43   0  16   0  10  11  19   0  37  23  14   0   0   0  34   6   0  26   0   0  34   0   0  49   0  29   0   0   0  12   0   0   0   0
  41   0  31  37  33  22  21   0  17   0  32   0   0  11  49   0  41  27  40  28   0   0  21  49  25   4  18   4   0  48   4  35   0   0
  47   0   0  38   0   5   0   0   0   0   0  16  31   0   7  17   0   0   0  28   0  42  13   0  17  22  41   0   0   0   0   0   0
  29  26   0  40  41  35   0   0   0   0  47  14  35   0  44   0   0   2   2   0  25   0  20   7   0  15  27  34   0   0  32  15
  20   0   0  22  41  42  22   6  44  19   0   0  28  34   0   0   0   0  19   0  20   0  29  26   0   0   0   5   0   5  18
   0   5  37  29   3   0   0   0  43  41  48   0  49   0   0  34  44   0   0   0   0  11  18  32   6   0   0   0   0  47
   0   0  40  50   0   0   8  22   0   0   0  11   0   0   0  49  15  16   0   0  45   1   0   0  15   0   0   0   0
  49   0   0  32   7   0   0  26  11  27  26   0  48   0  48   0  28   0  40   0  32  34  43   0  12   0   0   0
  35  32   5   0   0   0   0   0  39   0  13   0   0  28  21  11  35  22   0  20   0   0   1  43  28   0  27
   0   0   0  37  32  45   0  25   0   9  25   3   0  28   0   0  27   0   0   1   0   0   0   2  32   0
   0   0   0  36   0   0  43  42   2   0   6  14   0   0  11   0  47   0   0   0   6   0   0   0   0
  13  37   0   0   0   9  22   0   0   0  37  19   0  33   0   0   0  18   0   0   0   0  23   0
   1   0  34   0  28  10   4   0  11  23  16   0   2   7   0   0   8  23   0  15  30   0   5
  10  10   0   0   0  35  41   7   0   0   0   0   9  31  22  10  22  16   8   0  46  17
   0  28   0   0   6   0  36   0  46  11  43   0   0  14   0   0  27   0   0  31   0
   0   0   2  29   0   0   0  29   0  25   0   0   0  19   0   0   0  25   9   0
   0   0  36   0  46  20   8   0   0  20   0   7   0  13  38   0   0  14  23
   0  13  35   0   0   0  11   0   0  47  43   0   0   0   0   0   0   0
   2   0   0   0   0  15  26   0  17   6   0   0   0   0   0   0  46
   0   0   0  13  29   0  45  35  17  16  48   0  28   0  25  12
   0  50   0   0   0   0  22   0  39   0   0  37   0  42   0
   0  47   0   0   0  49   0  43  12   0   0   0  37   0
  43   5   0  46   0  23   0   0  39  11   0  43  35
   0  44  50   0  19  19   0   0  50   0  41   0
   0   0   0  38  11  18   0   0   7   0  27
   0   5   0  44  33   0   0   5   0   0
   3   2  26  10   0   0   0   0  26
  39   0  16   8   0   0  15   0
   9  27   0  20   0  46  48
  37   0  39   0   0   8
   8   5   5  37  49
   0  38   0   0
  26   0  14
  35  11
   0

 250
  25  24  16  17  14  21  20   1  24  13  25  13  18   9  15  17   4  22   9   3  11   5   3  16  12  22  18   3   6   7  18  16  18  13   6  12  18  13  25   8
