  40 
   0   0  33  13   2  40  16  13   0   0   0   7  46  29   0   0   0   0   0   0   0   0   3   0   0  31  14   4   2   0   0   0   8  30   5   1   5   0  18   7
  36   0   0   8  37   0   0   0  30  36   0  18   0  17   0  31   8   0  10   0  41  12   0   0  42   0   0   0   0  22  46  21   0   0   0  10   0  28  33
   0  31   0  26   0  20  26   0   0   0   0  24   0  15   0   0   0  23   0   1   2   0   0   0  36  20   0   0  20   7  15   0  46  30  38  20  23   0
   0  29  10   0  29   0  28   7   0  44  24   0  50  22  35  45   0  50  10   0   0   0  50  20  34  32   2   3  37   0  45  37   0  18   0   0   0
  24  10  30  35   0   9   0  32  45  31  24  22  33   1   0   0   0   0  40   0   0  28   0   0   9   4   4   0  22  32   0   0  43  41   0   0
   0   0   1  50   0   0  28   0   0   0   0   0   0  47   0  42  45   0   0   0  18  34  49  11  39  11   9  14  34  18   0   0   0  37   0
   0  11  12   0  33   0  35   0   0  25  35  21  28   0  21  42  43  31   0   0   0   0   0   0   0   0  15  20   0   0  20   0   0   0
  17  28  48   0   0   0  12   0  19  27   8  14   0  22   0  45   0   0   0   1  32  19  17  27  43  23   0   6   4   0  49  17   0
   0  31  38   0   0  13   6   0  46   0   5   0   0   0  47  35  13   0   0  14   0  26  12  38   0   0   0  20  14  12  25  37
   7  35  13  43   0   0   3  47   0   0   2   0   0   0  38   0   0   0   0  22   2  33  49  22   0   0   0   0   0  17   0
   0   7  21  47   0  12   0   0  36  17  18  23   0   0  38   0  23  30  21   1   0  40   0   0  14   0   0  30  40   0
  16   0   8   0  32  36   0   0   0   0   2  19   0   0  24   0   1   0  33  47  18   2   0   0  16  40   0   0  42
   0   0   0   0  16   0  14  41  34   0   0  42   0   0   0  43   1   0  36   0  15  16  31   6   0   0  46   0
   0  21   0   0  43  20   0   0   0  11  24  12  36   0   0  26   0   0   5   0   0   0   0  47  14  11   0
  38  38   0  50   0  16  21   0  33   0  46  50  16   0   0   0   8  46  22   0  26   0  25  29   0  23
  41  45   0   0   0   0   7   0  44   1  49  41  38   0   0   2   0   0  20   0  18   5  47   0  42
   4   5   0   0  41  19   0  24   0   0   0   4  33   0   0  44   0  39   0   0  36   0  39  29
   0   0  29   0   0  40   0   0   0   0  20   0   0  32   0   0   0  31   0   0  19   0   0
  33   0  20  18   0   0  23   0  36   0  38   6   3  24  14   0  37  25   0   8  46   3
   0   0   2   0   0   0   0   0   5   0   0   2  24   0   0   0   0   0  11   0   6
  21   0  45   0   0   0   0  28  25  25   0   8   0   0  32   0   0   0  25  19
  36   0  25  41  21  36   0   0  42  24   0  33   0   0   6   0   0   0   0
  28  29   0   5   0  12  15   0   0   9  28   0   0  36  25  43  33  46
   0   7  13   7  35   0   6  17   0  12   0   0  17  46  50  26   0
   7   0   0  40   2   0  29   0   1   0   0   0  22   0  12   0
   2   0   0  18  34  44  34  10  34  31  32   0   0   0  33
   0  48  27   0  27   0  12  18   0  44  11  45  16  47
   1  47  41  34   0   6   1  32   0   0  24   0   9
   0   0   0   0   1  26   0  47   7   8   0   0
  15   0  48   0   0   0   0  48   0   0   0
   0  18  49   0  20  18  50   0   0   1
  48  39   0   0  23  10   0  48   0
  29  49   6   0   0  28  38   0
   0   0   0  14   0   0  18
   0   0   0   0   0  45
  48  45   0   0   0
   0  42   0   0
   0  43   0
  19   0
   0

 423
  12   6   9  14  18   1  11  16  24  23  11   5   5  16  22   8  16  19  10  16  23   2  13   3  24  20   9   6  20  14  16   2  15   4  22   6  11  25   6  21
