  40 
  11  33   8  16   0  18   0  48  38   0   0   0  24  17  22   4  16   0  39  47  40  36   6   0  36   4  18   0   0   5  26   0  48   0  43  23   0  25   3  29
   0   0  24  28  43  33   5   0  19  38  24  26   8  49   0   0  26  27  18  41  50  37  19  20  14  32  46  36  45  21  47   4   0  33  42  45  19   0   0
  34  26  12   0  23  11   0  22  18  46   8  13   2   0  30  11   8   0   0  40   0   9  37  31  13   3   3  20  46  35   0   2  48  31   0  40   0  37
   3  47  10   1  22   0  40  41  41  23  13  21  28  30   0   0  50  27  14  19   0   0   0   0  27  22  12  13   4  28  36  22  34   0   6   0  48
  44  23   0  29  31  24  35   0  21   0   0   0   0   0  48   0   0   2   1  13  12  25   2   3   4   0   0   8  27  13  33  46  38  26  45  47
   0   9  27  12   0  19   0  40  11  47  45  46  30  46   5  44  28  19   0  14   0   9  14  18  12   5  35   0  49   0  34  45  50  25  44
  13  18  47   0  25  44   9  49  34  44  45  18  12  42  26  35  38   0  49   6   0   0  21  40  20   0   0   0   5  50   1  47   0  26
  40  40   0  33  26   9  38   6  14   0   5  17   5  32   6   2  37  25   0   6   0  17  19  20   0  17  36   0   0  13  28  47   0
  14   0   2  19  44  46   0   0  46  41   9  24   0   0  12   2  14  29   0  24   0   0  37   7  26  32   0  37  28   0  18  26
   0   0  48   6   0   0  19  33   0  44  10   0   0   0  36  45  49  17  44   0   0  10   0   0  17   6   0  35  35  39   5
   0   0   3  37  17  10  13  34   0  37  48   0   3  45   2  50  29  29  19  41   0   8  13   9  26  49  32   3   0  43
  24   0  14   7  28  41  43   1  27  39  29  44  41  12  40   0  43  10  18  39  13   4  12  28  20  36  18   5  27
  21  24  37  33  11  21  40   7  33   0  43   0   0  32  38  21  48  12  27  45  20  49  16  32   0  20   0   4
   0   0   0   0  10  50   0   0   0   0  26  23   0  47   7   0  16  12  13   2   5   0  16   0   0  11  13
  45   0   0   0  19  50  17  37  26  22  35   0   4  49  45   0   0   0  34  28  16  35   0   0   0  26
   0   0   7   0  46  21  38   8  23  43   0  27   3  16   0  11  24  25  32  29  27  13   0   0   0
   0  24  26  22  39  12   0  33  22  11   2  38   2  11   0   0  35   0  49  46   0  36  40  29
  24   0  49  17  28  17  14   0   7   0   4   0  34  38  16  44  47   7   0  41   1   0   0
   5  40   0  38  48  30  33  15  20  17   0   9  13  28  43  40   0  21   2   0   1   0
  16  34   0  43  27   0   0  13  47  19  13   6  12   0   0   0  20   0  28   0  14
  40  13   0  18  45  34  43  20   0  15   0   0  26   1   0  42   0  24   0  21
   0  26  37  19  31  35  11  12   0  17   0   7   0  34  30   8   0  26  22
   0  20   0  35   2   0   0   6   0  27   2   0  14  10  22  45  11  29
  48   0   0  14  36   3  42  43  37   0   4  18   0  29  21  21  10
  19   8  11  19  15   0  48  42   0  10  20  18  29  41  17   0
  23  43  36  35   0  15  17   0  16  17   0  22  44   0  11
  18  21   0  22   9  50  39   9  30  42   9   0  26   7
   0   0   0  17  11  18   7   0   0  13  17   0  33
  25   0  50  42  11  17   0  49   0  43  38  30
   0   0  35   5  41  50   4  17  23   0   5
   4  29  45   0   8  20   1   8   0  21
  45  13  23  47   0   0  15  48  37
   9   5   7  42  34  26   0   0
  45   0  28  48   5  13  26
   3   0   0  24   1   0
  44  39   9   6  20
   0   0  29   6
  36   0   1
  50  22
   6

 446
  25  15  11  20  10  13  12  15   3  21   8  19   3  25   6  18  15   8  17  19  25   9  19  23  14  14   1  21  16  22  10   9   4  13  10   1  18  22  18   4
