  40 
   8   0   1   0  31   0  46   8   0   0   0  20  24   0   8  45  11  16  18   2   0  28  47   0  13   0   0   0   0   7   0  14  32   0   0  48  24   0  50  10
  16   4   0  15   0  28  50  29   9  25   0  26  37  33  31  27  49   3   0  22  36  25  28  19  14  46  50   0   0  27  41  39  14   0  44   1  28   8   0
   0  32  41  16   8  31  21   0  29   0  21   0  15  19  41   0   0  37  21  29   0  39  48  20  15  17   1  31   0   0   0  42  19  47  46   0  19  35
   9  15   0   0   0  33  23   4  50   6  18  17  15  42  38   0  36   2   0  20  17   0  10  18   0  43  18  37   5   7  11   0  25  19  34   0  39
   2  29   6  25  21  31  10  11  38  24  32  45  37   0  32  37  28   5   0  19   1  48  14   9  20  48  38  10  36   2   0  20   0  37   7   5
  48  11  50  42   1  33  35   7  43   5   9  43  48   0   0   0  46   0  16  26   1   0   0   2   5  27  43  36   3  20  17  24  24   0  15
  21   0  50   0   6  17  10  27  18  43   0  13   0  30  50  33  19  38  31   4   9  17  14  44   0   5   0  41   6  33   4   8  28   0
   7   0  46   0  30  44   3  11  37   5   0   0   0   7  39  15   9  22   0  37   0  26   0  47   0   3  49   0  16   4   0  46  23
  42   0   0  11   0  15   0   5   0  11  23  11   0  33  29  13  23  34  24  34  36   0  25  29  25  25  28  36  50  34  34  27
  41  27   0   0   0   5  42   0   5  12  21  35  38  42   0  34   0  13  39  47  24  28  22   0  47  38   4   0   0  38  31
  34  46  24  39   0  45  24   7   0  36  33  21   9  11  37   0  13  23  41   0  42   0   0  23   0  27   0   4  25   1
  28   0   2  13  36  41   7   9  12  21  16  21   0  23  21  22  12   2  12  29  35  40  41  45  39  24  17  27  33
  14  23   2  29   4   4  28  47  35  41  15   0   4  39   0  39   0   4   0  43  11   0  36   3  12  50  14  27
  23   0   0   0  24  32  27   0  36  14  13  29   0   7  24  16   0  46   5   4   0  10  42  17   0  16   9
   0  16  40   1   0   0   0  37   0   1   7   8  37  11  50  34   0  22  33   4  40   2   1  29   0  44
  31   0   0  39  21   0  11   4  34   0  19   0   1   0   3  46   0   0  20   0   5   0  19   0  39
  12  18  42  36  23  50   0  34  45   0  28   0   0   0  42   8  45   0  21  15  50  22  35   0
  27   0  46   0   2  48   0  15   2  33   0   1   0  23  30  34  47  10  34  45   0  34  32
   0  27   6  12  34   0  36  26  18  42   0  42  18  40   0   6  21   0  44  15  41   9
  45  39   0   0  29  25  34  29   0  39   6   0  43   2   7  48  33   7   4   5  38
  41   7   4   3  15   8  35   0  19   0  38   0  43   4  18  43  34   0   8  19
   0   6  22   0   4   0   0   0   0  18   0  42   1   0   0  13   0   0  20
   3  37   0   0   2   7   0  12   0   0   0  11  49  24   0  46  44  20
   0  41  43   3   5  23   0   0   0  21  22  28   0   4  10  29   4
  20  15   0  18   0  16   0   0  27   0  34  24   0   3  50  14
  44   8   4  14   0  46  29   0   0  44   7  14   6  46   0
   0  43  14  49  40  12  29  44   0   0   0  41  12  14
   0   0   0  28  38  39  43  45  42  50   4  19  47
   0  30   0   0  14   0   0  19  41   0  45  47
   5  38   0  31   0  13  29  33  36  41   0
  27  26   0  50  43  26   0  22   0  41
  30   0  49  33  42  42   2   0   0
  12   3  29  17   0  20  35  46
  46   0  12  22  40   0  30
  17  34   0  39   7  34
   5   0  31  10   0
   0   0   4  37
  35  33   6
  46  46
   2

 293
   2  20   2  23  21  17  11   5  15  25  17  18  25   9   4  12  17  12  24  17  15  23   1  25   3   4  12  11   5   1  16   4   3  18   3  14  11   6  12  16
