  40 
  22   1  33  49  34  22   6   0  12  12  32  12  34  32  33  39   0  25   9   8   0   0  22   1   0   0   0   0   0  28  34   0   0  15  10   8  45   0   7   5
  12  31   0  18  36  10   1  18   0  38   0   4   0   2  48  11   4   0  18  22   3  10  18  44   0   0   2  26  32  49  10  46   4   0  19  28  44  46  32
  37   8  22  43  45  27   0  47  34   0   3  47  21  19  26   0   0   0  17   0  25  16   8  31  33  32  39  40  13  14  48   2  45   5  24  42  32  15
  48  48  18  50  45  28  47  34  20  38   0  48  21  10  44   9  14  14  37   5  43  26   0   0  22  10  38  10  50  20  32  26  49   0  43   0   0
   0  35  22  16   0   6   4   0  27  38  41   0  17  13  14  48   0   5   5  11  50  17  40   0  35   0  37  39   9   0  11  29   6   0  50  38
  49  13  17   2  46   0  20   0  45   0  17  34  30  11  30  32   2   9  40   0   3  37   5  19  11  27  36   6  46  28   0   0  19   0  17
  44  18   0   0  42  29   0   0   0   0  28   0  26  11   0  13   0  40  35  42  23  15  37  48   4  21  47  42  46  48  44  34  30   0
  38  49   0  14  41  34   0   0  35  41  16   0   5  34   5   3   0  19   0  29  26  44   0   0   6   0  41  17  48  24  35   4  11
   0  45   0  39  37  24  17   0   1  48   0  31   2  30   0  13  15  39  12  16   0  36  36   0  15   4  25  25   0   0   5  42
  42  37  33  20   0  44  48  48  14  35  11  19  27   0  31  27  31   0  41  12  25  46   0   0  44   0  42  47  27   0   0
  21  41   0  21  50  37  29   1  14   0  38  42  37   2  14   0   0   0  28  22   4  20  37  17  29   6   0   0  37  33
   0  45  31  29   0   0  21  22   0  18   0  37   0   0   6  26   0   0   0  31   0   0   0  48  30   0   0  31  40
  41  44  12   7   0  36   0  43  44  35  10   1   9  14   0  29   0   8   0   0  37  23  21   0   0  41   0  37
  18  21  35  33   0   0  25   0  30  48   0  22  36   9  17  38  23  38   0  30  28  10   4  30  42   0  39
  15   0   4  26  16  16  26   0   0  11  50  33  31   0  10   0   7  20  19   0   0  21  35   0   2   6
  27  10  37  12   3   0   9  38  34   2   0  22   0   0  46  45  13   0   0  12  37   0  13  31  39
  31   0   0  49  27  47  43  45   0  48   0  36  12  22  40  42  50  36   0  42  23   4   5   0
   0   0   0  16  27  33  34  20  26   0  47   0   0  24  50  33  40  24  31  39  33   0  50
   8  18   0  33   0   0   9  33   8   0   3  33  46   3   6  30   0  30  25   0  33  43
  32   0  46  19  27  21  19   7   0   0  33  29   2   0   0  23  29   0  24   0  12
  29   7  25  11  45   0  25   3  11  17  15   0  14  27   0  45  37   5  28  36
  40  50   6   0  47  18   4  49  40   0   5   5   5  30  29  21  32   7  48
   0  24   0   0   0   9  13  39  50   8  15  48  44  19  20  21   3   0
  26  36  31  15  44   0   7  36  17  44   0   5  50  25  10  29  46
   4  32  13  27  44  30  12  44  48  25  37   0   0  28   1  32
   2   0  44   0   0   9  23   0  10  47  35  32   0  43   0
   0  37  39  37  31  26  16   0   8   0   1  44  20   0
   0   2   0  34  16  28   0  45   7   5  47   0  36
   4  38   0   4  44   0   2   0   0  21  10  35
  27   0  33  15   0  20  19  14  49   0   9
   2  27  16  10  25   0   6  27  16   0
  23  23   0   0  50  33  17   0  29
  47   0  40   0   0   9  47  42
   0  29  23  32   0  17  45
   0  34  20   0   5   0
  12  40   0   8  40
  31   9  10  19
   2   0  16
   6  10
  11

  59
   6  24  18  24  19  20  17  21   2   6  14  17  14  23  25  13   7  22  17  15  23   8   1   5  13  25  16  22   6  24  11   6  16  18  25  22   7  22  12  15
