  40 
  13  32  13  26  24  47  29  39  28   0   0  44  21   0  33   0  16  16  16   0   0  37   0  11   6   0   1  43  13  31   0  49  50  12  19  50  33  30   9   4
  29  43  40   1  19  47  26   0  41  16  43  12  42   0  50  10  21   0  45  25  40   4   7  16   9   0   0  21  17   0   4  44  26  37   0  21  48   2  32
  12  21   9   3   0  18  29   0   7  18   3  10  43  48  46  44   4   0  18   0   0   3   1   0   2   0  17  17   0  25  10   0  16  28  28  41  39  33
   0   0   8  42   0   0  32  34  38   0   0  38   0   0  40   0  20  47  24  46   0  10   0  32   0  47   0  31  26   7   0  23   0  31  24  30   0
   0   0  41  15  33   6  36  31   1  47   3   0  38  26  21  36   0  28  34  18   0  47   0  14  10   0  32  16  40  32   9  20  50  26   8   1
  44  19   2  43   0  21  15  15  28   0  34  44   0  24  47  14  15   0  24   0  40   0  41  48   0   0  41   0  24  35  45   0   0   0  44
  17   9  17   0   3  43   0  45  13  24  29   0  22  50  42   6  26   0  30  16   8  25  19  30   0   0   0  41   0  24  46   6  32  43
  10   1   6  46  21  17   8   0  38  26   8  48  48  34  11   0  31  22  27  43   0  33   0   0  49  49   4  23  17   0  39  39   7
  24  16  30  17  11   0  33   0  41  40  38  24  50  26  40  11  15   0   2  11  50   0  48  18  23   1  46   0   0  48   0   0
   0   7  44  24  32   4  35  31   8   9   5  46  15  10  23   0  36   0  12   0  29   1  31  18  12  34  15  27   8   9  31
  50  47  42   0  19  22  44  47   7   0  20  28  25  10  39  16  28   0  44  13   5   6  10   0  24   0   0   5  19  13
  38  23   0  44  45  19  23  22   2   8  48   0   0   0  18  47  32   2  25  32  45   0   4  24   0   0  16  35   0
  42   0   0  28  14  18   0   5  13  23  39   0  22   3  31   0  46  13   0   0   0  33   5   2   0   0  30   0
   0  12  23   0   0  15   0  13  23  35  43   4  49   7  28  31   0   9   0  22  26  49  47  17  39  18  44
   0   0  48   0   4   4  40   0  36   0   6  39  40   3  33  29  12  41  48  12   0  12  40   0  38  19
   5  16  23  21  50  36  42   8  46   0  43  37   0   0   0   0  35  30  37   0  29  34   5   0  42
  12  24  14   0  27  18   9  36   0   9  50   1  22  30  33   0   0   3   0  43   0  29  15  18
   0   0  39   0   6   0  25  35  43  38   3   0   0   5  49  20  42  24   3  40   0   0  30
  43  19  36  37  20   8   9  27  15  16  15  31   0  37  35  31  39   0   0   0  42   0
   0   0  28   2  13   0   0  25  18   5   0  31  47   0  34  22  33   0  15   2   0
  26  35  39  44  36  48  40   1   0  48   8  13   0  39   3  25  13   5  42  22
  28   0  36   9   0  27   7  40  15   0   0  14   4  34  34  16  28  32  39
  10   0  48   3  48  16  42  32  13  33  43   2   4  13  30  48  38   0
  38  20  34   0  42  32  27  27   2  16  50   0  18   0  15  46   0
  46   5   0  13   1   9  46   5  50   0  31  26  32   0  25   0
  20  44  20   9  29  15  35  10   0  10  34  16  11  33   0
   0   0  10   8  12   1   0  33  38  12   0  45  34   0
  36  29  16  14  12   0  22  21  47   0   8  11  40
  31  14   0  42  24   0  25  33  48   5   0   0
  13  38  47  12  45  15   3  13   6   0  49
  49   0   0  50   0   0  21   5  40  42
  24  32   9  24  15   0   7  20   0
  26  15   6   0   0   7  24  38
  41  23  45   0  11  30  26
   6  15   9  30  38  29
  10  34  40  22   5
  21  19   0  11
  15   0   0
  18  23
   0

  94
  22  10  10   7  18   5  20   5  18  18  22  21  22  23  19  24  24  16  19   5   5  13   9  21   9  15   5   7   6  16  11  20  25   8  19  18   5  11  19  25
