  40 
   0  44   5  13  23   0   0   8   0  26   0  13  41   0   0   0  35   7   0  43  11  31  34  36  48   0   0   9   0  24  15  26  28   9  24  44   6   5  18  19
  12  24   0   3  11   5   0  12   0  12  27   0  46  26   0   0  31  17  42   0   0  50  47  42   7  43   7   8   0  44   0  29  37   0   0   8  26  38  18
  11   3   7  26   0  11  11  37  11  37   4   8  43   0   1  38   0  47  23   0  17   0  12  35  33  39  33  21  41   0  19   0   1  21   0  46   6   4
  42   0  21  38   0  16   9  45   6  16  31  14  17   6  44   0  36   0   0   0  15  18   0   0  37   0   0   9   7   0  44   0   0   3  22  21  41
   0   0   0   5   0  44  12  31  43  50   2  50   0   0  40  17  46   0  22  27   8  44   9   0   0  26  18  30   1  14   1   0   5  11  35   0
  23  41   0   3  39  36   1  12  40  30  13   9  27   0   9  48  26  24   0  42   0  41   5  10  19  24  34  22  50  40   0  21   7   0   9
   0  15   0  24  40  15   0  28  23   3   0   0  13  18  48   0   2   1  28  46   3   1   0  24  36  24  14   0   0  23   0  17  19   0
  38  34  48  10  36   0  39  48  43  50  32  42   4  22  25  47  10  48   0  18  33  27  34   0  45   0  39   0   6   2   0   6  23
  37   0  40  25   7   0  47   4  36  10   5   0  39   1  10  21  27   1  31   0   0  29  37  26   0  42   0  20  11  17   0   0
  28   3   0   0  33   0  31  11   0  27  11  24   0  29  41  22   7  26  32  28  18  36  49  26  29  40   0   5  12  23  49
  30  15  14   2  50  18   0  18  50  49   0  49   3  16   0   0  19  10   0  43  41  18  28  16  16  41  32  39   3  32
  16   0  33   4  35  21  21  20  11  38  38  48   0   0  10  11  25   0   0   0  42   5   0   0   0  14   0   0   6
  39  27  22  42  40  40   0  23  24  29  28  37  22  26  38  49   0  39  12  19   0  16  39  18  43  35   0  15
   4   0   5  23  15  16  20  46  43  49   0   1   0   0  46  23  42  31  40   0  28  28  17   0  32  32  28
   5  18  48  16  25   0  41  15  34  23  22  29  22   0  18  12  43  48  19  30  44  30   4  38  36  16
  29  47  50  38  27  39  29   0  12  24  31  42   4  13   0  42  49   0   0  29  17   0  27   9  22
  46  47  23  16   0   3  27   0  14  20  19   9  25   0   4   5   7   0  47   7   0  42   0  43
   0   0  36  13   0   0   0   0  16  35  46   0   4  13  32   0  26  41   5   0   7  29  22
   0  38  43  37   0   0  16   3  14  17  12  45  26  17   5  15   0  25   0  48  38   0
  16   0  26  42  47  33  13  40   0  50  50   2  22  30  16  47  16  32  38   0  33
   0  10  50  17  49  42  31   0   0   0  48   0  34  21  41   0   2  38  29  12
   8   0  21   7  36   0  37   5   0  19  24   2  24   0   1  39  49  10  13
  15  20   0   0  34  30   0   7   1  16  18   0  48   0  45   0  13   0
  18  16   2  11  21  33   0  30  35  20  50  39  49   0   0  43   0
  26  17  36  27  16   0  19  45  37  10  10  46   0   3  30  33
  17  28  18   3  10  16  35  30  43   6  31   0   8   0  25
  26  35  30  10  36   0   9  23  24  20   2  41   9  20
   0  37   2   7  22   7  39   0   0  23  30  11  40
  37   3   0  30  48   2  20  15  14  14  31  12
  19  20  30  50   0   0  28  47  25  18   0
  42   0  30   0   0   0  43   0  18   0
  47  16  30   0  21  39   0  21  26
   9  28  31   1  44  40   0   0
  27   6  12   6  21  47  46
  43  48   0  10  39  44
   0   0   0   0   0
   0  31  21   4
   0   4   5
  30  20
  39

 487
  14   2   2   6  25  14   9   1   5  13  14  14  23   6  17  15  22  14  10  10   6   4   6  23  14   2  14  25  25  13  23  15   4  15  17  15  25  21  18  24
