  40 
   0  18  38   9   0  42  41  23  38  19   0  15  36   0  21  21  44  10  17  27   0  25   0   0  21   0   0  18  42   0   0   4   7   0  44  46   0  30  14   8
   0   0   0   8  41  18   0  19  21  33  16   7  11  37   0   0   2  12  26   0  50  31   0  12   0   7   0  33  21  19   9   0   8  12  17   0  23   0  27
   0  48  31  42  29  14  42  49   0  15   0  32  40   7  27  47  39   3   0   7  32  17  49   8  28   0  19  44  31  35  49   0  36   9  31  48   0   0
  44  40   0   0  34  21  15  14   7  41   0   0   0  31  14   0  28  50   7   0  42  16   4   0   1  22   0   0  13   0   0  50  13   6  42  21   0
   0  50   0  21   8   0  21   0  26   0  20  40   2  40   0  47  24  26   0  37  43  14   5  45  40   0   7  30  14   0  37   2   0   0  13  45
  23  24  47  27  25  50   0   0  44  21  24  38  20   1  46   4   7   8   0  32   6   1  39   0   0  19  34  45  11   2  19  35  33  35   0
  21  36  23  50   0   0  29  37  48  16  33   1  11  50  25   0   0   0  35  42   0  27  38   0  28   0  41   0   9  14   0   0   0  29
  38  32   0   6  20  19   0  42   6  25  13  42   0  36  27  37   6  49   0  43   2   0  32   0  23   0  19  20  14   0  46  17   0
  10  49   0   0  41  29   0  43   0   0  32   0  37  13  31   0   0  21  29  14  40   6   0  23  47  15   0   7  25  19   0   6
  41  20   0  38   0  10  15   5   0  47  45  18  42  23  48   0   0  36  11   7   0  11  46   0   3  44  31  32  20   2   3
  16  36  20  46  25  13   4   0  47   0   8  11  35  23  18   0   0  49  39   2  17   0   3  46   0   0  29   0  17  28
   0  33   0   5  38  31   0   0  46   0  50   0  45  27  38  29   4  16  13   0  42  24  43   0  12  44   0  41   0
  50   0   0  21  24   0  21  18   0  31  39  11   7  12  25  27   0   0   0   0  23  42   0   1  31  42  39  43
  28   0  26  13  25  16  37   0  50  33   0  13  41  20   4  37   0   0  38  45  43  46  44  40   0  26   0
   0   3   0  39  18  43  25   1  38  49  27  31   5   0  29  40  50   3  40   0  18  21  11   6  21  27
  36   0  20   0   4  35   3   0  21   0  25   8  15  27  30   0  24  10  33  28   0  21  11  38  14
  14  24  29   1   5   0   0   3  23  41  40   9  26  26   0  29   5  40   0  15   0  16  34   0
  38   0  14   8  45  50   8  23  18   0   0  35   0  31   0   9  49   0  21   2  29   0   0
  28  45  32  27  10  28  21  40  18  34  17  36  47   2  43  15  47   0  43  38  46   0
  20  39   0  38   0  11  28  47  29  31  20  33  36  15   0   0  45   4  24  30  12
  23   0  43   3   0  24  15   0  21  46   0  18  49  44  36   0  39  32   0   8
   3  21   1   0  14  27  45  40  10   2   0  15  38  38  22   3   0  31  31
  28   3  18   0  24   5  34  30  26   0  37  21   0  12  43   0  32  29
  34   2  26  24  46  44  29   0   0  30   7   9  16   7  38  17  22
  44  25  21  16  27  33  19  46  45  32   0   7  38  22   9  41
  47  12   0   0   0  46  36  29  43   0  17   1   0  13   0
   0   0   0   3  34  40  30  13  25   0  31  47  13  32
  29  33  22  32  11  18   7  44  21  44   3  47  44
   6  16   4  22  31  34  45   6  50  48  17  26
  24  19  41  50   0  15   0   4  41  29  26
   0   0   9  14   0   0   0   5  12  10
  24  13  23  20  45  25  11   0  24
  25  33  35  27   0  48   0  49
  26   7  47  41   1  47  49
  30  12  28   0  26  48
  18   0  36   8  18
   0  44   0  14
  22   0  37
   0   0
  34

 109
  24  18   2   9  25   5  23  18   8  10  16  10  19  17  18   5  18  20  21   7  17   1  24  15  24  25   5  12  24  23   9  22   5   5  15   8  20  22  13   6
