 100 
  26   0   0   1   0  36   0  46   0  27   0   0   0  45  24   0   0  15   0   0  42  34  11   3  38   0  13  39  11  49  43   4  50   0   0  50  28   0  26  31   0  49   0   0   0   0   0   0   0   0   0   0  11   0   0   0   0   0   0   3   2  15   0   0   8  15  45   0   0  28  49  33   0  19   9   0   0  45   0  39   8  18  39  25  41   0   1   0  44  48   0   0  45   0   0   0   0   0   0   0
  44   0   3   0   4   0  18   0  27   0   0   0   3   0   0   0   0   0   0   0   0  21   0   0   0  11   0   8  18  17   0  28  43   0   0   0   0   0   0  48  26   7  49   0  45   8  44   0   0   0   0   0   4   0  17  37  27   0  38   0   0  48  50   0   0   0   0  17   0   0  45  37   0   0   0   0  14  29   0  28   0   0  41   0   0  46   7   7  23  15   0  35   0   0   0   0  22  26   0
   0   0   0   0  34   0  36  47  41  33   2  10  42   2   0   0  27   0   0  14   0  32   0   0   0  11  15   0   0  43  50  30  43   0   0  37  31  23   0   0  33  22   2  17  34   0  12  18   0   0   0   0   0  46   0   0   0  47  43  11  35   0   0   0   0   0   0  42   2   0   0  26  19   8  19  23   0  38   0   0   3   0  10  32   3  25   0   0   0   0   0   0  25   0  38  34   0  32
   0  31  13   0   0   0   0   8   0   0  38   0   0   0   5   0   0  37   0   0   0   0   0   0   0   0  32   0  15  46  14   1   0  28   5  22   0   0   0   0   8   0   0   0   6   0  21   0  17   0   0   0   0  10  49  14   0   0  18   9  34   0  24   0   0   0   0   0   0   0  12  19   0   0  19  14  13   8  33  14  34  21   0   0  26   0   0  19   3   0  41   0   0   0  24   0   0
   0   0   7  20   0   6   4   0   0   0   0  12   0  46  12  25  26  13   0  47   0  45   0  21   0   5  24   0   6   7   0   6  23   0   0   4   0   0  44   0   0   0   0   0   8   1   0   0   0   0  26  11  17  13   0  34   0   0   0   9   5   0   0   0  32  43   0  33   0  20  38  34   0   0  33   0  32  29  45   0   4   0  39   0   0   0   0   0   3   0  44   0   0   0  27  32
   0  37  28   0   0  34  44  16   0   0   0   0   7   0   0  19  47  19  26  42  50  34   0   0  23   6  10  45   0   0  46   0   2   8  29   0   0  31  18   6   4   1   0  30   0   0  50  42   0   2   0   0   0  44  28   3   0   0   0   5   0   6  16   0  49  25   0  28  48   0   0  11   0  33   0  34  27   4   0  10  36   0   0   5   0   0   0  30   1  44   2   0   0   0   0
   0  21   0   0   0  32  24  37   0  40   0   1  26  44   0   0  40  35   3  20   0   0  30   0   7   0   0   6  48  37   0   0  17   0   0   0   8   0   0   0   3   0  33  33   0  14   0  21  34   0   0   0  50   0   0   0  27   0   5  39   0   0   0   0   0   0   0  32  38   0   0   0  47   0   0   0  46   0   0   0  39   0   0   0   0   0  36   0  10   0  10   0  50   0
  10   0  37   0   0   0  50   0  29  35   0   0   0   0   0   0   2   0   0   0  50  46   0  19  40  28   0   0  26   1  32   0  49  45  48  27   0   0   0  19   0   0   0   0   0   0   0   0   0  49   0  38   5   0   0   0   0  34   0   0   0   0   0   0   0   0   3  47  42   0   0  16   0  29  19   0   0  50   0  47   0   0   5   0  16  37   1  40   0   0   0  23  45
   0  44  49  11   0  17   8  18  31   0  19   0   0   0   4   0   0   0   0   6   0   7  48   0   0   0  41   0   0  22   2  12  12   0   0   0  40   0  20   2   0  38   5  12   8   0   0   0   0  49   0   0  14  32  21  24   0   0   0  33   0   0  26   0   0   0   3  36   0   0  22  37   0  35   0  26   0  39  44   0   8  43   0  33  25   0   0  27  41   6  49  21
   0  22  28   0   0   0  37   0   0   0  13  46  33  42  21   0   0   0  15   0   0   0   0  49  28   3   2   0   0  22   0  19   0   0   0   0  22   0   8   0  42   0  31   0   0   4   0   0  29   0  14   8   2   0   0   0  25   0  45   0   0  26   0   0  23   8   0   0   8  34   0   0  36   0   0   0   0  26  38   0   0   0  30   0   0  14  15  43   0  48   0
  37   8  43  13  30   0   7   0  41   5   0   0  42   0   0   9  14   0  26   0   0   0  48  15   4   0   6  40   0  36  32   0   5   0   8  30   1   6   0   0   0   0  39  18   0  16   0  50   0   0   0   0   0   0   0   1  34   0   0   0  36   0   0  15   0  34   0   0  33  44   0  18   0   9  39   0  13  19  37   6   0   0   0  16  49   0   0  14   5  40
   3   0  36   0  22  39   0  14   0  16   0   1   0   0   4   0   0  15   0  41  39   0   0   1   0   0  38   0   8   0  42   0   0  49  24   0   0  33   2   0  29   0   0   0  17   0  22   0  21   3  22  15   0   0  22  10   0  14   0  50   0  35   0   0   0   0   5   0  24   0  40   0  13   6  25  22  40   0   6   0   0  32   0  12   0   0   0   0   0
   0  35  16  11  13  16   0  19   0   0   0   0   0   0   0  17   0  46  28   0   0  12  50   0   3  49   0   0   0   3   0  32  34  31   0  11   0   0   0   0  49  23   0   0   0   0   0   0   0   0  13  37   0  29   0   7   7  18   0   0  33  50   0   0   0   0  12  23  36   0   4   8  27   0   0   0   0  26  17   0   0  30  25  16   9  25   0   0
  39   0  36  24  43   0  20   0  47  32   7   0  47   0  21   0   0   0   0   0   9  38  33   0   0   0   0   0   0   0  33  10   0  12  48  13  14   2  13  49   0  12   0   0   0  15  32   0  13  42   0   0  23  45   0  10   0   0   0  48   3   0  12   5   7  24  21   0   0   0  40  44   0   0   0  46  49   8  23   0   0  25  11  48   0   0   0
   0   0  33  28  49  50   0   0  19  44   0  48  41   8  29  31  24   0  38   4   0  34   2   0   0  32  27   0   0  37  33  44   0   0  15  39  33   0  17   0  37   0   0  26   0  43   0   0  18  13  29   0   0  35  17  29   0  27  32  31  13  36   3   0   0  17  11  11   3   0   4  14  21  28  35   0   0   3   9   0   0  41   0   0   0  14
   0   0  30  25  11  16   0  23   0  38   0   0   0  39   5   0  44  21   0   0  50   0   0   0   3   0   0  27  32  32   0  25  11   0  41   7  20   3  37  36   5   0   0  20  31   0  14  11   3   0   0  33   0   0   0   0  33   0   0  37  20   0   0   0   0   0   0   0   0  48  15   0   0   0  39   0   0   0   0   0   0  36   0   5  21
   8   0  20  11  18  38   0   0  28   0   0   3  19   0  25   1  42   0  21   0   0  29   0  23   0  29   0  17  20   0   0  10  45   6   0   0  35   0  12  47  27  45  44   0   0  29   0   0   0  50   0  21   0  13   0  15   0   2   0   0   0   0   0  21  43  14   0  40  11   0   0   0   0  30  32  38  18   0   0  17  48  27   0  39
   0  12   0   0  10  20   0   0   0   0   1  10   9   0   3   0   0   0   0   0   0  12  32  42  34   0   0  20   4   0   0  17   0  36  46  16   0  17   0   0   0  28   0  46  43  50  16   0   0  31  50   0   8   0   0  49   1  35  11  42  21   0  14  18   0  49   0  33   0   2   0   0  40   0   0   0  43   0  46   0   0   0   0
  10   0  25   0   0   4  28  23   0  45   0   0  41   0  16  16   0   0  16   0  21   0  25  17  24  47  36   0   0  17   0  26  50   0   0   5   3   0  41   0   0  30  24   0  30  46   0   0   0   0  39   0  13   0  39   0   0   0   0   0   0  48   0   0   0  41   0   0  44   0  30  47   0  46   0  15   0   0   0  44   5   0
  28   0   0   0  38  26   6   0   5   0  43  22   0  33   0  20   0   0   2  34   5   0   0   0  44  32  36   0   0  30   0   0  13   0   0   0  29  42   0   0   0  41   0   0   0   0   0  24   0  30   0   0   0  40   0   0   0   0   2   0  45  38   0  50   0  31   0   0   0   0   0  22   0   0   6   0   0   0   0  16   0
   0   0  11  38   6  21   0   5   0   0   0   0   0  48  27  10  24   0   0   7   0  18  37  21   0   3  45  42  17   0   0   0   0  32   0   0   0   0   0   0   4   0   0   0   0   3   0   0  31  31   0   0  47   0  27   0   0   0  19  23   0  37  45  49  25   0   0   0   0  22   0   0  34   0   4   8   0  14   0  26
   0  41   0   0  33   0   0   0  34   0   0  19   0  10   0  25   0  27   4  28   0   0   0   0   0   0   0   0  40  25  49  23  27  16  30   0  17   0   0  10   0   0   0   0  40  21   0   0   5   3   0   0  10   0  39   0   0  41   0   0   1   0   2   0  35  30   0   0   7   0   0  39  12  41   0   8  32  32   0
  30   0  43   0   0   0  29  24   0   0  13   7   0   0   0   0   0   0  28   0   0   0   8  27   0  46   0   0   0  47  40   0   0  33   0   2  21   0   0   0  42   0   0  29   0  24   0   0   0   0   0   0   0   0  13   1  34   7   0   0   0   0   0   0  27  22   0   0  38   0   0  22   0   0   0   4   1  10
   1   0   0  16   0   0  22   7  49   0   0   0  16   0  36   0  34   0  35  45   0  12  21   9  25   0  45  27   3  18   0   0  39   0  14  17   8  18   0   0   0  48  12  43   0   0   0  13   0   0   5  26   0   3  24   0   0   0   0   0   0  17  22   0   6   0   2  49   0   6   6  16   0   0  47  36  21
   0  19  49  26  31   0   0   0  34   0  32  17   0  47   0   0  48   0  36   0  12  21   9   0  31  40  24  49   0  19  14   0   0  39   0  23   0   0   5   0  40   0   0   0  15  29   7   0  29  48   0   0  19  39   0   0   0   0   0  17   0   0   7  33   0  29   1   2  27  28   0   0  18  18  49  21
   0   4   0  34   0   0   0  17   0   0  39  22   0  27   0   0  24   8   8   0  46   7  19   0  20   9  12   0  42   0   0   0   0   0  17  40   0   0   0   0   0   0  15   0  35  43  50   0   0  14   0   0   0  44  35  44  32  42   0  37   0   0   0   0   0   0   2  48  32   8  16   0  24  10   0
   0   0  14   0  26   0  28   0  41  46   0  16   0   0   0  19   0  41  33   0   0  35   0  36   0   0  33  43  18   8   0  23  44   0   7  37   0  42  20  26   4  25  21  32  49  35  43  18  20   0   0  50   0   0   0   0   0   0   0  11  28  40   0  24   0  19   0   0   0  10   0   0   0   0
   0   0  27   0   0   0   0   8   0   0   0  45  42   0   0  15  23   0   7  29  27   0   0   0   0   0  13   0   0   0   0  38  41   0   4   0   0   0  43  14   0   0   0   0   0   4  14  29  33   1   0   0  22  15  48   0  31   0   0   0   0  47   0  41  43   0   0   0  21   0   0  17   0
   0   0   0   0   0   0   0   0   0   0   0  29  44   0  48  31   7   0   0   0   0  13   4   0   0  47  46   0   5   0  48  43   0   0   9   0  28   6  24   0   0  50  12  50   0   0   0   0  47  17  12   0   7  45  37   0   0   0   0   0   4   0   0   0   0   0   0   0  21   0   0   0
   0  47  39   2  40  25   0   0  18   1  27  10   0  35  16   4   0   0  21  40   0   0  13   0  17  34   0   9  42  18   0  35   5  28   0  36   0   0   4   0   0  50   0  20  43  14  38  42  35   0  17   9   0  44  39   0   0   0   0   0  38  49  36  20   6  48   0  30   0  40   0
  50  20   0  20   0   0  37  30   9   0  28  49   0   0   0  13   0  16   9  34   0   2   0   0  32   0  40  15   0   0  19   0   0   0  29  21   0   0  47   0   0  19   0   0  24   0   4   0   0   6  46   0  42   0  26   0  44   0  45   0   0   0   0   0   0  29   2  29  43  50
   0   0  18   0   0   0   0  22  30  37  25  48   0   7  40   0  30  10   0   0  13  29   0   0   0   0   0   0  15  19   0   0  42  31  17   0   8   0   0  49   0  36  27   0   0   0   0  46   0  29   3   0   0   0   0   0   8  35   0  20  21   0   0   0   0   0   0   0  46
  23  31   0  17  17   0   0  34  24  27  14   0  37  37   8   0   0   0   0   0  48   0   2  11  40   0  26  46   0   9  33   1   0   0   0   7  13  48   0   0   0   0  34   0   0  18   0  45   0  35   0  32   5  42   0   0  37  39   0   0   0   7   0  15  19   0  37   0
   0  33  50  32   3   0   5   0  29  38   0  46   0   9   0  20   0  28   0   0   0   0   0   0   0  17  38   0   3  24  26  25   0   0   4  13   8   0   0   0  47   3   0  22   0  35  48   0   0  17  35  27  37  29   0   9  30  25   5   0  35  25   0  15   0  15   0
   0  10   0   0  48  24   0   0   3   8   0  31  16   0  26  41   0   0  38   0  34   0   0   0   0  28  43   0  23   0  49   9   0  48  23   0  37  23   0   0  26  12  16   0   0   0   0  23   0   0  49   0   0   0   0  29   0   0   0  33   0   2  29  25   0   0
  11   0   0  23   0   0   0   0  49   0   0   8  35   0  43   1   0   0   0   0   0  44   0   0   7   0   0   0  26   3   0   7   0   0  10   0   0  25   0  46   0   0   0   0  17   0   0  26  29  26   0  15  35   6  39  38   0  49  21   0   4   0   0  49  17
   0  31   0  50  15  30   0   7  23   0  14  48   0   0   0  36   9   0  30   9  50  29   0   0  15   5   2   5   0  20  44   0  35   8   0   2  47   0  28   0  39  11  11   0  49   0   0  26  31  30  41  50  32  28  10   0   3  22   0   0   0   7   3  24
  19   0   0   0  13  42   0  48  36  11  13   8  34   8   0   9   0  15  18   0  39  40   0   0   0   0  17  27  29   0  16   0   0   0  15   0  11   0   0   0   0  41   0   0  40   0  30   0   0   0   0   7   0  38   0  43   0  33   0   0   2   0   0
   0   0   0   0  36   0   7  28   0  33   0   0  24  11   0   1  28  25   8   0   0   6  43   5  23   2   6  28   0  40   0   7  10  11   0  27  34  38  28   0   0  20  18  24  30   0   0   0  14  37   0   0   0   0  39  27  38   3   0   0  49  32
  27   0   0   0   0   0   0  43   0   0   0   4   0   7  48  10   0  31   0   0   0   1   0   0   0   0   0   0   0   0  21  44  50   0  42   0   0   0  45  27  50   0   0   0   0   0  11   0   0  43  25   1   0  25   1   9  49   0   0   0   0
   0   0   0  41  17  28   0  49  36   0   0   0  26   0  37   9   0  32  12   0   0   0  26   0   0   0   0  37  27  49   3   0   4  44   0   0  17  44   0   0   0  33  41   2   0   0   9  19  33  16   0   0  24  46  35  44   0  26   0   0
   0  38  13  18   0   0   0  27   0  21  49  29   0   0   0   0   0  30   0   8  46  46   0   0   0  13  20   4  47   0   0   0  35  16  23   0  24  40  47  15   3   0  45  20   0   0   0  44   0   0  22   0  25   2   0   0   8  25   0
   0  24   0   0  31  17   0  45   0  49  20   0  13   0   0  14  48  15   0   0  30   0  49  48  14   0   0   0   0  10   3  17  29   0   0   0   0   0   0  37   0   0   3  31   0  18   0  39   0   0   0   0  44   0  18   0   0  46
  45  24  36   0   0   0   0  41   0   7   0  10   0  45   3   0   2   0   0   0   4  34   0   7   0   0  16   0   0  20  17   0   0   5  21  24  21   0   5  44  15   0   0   0  50   0   5   4  20   0   0   0   2  21   3  23  38
   0   7  38   0   0  44  19   0  40   0  24  12   0   0  37   0  40   0   2   4   0  31   0   7   0  45  47   8   0  21  32  40   0   0   0   0   0   0  33   0  28   0   0   0   0  47   0   8  42   0   0  50   0  39   0  47
  42   0   0   0   0   0   0   0  30   0   8  37   0   0   0   0  11  24   1   0  37  19  14   0  15  16   0  19   0  35   0   0   0   0   0  27  35   0   0   7  40  24   6   0  16  31  34  37  41   0   0  40  40   0  40
  29  32   0  47  49   0   0   0   0   0   0  23   7   0   0  46  34   0  30  25   0  43   0  26   0   0  31   0   0  41  41   0   0  30   2  41   0   0   0   6   0   0   0  26  11   0   0  16  24   1  11   0   0   4
   0  22  47   0  10   0   0   0   0   0   0  40  38   0   0  45  27   0   0   0  12   0  19  27   0  45  49   1   0   0  48  43   0   0   4   0  43  48  21   0   0   0   0  39   0   0  14   0  40   0   0   0  36
  13   1  23   0  42   0   0  34   0   0  19   0   0  17   0   0   0  19   0  33  18   0   8   1   2   0   0   0   0   0   0   0  19   0  34   4   0   0  16  38  49   9   0   0  13  19   0   0   1   0   0   5
   0   0   0   2   0  15   0   0  38   0   0   7   0   5  24   0  35   0   0   0  23  37   0  10  41  18   1  11   0  46   0   6   0   0   0   0  49   0  48   0  43   3   0  45  38   9  30   0   0  40  15
   0   0   0   0   2  10  11  29   0   0   0   0   5  18  36   0   0  31  31  45  21  39   0  11   8   0  49  21   5  27  49  11   0   0  28   0   0  31   0   0   0  41  13  10   0   0   0  12   0   0
  49   0   0  21   0   9  23   0  16   0  46   0   6  29  41   4   0   0   0  39   0  50   0   0   0   0  35  47  24  23  25  33   0  18  33  24  19   5  40  36  39  48  29  41  31   0   0   0  28
   0   1  34  35   0  26  27  31   0  48   0   0  45  16  24   0   0   0  29   5  31   0   0  37  25  18  10   5   2  10   0   0   0  43  11   0   0   0   9   0  29  32  14   0   0   0   8  21
  35   0   0   0   0   0  41  16   0  16   0   6  31   0  36   0  46  13   7   0   0   0   0   0   0  31  36  41  16   0   3  42   6  18  46   0   0   0   0   0   0   0   0   0  22   0   8
  16   0   0   0   0   0   0   0   0   6   8  25   0   0   0   0   0  42   0  40   0   0   0   0   0  10  11   0   0  20   3  49   0  21  17   0  41  37   0   0  19   0  42   0   2  39
   0  10   9  17   2   7  19   0   0   6   0   0   0  19   0  44   0  38   7   0  28   9  20   6   0   0   3   7   0   0   0  20   0  45   0   0   3   9   0  23   1  21   3   3   8
   0   0   0   0  10   0   0   0  33   0  11  17  34  17   9   0  38   0  34  23   0  35   3  44   0   0  29  27   0   0   0  19   0  18  47  12  25   0  43  44   0   0   0  17
   0  37  18   0   0   0   0   6   0   0   0  11  30   0  30  44  11  34   0   0   0   0  32  23   0   0   0   0  48   0  11  27  27  11   0   0   0  21   2   0   0   0   0
  21  21   0   0  40   0   0   0  22   0   7   0   0   0   0   0   4   0  25   0  35   0  22   0   0  36   0   0  24   9  12   0   0   0   2   8  21   0   0  33  49   5
  31  38   0   0   0  49  30  39  13   0  27   1   0   0  16  48   0  23  29   0  32   0   0   0  48  17  43   6   0   0   0   0   0  16  46  43   0  27   0  44  44
  15  19   7   0  30   0  14  34  43   0   0   0  33  14  48   0  40   0  29   0   7   4  47   0   0   0  16   0   0   0   0   0   0  47  24   0  18  11  39  27
   0  38   0  41   0   0   9   0   0  16   0   0  49   0   0  22  23   0   0  21   0  39  39   0   0  44   0   0  32   0  25  44  13  34  29   0   0  27  47
   0   0  42   0   0   9  43  42  15   0  39  38   0   0  41  47  24  33  41   0   0  39   0  14   0   0   1  27  12  24   0  49  42   7   0  28   0   0
  40  45  38   0   0  35   9  43   0   1  21   3  18   0   0  42   0   0   4   0   0   0  50   0  12   0  44  44  37   0  10  31   0   0   0   7   0
   0  32   0   0   8   0  48   0   0   0   7   0   0   0  23   0   8   0  10   0  11   0   0  13  16  20   0  44   5   0   8  13   0  40   0  39
   0  49   0   0   0  49   0  25   0   0  19   3  10   0   0  31  15  12  17   0  35   0  31   0  17  15  26  32   0  34  31  37  37   7  18
   0   3   0   0  33  16  10  15   0   0  26  15  25  38   0  10  50  42   0  27   0   0   0  13   0  49   0  13   0  20   0   0  18  26
  41   0  24  27   0   0   0  46  36   0   0   8  19   0   0  42   8   0   0  38   0  41  20   0  34  48   0  31   7  45  13   0   0
   0  34   0  18   0   0  46   0  19  47   9   0  14   0   0   7  41   0   0   3   0  10   0   9  42  25  44   0   0  30   0   1
   0  50  48  13  17  46   0  23   0   0  15   0   0   0   0  37   0   0  18  38   5   0   6   9  44   0   0  10  45  24   2
  30  18  48   0   3   0  22   9   0   0  36  26   0   2   0   0   0  32  30  22  42  31  33   6  16   0   5   0   0   0
  16   0  22  42   0  11  24  38   0  44  24   0   0   0   0   0  50  43   0   0   0  27  34   5  10  23   7   8   0
   0   0   0  20   6  31  28   0   0   8  26   0   0   0   0  50   0   5  50   0   0  39   0  50   0  15  11   0
  44   0   0   0   0   0   0   0  31   7   0  29  33   0   0  16   0   0  38   0   0  14   0   0   3   0   0
   0  36  50   0  33   2   0   0   0  42   0  40   3  35  48  26   0   0   0   0   1   3  14   0   0  33
   0   0   0  27  47  39   0  35  17   0   0   0   7   0   2   9  31  16   0  26  15  37  36   0   0
   0  48  15  19   1  18   0   0   0   8  28   0   0  48   0  12  17   0   0  13   5  42  31  32
   0   0   0   0   0   0   0  20   0   0  24   0   0   0   0   0   8   0   0  29  49   0  44
  43  44   4  14  36   0   0   0   0   0  23  24   8  41   0   0   2  42   0  41  12  34
  30   0   0   0   0  43  29  15  41   0  36   0  27  13  41   0   0  20   0   0   0
  21  14   0   0  14   0   3   0  39  24  36   0   0  34  40  33   0   0   0   0
  31   0  25   0   0   0  45   0  32   2  27  41  29  22  10   3  45   0   0
   7   0  13   0   0   0   0  46   0   0   0   2   5   0   0  44   0   8
  37   0   0  33  43   9   0  34   0  43  34  43  25   0  30  26  39
   0   0  44   4   0   9  18   9  42   0   0   0   0  30  47   8
   0  19  34   0   0   0   1  48  36   0   0  45   0   0   8
   0   9   0   0   0   1   0  44   0   0   0  30  21  44
  50   0  21  34   0   0   0   0  25   0   0   0   0
   0   3   0   1   0   6   0   0   8  41  37  46
   0  26   0   1   0   0   0  36   0  50   0
   0   0   0   0  29   1  26   0   0   0
   0  13  24   0   3  12  10   0   0
   0   0   0  25   0   0  31   0
   0  13   4   4  47  39   0
  21   0   0   0  14   0
  13   0   0   0  11
   0  13   0   0
   0  48   0
   0   0
   0

 378
  22  19   7   2  18  17   2   4  12  25  13   1  14  19  11  25  20   1  23   3  17  19  20  23   4  10  12  12   7  21  20   8   6  11  25  14  21  14   2  22   8   5  18  17  22  24  16  19   8   2  20  23   2   7   1  24  11  17   3  14  20   5  16   7  12   7  15   6  18  18  14  13  16   6   7  14  16  15  10   3   9   2   7  22  17  19  21   2   1  10   1  15  24  19  24  24   9  23  21  21
