 100 
  26  31  11  23   2  46  23  50  46  36  23  19   7  45  32  15  34   3  40  36  23  14  20  50  39  40  34  43  33  44  22  29  40  39  48  41  22  27  44  44  20  45  41  39  32   8  15  13   7  32  38  39  18  22  15   1  50  13   5   7  27  29  29   1  36   5  10   2  13  43  29  34  40  22  16  16   5  11  23  25  24   1   6   6   3  36  40  39   5  35  38  28   6  43  31  44  40  47   7  35
  30  49  27  27  49  27  37  26  46  44  22   1  36  45  30  20  28  11  50  47   1  38  38  10  24  17  36  37  38  11  40  37  39  36  18   4   5  16  27  41  33   7  45  45  44   7  24   1  13   2  26  40  31  30   9  30  10  14  36  20  10   4   2  35  11  46  41  42  13   4   3   3  44  27  13  25   9  33   3  27  46   4  31   5  18  24  23  28  19  22  35  30   8  16  24  46  30  46  15
  31  10  26  14  48  19   7   4  12  29   6  20   5   1  36  13  45  24  32   9  38  44  33  35  24  30  36  15  48   4  34  33   9  17  18   7  12  28  35  49  10  49  39  45  45  45   3  11  48  22  33  18  32   2  15  49  45  39   8  31  16  45  35  50   7  40  25  44  33  34  15  17  27  34  18  32  22  34  50  15  20  29  21  38  23  18  23  34   9   9  12  19  40  42  49  13  30  11
  15  29  49  14  20  39  27  23  25   2  27  38  13   9  41   7   2  29  32   9  38  26  23  39  36  36  26  33  28   8  22  47  28  50  13   8  40  32  24  40   1  25  30  32  44  46   1  18  47  41  25   4  49  15  23  14  48  27  27  19   7  30  30  28  15  41   8   7  49  38  22  29  26  45  37  47  43   3  32  23  32  27  23  21   2  23  38  41  10  10  33   2  35  35   1  46  39
  30  21  33  39  41  22  31  34  37   8  33  11  47  34  33  12  14  46  16  27   7  18  39   3  17  43  49  24  36  33  19  49  38  43   8  14  35  14  35   6  21  39  23  28  21  13  12  20  20  35  45  40  25  13  31  36  31   2  43   4  42  26   7  21  11  18  29  13  49  33   2  24  29  11  10  12  46  36   8   2  41  42  42  38  23  38  15  35  50  19  50  45  35  23  49  21
  26  30  12  36  22  26  28  20  44  49  36  14  12  21   2  24  31   9   6  37   9   6   5  15  12  39  50  46   7  42  21  21  28  27  14  42  39  40  29  23  25  22  42  35   6  39   1   9  28   5  46   8  13  34  20   4  15  48  34  46  13  11  16  19  34  12  16  33   1  47   3  37  48  10   8  15  16   3  41  46  41  13  35  43  38  20   9  49  42  28  12  47  31  20  27
  16   6  33   9   3  29  44  14  19   6  46  11  21  34  31  23  49  13  34  26  31  31  30  46  40  17  26  13  29  44   8  20  30  33  46  30  48  33  40  13  14  35  45  42  49   4   3  45  23  33  30  24  26  43  37  39  14  19  38  30  41  19  28  34  43   6  39  31  37   6  47  11  49  41  48  11  38  49  16  44  40  32  33  40   7   9  45  14  41  23  29  18   4  36
  42   4  33  11  26  40  33   2  36  18  33  35  42  22  38  27  28  19   6  22  12  22  48  43  26  47   7  44  23  33  44  17  50  37  25  43  17  42  41  23  18  40   7   6   8  37  30   9  32  36  12   5  12  33   6   4  17  43  20  39   2   5  44  45  12  19  19  38  38  22  39  41  28  15   9  17  48  28  19   2  14  35  25  27  42  28  21  13  35  15   1   2  19
  28   4  35  12  35  48  29  22  12  13   4  29  49  46  16  16  39  46  23  19  38  12   4  35  31  34  40  15  35   7  46  21   4   3  34  40  39  19  49   8  40  23  49  40  47  47  36  23  28  11  40  23  19  26  23   2  28  11  12  47  40   5  19  45   6  50  39  22  33  46  13  47  11  37  46  40  34  13  16   2  39  28  43  50  17  44  18   5  50  30   8  37
   6   6  31   1  27   3  49  47  42  11  23  30  30  48  44  18  37  48  18  43  29  15  14   3  12  46  21  15  44  26   7  47  49   6  41   6  21  23  17  40   8  20  38  13  29  16   1  32  17  22  25  48  14  33  24  26  11  14  16   5  17  32  19  16  35  12  19  10  20   8  44  19   6  30  24  35  42   7  20  35  46  39  45  38  38   8  50  20   8  27  23
  11  31  20  26  30  10  43  31   7   1  22  46  34  42  41   1  35  49  36  37  36  36  13   3  14  31  44  44  15  39   5   9  14   5  44  46  46  16  29  44  40  49   7  46  21  18  36  43  35  38  35  11   5   9  49  36  49  37  19  19  20   7   4  37  29  41  21  50  32  41  23   4  28   3   3  27  30  21   4  26  11  46  28   8  18   1  33  15  45   8
  20  28  18  14  39  24  28  24  44  32  42  21  43   1  41  28  41  12  47  29  26  48  35  48   3   2  47  34   8  13  30   3   1  31  38   1  25  12  38  48  50  45  16   8  14  17  30  30  15   9   9  35  25  12  35  23  26   1  14  42  28  33  43  18  29  43  48  31   4  18  45   9  14   2  39  22  31  22  33  50  47  22  36  26   3  31  13   9  38
   6  45   5  10  24  29   7  31   1   3  31  45  26   5  16   9  19  47   4  42  29   7  34  19  35   1  16  45  10  36   1  31  14  28  23   3  26  39  19  29  31  21  28  34  27  22  35  24  43   1  11   8  41  48   5  21  49  14  18   3  26  22  45   7  17  11  47  22  46  37  50  30  25  16  49   1  15   5  33  44  49  24   5  45  17  39  19  16
  26  15  27  29  34  17  26   8  19  30  10  32  20   7  44   6   3  43  38   6  44  37  49  12   6   4   6  31  45  13  25  36  13   3  48  37  15  15  41  21  36  45  22  50  46  45  37  29  38  34  40  34  35  32  28   1  15  17  45  47   7  25  30   1  33  21  38  19  40  10  11   5   9  16  29  50  28  32  40  26  30  16  24   3  17  35  47
  32  34   3  32  40   8  39  14  16  36  28  38  38  20  33  28  10  36   5  47  40   8   8   3  16   6  28  15  38  11   7  43  19  38  21  40  39  29  27  25  16  17  27  40  18  39   8  23  30  36  40   5  17  46  23  48  21  19  15  39   4  50   8  25  13  34  22  37  31  20  17   7  42  17  48  12  16  14  41  48  12  40  40  49   3  27
   9  19  14  24  11  37  16  33  37  33  24   8  35  27  38  45  46  39  15  33  50   6  14  22  31   4  49   8  42  49  42  38  19  18  10  33  33  17  17   7  15   6  11   9  14   2  23  15  41  44  34  24  34  46  47  41   2  30  27   1  38   5   1  36  33  22  35  16  47  41  27  26  20  30  10  42  18  30  38  47  29  33  32  40  29
  25  37  31  49   6  24  46  39  27  38  48  50  36  17  15  33  46  25  41  25  31   3  49  27  28  27   4  45   9  28   3  20  34   5  18  40  23  41  44  25  43  25  24  29  19  46  21  21   3  39  27  27  15  45  43   3  21  19  49  49  27   7  22  17   7  13  46  25  14  49  40   1   8  18  26  39  31  46   2  32  37  10  36  14
  16  24  10  14  49   1  41  29  48   7  30  26  12  46  10  46   7  45  34  44   9   2  24  23  17  41  40  18  39  17  30  20  12  24  24  35  31  32  40  38  25  28  19  38  21  46   3  49  19  49  37   2  19  40  11   3  37   4  45  22  28  28  43  49   9  46  27   4  24  10  41  28  27   7  41  31  45  35  20  27  10  32  12
  38   7  22  44  23  15  29  42  25  10   1  35  42  25  50  17   4   4  48  34  32  23  22   5   2  17   6  45   3  42  33  18  50  30   4  28  23  24  29  38  44  47  34  39   9  23  22   8  42  11  47  19  26  42  25  30  22   5  29   5  44  20  26  28   6   2  41  33   4  10  17  16  16  18  10  30  35  47  50   2  34  50
  25  43   3  25  15  49  47  24  50  26  10  15   4  26  30  24  39  22  31  10  36  36  41  38  17  24  45   3  10  12  30  40  49  10  28  43  46   6  15  43  28  29  13  31  32  39  40  49  46  47  27  26  47  37  35  39  26   5   7  37  22  32  43  35  33  38  42   8  32  15  39  12  44  10  35  38  21  40  19   6  39
  50  23  25  25  25  19  12   5  22  17  30  30  31  10  48  50   5  24  22  21  42  47  23   5   7  47  24  33  41   1  36  46  48  44  32  15   1  34  49  22  20  29  40   7  24  36  26  10  12  23  33   1  41  27  46  15  14  10  13  12  37  18  14   9  49  13  49  10  29  50   4  33   6  44  20  11  21  15   7  23
  20  32  19  34  10  37  22  26  38  12  16  45  18  16  37  44  47  23  12  19  32  18  24  32  17  45  40  43  19  40   2  28  37  39  10   6  17  36  28  50  25  44  45  30  29  36  38  22   3  31  28   4  10  35  34  49  38  19   8  33  27  14  39  26  16  50  36  49  27  10   3  35  24  33   8  11  15  28  18
  24  11  36  22  38  24  29   4  50  50  32  35  11  40  37  50  25  15   5  11  46  43   8  36  35  23  35  36  14  41  25  50  30  31  49   8  50   7  14  41  21  16   1  37  37  29   3  50  31  26   2  24   1  20  42  30  42  41  49  13  19  22   9   1   5  35  31  15  37   3  33  13  10  40  34  47  36  35
   9  50  47  34  43  27  26  24  48  31  14  50  30  48  35  26  38  11  32  45  17  50  31  19  34  13   4  47  48  26   4   3   2   3   1  47  10  34  44  17  40  50   2  30  23  19  17  41  43  37  27  10   3  48  18  38   7  21  37  24  31  12  33  34  16  29  21  21  38   2  28  19  15  34  24  36   9
  33  32   2  44  12  25  28   3  25  34  42   5   1  39  35   9   8  27  35  18  21  42  47   2  38  29   3  11   8   5  49  39  19  39  10  41  42  15  21  39   2  49   9   7  17   2  41  31  43  12  12  34   1  14  26  21  24  18   9   2   6  22  38  48  14  14   6  16  46  15  25  45  45  50  45  13
  50  44  40  35  11  38  35  43  32  48  37  50  37  14  22  33  43  28  23  23  29  44  18  31  30   1  11  26  24  41  49   2  41   1  47  11  18  45  37  16  30  25  29   7  47  41  40   9  24  30  24  30  49  31  15  42  45  33  33  10  45  43  17  39  12  16  43   5  26   8  18  34  19  39  29
  47  42  22  11  37  28   7  29   3   3  42  30  21  13  28   8  22  22  46  41  31  13   1   3  23  42  25  14  45   2   5   4  40   3  22  42  40  27  36  27   7   7  12   3  18   5  16  21  16  25  47  32  41  10  17  40  49  40  50  34  50  30  38  23  44   3  38  37  23  22   3   5   4  40
  50  20  30  16  31  36  24  47  46  15  17  30  27   8  16   6   9  27  27  35  13   9  43  46  40  40  21   7  43  12  20   3  27  15   7   2  25  35  37  24  33   6  37  27  27  40  25  10  31  22  34  13  26   8   1  40  15  27  32   6  34  23   5  46  43  21  27  21  10  14  11  28  35
  39  24  14  13  10   5  47  44  22  29  35  12  18  21  45   2  13  38  16  21  34  36  22  28  34  13  28  21  47  20  37  36  31  33  12  33  32   3  26  33  44  46  29  46   9  50  21  31  39  47   1  36  25  23  24  31  46  16  11  27   9  35  40   8   2  11  47  49  45  38   3  24
   8  35  41  18  13   3  39  20  44  20  16  16  20  45  21   4  14  40  27  22  37  16  33  25  49  29   7  32   4  21  38  17  12  31  15  21  30  11  34  32  15  22  46  45  26  47  41   3  43  10  50  30   3   5  19  19  42  15  48  18  45  19   4  23  24   2  30  24  11  41  50
  37  22  17  29  42  39  43   3  39  34   5  38   4  20  21  24  43  31  15  43  14  42   8   5  44  31   7   6  37  38  13   9  16  11  19  40   7  27  32   8  37  14  17  25  20  26  44  36  14  15  48  42  13  36  49  39  45   2  41  36  43  22  22  21  20  18  19   4  44  38
  40  47  25   8  28  34   5  44  45   6  32  16  27   3  23  39  23  41  17   7  42  15   5  25   1  35  25  18  17  48  40  49  30   8  48  35   1  12  30  28  31  26  20  34   4  18  42  42  28  12  40  43  25   6  45  38  50  46  17  31  35  17  12  47  39   3  12  36  43
  31  47  23  36   2  10  43   2  14  50  32  14  25  24   8  32  34  14  24  26  46  10  33  15   6  20  25  43  25  18  45  36  36  38  42  29  39  13  18  31  27  11   2  19  50  13  50  47  14  50   8  33  28  13  50  28  33  49  31  35  27  20  16  10  36  42  37  49
  46   3  44  38  42  42  23  27   7  14  10  20  11  34  12   2  44  29  30  41   8  33  48  13  18  40  41  21  11  14  24   8  27  42  50  34  14  41  17  45  29  27  22  32  22  18  17  36  24  17  44   6  23   6  47  42  37  35  19   4  41   2  46  26  40  17  47
  38  31  47   5  50  22  42   9  45  27  28  24  24  37  16  16  19  12  17  47  12  27  43  23   5   8  37  48  21   2  36  29  19   5  19  16   9  31  21  37   4   8  19  10  31  34  44  11   4  45   4  44  29  38  43   3  13  49  24   1  20  40  44  31  40  34
   7   8  43  44  20  20   1  40   9   1  26  19  15  29  39  45  24  20  30  49  31   5  12  26   4  33  15  38  41  50  39   4  25  47   5  19  18   5  35  20  15  24  50  25  32  40  43  30   5  10   7   3  26   8   1  14  19  22  41   5  27  21  41   6  34
  44  21  14  13  48  10  12  38  48  32  38  41  40  34  47   7   8  20  13   9  38   2  17  37  48  33  18  30  31  46  40  37  20  28  50  11   8   5  17   1   6  36  10  47  16  44  18   5   3  43  47   4   1  37   2  35  50  35  17  29  18  40  12  42
   2   3  19  43  20  32  37  36  22  39   1  46   8  29  44  23  15  16  20  46  26  47  19   2  40  48  50  32  50  19  16  43  11  37  34  39  20   9   4  16  12  49  45  48   9  16  29  11  19   6   1  38  17  20  20  26  43  21  23  25  27  30  46
  49  31  24   3  49  15  16  42   8  47  32  19   5  13  19   1  41  44  40  43  29  17  46  12  25   8  24  44  13  39  27  41  12  39   2  23  49  45   8  26  27  25  48  27   4  33  47  14  46  48  15  48  36  32  14  45   1  38  24  15  31   4
  45  34  22  24  32   3  24   3  39  28  31  25  15  36   6   8  38  47   9  18  21  23  38  23  10  22   2  33  39   5  24  13  13  14  27   6  29  26  10  17  38  39   1  20  23  37  23   3  10   3  32   6  37   2  47  11  20  36  11   2  13
   5  45  26  38  31   6  39  30  44  41  13  33  34  45  21  30   4   2  44   3  45  15  26  11  21  22  35  13  10  35  24  48  47  18  17  43  26  46   8  46  10  17   2  26  48   2  45  41  49  27  37  29  15  24  33  28   8  43  12  11
  40  43  34   6   5  21  34  14   9  25  14  10  33  28  21  35  37   2  24  34   2  40  34  31  18  22  39  14  43  10  44   3  36  33   3  35  48   6   7   3  49  23  11  22  30  24  20  15  29  46   1  16  27  47  16  23  30   1  15
  39  16   7  13  20  42  49  32  45  25  46  40  13  27  43  48   2  45  15  49   4  47   7  31  19  26  32  39  44  47  19  28   5  49  12  33  34  29   7  47   8   8  44  45   7  28  35  39  46  11  31  27  37  22  29  18   8  18
  31  47  25   6  32   5  49  25  44   1  27  48  46  35  42  19  15  10  17  21  13  43  10  11   4  14  15  42  11  47  13  18  34  43   3  19  36  19  15  43  28  13   2   7  23  21  24   8  42  48   7  39  23   6   7  40  26
   4  31  31   4  13  35   2  33   3  28  23  42  22  16  35  10  10  46  49  39   3  28  20  28  38  33  44   9  38  27   6  45  24  36  42   8   2  30  48  29   8  44  10  33   8  23  26  38  33  37  46  38  31  43  13  17
  47  29  49  45  40  28  15  24  19  43  46  20  41  11  10  35  32  31  25  35  44  33  17  45  45  18  41  11  30  19  22  41  17  13  39  16  42  10  14  39  23  42  12  49   9  41   3  19  25  21  37   1   7  36  34
  49  19   7  36  18  39  18  41  47   9  34   7  24  26  18   7  41  29  41  15  49  17  18   1  10  13  38  36  24  43  39   8  28  50  16  11  17  47   7  35   9  36  21  15  10  43  26  27   6  45  43  34  29  16
  20  49   1  10  31  37  12   7  15   5  44  13   7  44  37   6  19  40   7   5  24  43  33   8  47  42  27  27  45  10  31  32  13   3  37  11  50  22  42  27  46  40  45  28   1   2  43   8  46   3  36  26  50
  15  23   3  27  50  23  13  10  11  33  27  25   1  34   7  12   1  32   7  43  26  39  27  28  19  46  16  45  24   1  38  10   1  22  10  43  23  25  41  15   4  40  42   3   2   9  31   9  29  36  39  39
   7  27  47   7  27  49  41  39  10  23  20  29  40  36  50  16   3  27  17  26  37  29   4   3  32  45  25  45  23  24   6   2  24  21  38  31  50  20  42  13  49  37  18  21   8  43  20  12  25  45  23
   8  35  22  49  23  35  45  36  18  19  23  24  42  13  41  31  45  14  46  24   8  18  38  15  42  24  30  37  31  22  31  39   1  43  15  25  20  49   4  24   4  27  14  40  21  13   1  42  50  36
  11   9   7  43  16  21   5  33  31  12  14  27  32  35  11  24  29   1  24  19  13   7  33  45  24  39  47  30   2  28  13  15  15  23  48  31  33  15   4   8  28  15  39  40  22  11   5  13  18
   4  18  20  31  18  40   7  39  49   9  48  33   9   6  12  20  19  49  40  45  37   8  27  50  39  19  26   9  40   5   2   5  10  40  49  50  29  11  47  42  27  22   3   1  29  21  19  13
  29  15  48  15   3  19  29  23  45   4   9  42  32  42  28  18  16  18  12   4  23   8  36  26  37  11  37  50   5  29  35  42  25  32  38  28  35   4   1  27  37  23  18  18   5  14   4
  20  27  13   7  12  10  17  46  15  32  42  10  41  19  42   8  27  46  33  36  11  26  37  15   4  41   8  17  26  30  29  25  41  43  20  42  10  29  17  24  46  18   1  50  30   2
  11   6  42   9  37  27  16  44  29  20  31  29  36  47  13  24  44  48  38  35  29  40   6  14  39  31  41  23  20  39  40  33  16  30  29  37  50  29  14  27  44  12  34   5  16
  50  37   1  27  49  43  17   8  22  44  30  39   4   7   2  36   8  36  23  21   9  25  39  31   2  37   9  50  50  24  44  36  34  10  24  44  24  12   2  50  26   6  15  35
   1  33   2   5  43  38  36  50  31  48  29  27  38  47  23  26   9  20  32  24   3  33  30  44  10  44  48   4   8  36  11  13  12  30  13  28  14  37  47  49  49  44  23
  29   3  26  10  26  40  24  47  47   5  20  25  16  15  25   6  39  26  15  48   7   2  44  42  35   2  20   7  43  31  47  18  33  28  30  44  43   2  18  14  33   3
  17   3  21  29  39  33   5  31   1  22  32   9  11  15   9  47  28  49  22  48  15  14  42  13  16  19  48  42  46  24   2   3  30  14  20   9  16   5  24  15   5
  16  26  23  47  43  29  34  46  49  39  10  46   7  45  14  33   9  49  23  21  25   1  19   3  39  38  24  28   9  38  17  20  29  15  34  50  48  43  29  35
  19   2  16  49  48   4   1   5   1  40  36  21   9  23  29   1  22  19  42  12  20  25  34  45   7  21  29  23  37  24  11  22  13  34  30   6   4  22  42
  21  35   9  19  22   3  31   4  22   1   9  24  46  49   4  25  28  35  10  30  22  20  17  17   8  26  19  20   1  13  10   8  12  18  10  35  32  27
  26  11  41   1  13  26   1  46   3   6   7  33   8  26  43  14  12  40  42  33  36   2  18   7  45  41   8   6  11  39   3  27  41   6   6  12  10
  25   9  47  17  43  17   4  21  43  31  47  42  45  29  40  38  28  47  26   8  43  14  10   5  42  18  15  12  20  43  14  33  33  40  45  37
  34  41  28  37  31   2  28   6   2  26  26  23   6   6  40  13   8  44  26  18  39  34  37   7  16  31  42  19  19  36  26  47  28  24  49
  43  21  31   9  33  28  35  26   1   8  30  40  28  16  27  30  38  39  25  49  42  32   8  23  14  13  29  43  28  12  45  46   9  39
  33  48  10  41  31   6   3  26  34  30  32   6   1  11  31  36  11  22  10  41  40   5  49  38  45  10  45   2  15  27   1  29  48
  15   9   1  28  49   7  16  12   7  26  13  47   4  48  37  38   4   2  11   7  22  28  13  22  13  46  12  27  21  49  13   8
  48  43  31  37  10   8  50  19   9  35  11  16   6  26   3  37  14  18  33  15  25  29   4  14  45  17  30  45  31  15   3
  28  33  13  31  12  43  32  13  35  42   3  31  39  46  32  40   9  45  38  36   9  45  26  48  10  23  10  38  38  28
  26  22   9  41   2   1   4  41   2  40  21  25  29  39  36   7  36  41  26  50  43  43  46  36  26  16  30  14  34
  20   9   8   2  38  14  48  12   6  39   3  13  22  41  23  49  46   4  14  11  48   4  13   3  21  18  13  24
  14  35  26  11  27  49  42  13  15   8   7  32  48  23  16  49  20  46  25  49  27  12  17  33  43  50  29
  43  33  48  26  18  43  13  14  33  17  26  14  40   4   4   4   1  29  29  48  44   2   1  48  26   5
  30  39   2  27  31  18  34   3  30  28   6  20   2   6   5   9  41  36  49  29   5   6  36   8  28
  24   1  36  17  49  47  15  27  21  32  41  44   4   9  34  16  22  44   7  45  39  23  34  30
  46  39  43  22  45  28  18  20  21  27  31  50  42  27   4   1  31  13  34  39  30   6  46
  30  16  21  26  47  37   7   8   3   1  13  35  28  49  33  30  28  39  12  39   7  20
  16  36   3  32  20  43  31  20   7  24  35  24  28  31  26   3  11  25  17   1  19
  45  40  46   8  25  10  11   3   1  45   2  10  11  37  16  50  27   2   5   3
  17   7   6  21  27  46  33  36  27  17   4  40  18  37  35  42  17  46  42
  23  36  50   8  20  20  29  10  22  32  39  22  22  29  28  11  24  11
  19  19  11   9  29   8  41   5  31  40  18  14  12  13  45  40  14
  30  14  17  32  34   9  25  23  26  38   9  34  32   9  50  47
  11  23   6  35  36   3  11  49  40  10   8  15   5  37  10
   1  22  23  40  16  43  23  39   6  44  22   8  15  49
  36   5   3  29  16  18  39  40  22  47  33  30  16
  16  28  22   9  24   4   3  20  12  18  50  43
  23   8  27  23  13  40  32  49  17  27  39
  46  43  16   4  37  31  22  28  16  15
  25  16  30   2  35  37  39   5  46
  32  26  49  42  48  28  36  50
   1  27  33  12   5  24  35
   3  39  48  19  27  25
  40  39  31  41  22
  30   5   9  33
  21  29  46
   7  43
  10

 914
  14  19  23  24  25   1  11   9   6  23   7  23  15  22   3   8  12   2   1  24  11  25   7  16  10   1   2  23  10  18  24  19  22  22  10   5   7  23  23  13  18  22  16  17  13   3   5  12   5  18   6  17  16   3   5  24  23  12  23  12  25  13   2   9  17   7  16  15   5   7  21   7  16  19  18  12  13   3   1  16  21  25  22   8  25  24  17   3   6   2  25  23   4   9  22  13  11  25   1   6

