 100 
   0   0   0   0   0   0  15   0   0   0   0  42   0   0   0   0  37   0   0   0  43  33   0   0   0   0   0   0   0   0   0   0   0   0   6   0   0   0   0   0   0   0   0   0   0   0   0   0  42  38   0   0   0   0   0   0   6   0  49   0   0  31   0   0   0   0   2   0   0   0   0  34  13   0   0   7   0  38   4   0  22   0   0   0   0  33   0   0   0   0   0   0   0  36   0   0   0  50  21   0
   0   0   0   0   0   0  39   0   0  37   0   0  18   0  25   0   0   0   0   0   0   0   0   0  37   0   0   0  33   0   0   0   0   0   0  49  26   0   0  29   0   0   0   0  14   9   0   0   0   0   0   0   0   0   0   0  22   0  29   0  42   0   0  47   0   0   0  19   0  44   0   1   0   0   0   0   0  48   0   0   0  25   0   0  13  33   0  32   0   0   0  32   0  50   0  34   0   0   0
   6   0   6   0  29  14   4   0  38   0   0   0   0  31   0   0   0   0  14   0   0   0   0   0  47   0   0   0   0   0   6   0   0   0  34   0  25   0   0   0   0   0   0   0   0  12   2   0   0  27   0   0   0   0   0   0   0   0   0   0   0  21   0   0   0   0   0   0   0  49   0   0  31  10   0   0   0   0   0   0   0   0   0  35  35   0   0   0   0   0   0   0   7   0   0  19   0   0
   0   0   0  44   2   0   1   0  23   0  25   0   0   0   0   0   0  49   0   0  28   0  12   0   0  19   0   0   0   0   0   0   0  49   0   0   0   0   0   0  37   0   0   0   0   0  21   0   0  39   0  11   0   0   0   0   0   0   0   0   0   0  17  35   0   0  43   0   0   0  29   0  10  28   0   0   0   0   0   0  17   0   0   0   0   0  46   0  49   0   0   0   0   0  16   0  37
   0   0   0   0   0  21   0   0  20   0   0  47   0  49   0   2   4   0  42  50   0   0  33  33  20   0   0   0   0   0   8   0   6   0   0  43   0   0   0  21   0  41   0   0   0   0   0   0  23   0   0   0   0   0   0   0   0   0   4   0   0   0   0   0   0   0   0  26   0   0   0   0   0   0   0   0   0   0   0   7   0   0   0   0   8   6  28   0   0   0  12   0   0   0   0  49
  30   0  49   0   0   0   0   0   0   0   0   0   0  45  18  42   0   0   0   0   0  15   0   0   0   0   0   0  49   0   0   0   0  20   0   0   0   0   0   0   0   0  25  10   0   0   0   0   0  29   5   0   0   0   0   0   0   0   0   0  35   0   0   0   0   0   0   0  47   0   0   0   0   0   0   0   0  26  24   0   8  23   0   0   0   0   0   0  38  30   0   0   0   0   0
   0   0   0  18   0   0   0   0   0   0  36   0   0  10   9  19   0   0   0   0   0   0  18   0   0   0   0  28  37   0   0   0   0   0   0   0   0   0   0   0   0   0   0  36   0   0   0   0  36  11   0   0   0   0   0   0   0   0  36   2   0   0   0  21   0  15  40   0   0   0   0   0   0   0   0  18  48   0   0   0  47   0   0   0   0   0   0   0   0   0   0  14   0   0
  36   0   0   0   0  16  43  26   4   0   0   0   0   0  28   0   0   0  43   0   0   0   0   0  46  25   0  49   0   0   0  38   0   0   0   0   0   0   0   0   0  20   0   0   0   0   0   0   0   0   0   0   0   0  30  43   0   0   0   0   0  35   0   0   0   0   0   0  44   0   0   0   0   0   0   6   0   0   0   0   0   0   0   0  36   0  16  10   0   0  13   0  34
   0   0  15   0   0   0   0   0   0   0   0   0   0   0   0   0   0  25   0  25   0   0  17   0  11   0   0   0  38   0   0   0   0   0  19   0   0  30   0   0   0   0   0   0   0   0   0   0   0   0   0  26   0  47   0   0   0   0   0   0   0   0   0  12   0  27   0   0   0   2   0  40   0  26   3   0   0   0   0   0   0   0   0  13   0  25   0   0   0   0   0   0
   2   8   0   0   0   0   0   0   0  28   0   0  41   0   0   0  13   0   0   0   0   0   0   4   0   0   0   0   0   0   0  16   0   0   0   6   0  46   0   0   0   0   0  45   0   0   0   0   0   0   0   0   0  43   0   0   0   0   0   0  32   0   0   0   0   0   0   0   0   0  17  49  26   0   0   0   0   0   0   0   0   0   0  12   0   0   0   0   0   0   0
  24   0   0  31  23   0   0   0   5   0   0   0   0   0   0   0   0   0   0   0   0   0   0   0  23  39   0   0   0   0   0   0   0   0   0   0  30   0   0   0   0  37   0   0   0   0  25   0   0  12   0   0   0  12  28   0   0  35   0   0   0   0   0  37   0   0  50   0   0   0   0   0   0   2   0   0   0   0  33   0   0   0   5   0   0   0  33   0   0   0
   0   0   0   0   0   0  33   0   0   0   0   0   0  13   6   0   0   0  32   0   0   0   0  30   0  38   0   0  35  36   0   5   0  40   0  23   0   0   0  30   0  47   0   0   0   0  27   3  29   6   0   0   0   0   0   0  22   0  18   0  20   9   0   0   0   0   0   0   0  50  38   0   0   0   0   0   0   0   0   0   0   0   0   0  38   9   0   0  19
   0  13   0  47   0   0   0   0  19   0  12  30   0   0  37   0   0   0   0  43   0   0   0   0   0   0   0   0   0   0   0  44   0   0   0   0  30   0  11   0   0   0  16   0   0  45   0   0   0   6   0   6   0   0   0   0   0   0   0   0   0  41  11  17  31  19   0  41   0   0   0   0   0   0  19   0  24   0   0   0  37   7   0   0   0   0   0   0
  43  31   0  24   0   0   0   0  19  50   0   0  20   0   0   0   0  19   0   0   0   0  18   0  34   0   0   0   0   0  22  22  44   0   1   0   0   0   0   0   0   0   0  20   0   0   0   0   0   0  23  29  13   0  11   0   0  50   0   0   0   0   0   0   0   0   0   0   0   0   0   0  32   0  24   0   0  43   0  19  10   0  17  29  16   0   0
   0   0   0   0   0  21  46   0  46   0   0  12   0   0   0   9   0   0   0   0   0   0  15   6   0   0   0   0   0  24   0   0  41   0   0   0   0   0   0  20  41   0   0   0  34   0   0   0   0  21   0   0   0   0   0  13   0   0   0   0   0   0   0  38   0   0   5  44   0   0   0  44   0   0   0   0  10   0   0  15  46   0   0   0   0   0
  46  13  17   0  50   0   0   0   0   0  22   0   0   0   0   0   0   0   0   0   0   0   0   0   0   0   0   0  42   0   0   0  47   0   0   2   0   0   0  18  24  25   0   0  44   0   0  15   0   0   0   0   0   0   0   5   0  19  31  48   0   0   0   0   0   0   0   0   0   0  17   0   0   0   0  34   0   0  24   0   0   0   0   0  31
   0   0  48   0   0   0   0  18  35   0   0   0   0   0   0  48  23   0   0   0   0   0   0  19   0   0   0   0   0   0  26  44   4  26  23   0   0   0   0  39   0  22   0   0   0   0   0  11  23   0   0   0  45   0  48  44  17  12   0   0   0   0   0   0   0   0   0   0   4   6   0   0   0   0   0   0   0   0   0   0   0   0   0   0
   0  19  19  29  10  32   0  17   0   0   0   0   0  16   0   0   0   0   0  22   0   0   0   9   0  49   0   0   0   0   0   0   0   0   0   0   0   0   0   0   0   4   0  30   0   0   0  30   0   0   0   0   2   0  49   0   0  20   0   0   0   0   0   0   0   0   0   0  10   0   1  16  42   0  10  45   0   0   0   0   2  49   0
  48  17   0   0   0   0  28   0   0   0   0   0   0  37   0   0   0   0  22   0  24   0   0   0   0  10   0   0   0   0   0   0   0   0   0   0   0   0   0   0   0   0   0   0   0   0   6   0   0   0   0   0   0   0   0   0   0   0   0   0   0  36   0   0   0   0   0   0  34  50   0   0   0   0   0   0   0  27   0  45  27   0
   0  43   0   0   0   0   0   0   0  23  27  30   0   0   0   0  48   0  30   0   0  30  15   0   0   0   0  26   0   0   0   0   0   0  22   0   0   0   4   0   0   0   0   0   0   0   0   0  23   0   0   0  20   0   0   0  12  16   0   0   1   0  42   3   0   0  36   3   0   0   0   0   0   1   0   0   0   0   0   0   9
   0   0   0   0   5   0   0   0   0   0   0   0   0   0   6  33   0   7   0  44  10   0   0   0   0  35  42  34  27   0   0   0   0  28   0   0   0   0   0   0   5  41   0   0   0  42   0  21   0   0   0   0   0   0   0   0   0   0   0   0   0  41   0   3  43  17   0   0  25   0   0   0   0   0   0   0  41  42  31   0
   0  27  38   0   0  48  16   0   0   0   0  42  14   1   0   0   0   0  20   0  32   6   0   0   0   0  11   0   0   0  34   0   0  23  40   0  30   0   0   0   0   0   0   0   0   0   0   1   0   0   0   0   0   0  39   0   0  30   0  41   6   0  10   0   0   0   0   0   0   2  18   0  39   0   0  11   0   0   0
   0   0   0   0   0   0   0   0   0   0   0   0   0   0   0   0   0  34   0   0   0   8   0   7   0  27   0   0   0   0   0   0   0   0   0  38   0   0   0   0   0   0   0  26  17   9   0   0  17  12   0   0  43   0   0   0   0  23   0   0   0   0   0   0   0  43  37   6  15   0   0   0   0   0   0   0   0   0
   0   0   0   0   0  19   0   0  33   0  23   0   0   0   0   0   0   0   0   0   0  11   0  46  29  36  19  34   0  44   0   0   0   0   0   0   2   0   0  34   0   0  29   0  18   0  16   0   1   0   0   0   0   0   0   1   0   0   0   9   0   2   0   0  20  17   0  43   0   0   0   0   0  36   0   0   0
   5   0   0   0   0   0   0   7  10   0   0  24   0   0   0   0   0   0   0   0  35  22   4   0  20   0   0   0   0   0  21   0   0   0   0   0   0   0   0   0  37   0  47   0   7  39   0  18   0   0   0   0   0   0   0  39   0   0   0   0   0   0  32   0   0   6   0  15   0   0   0  10   0   8   0   0
   0   0   0  10   0   0   0  39   0  26   0  38   0  40   0  23   0   0  20   0  28   0   0   0  34   0   0   0   0   0  14   0   0   0   0   0   0   0   0   0  18   4   0   0   0   0   0   0   0  24   0   0   0   0   0   0   0   9  20   0  10  30   0   0  30   0   0  28   3   0   0  48   0   0   0
   0   3   0  17  28   0   0  21   0   0   0   0   0   0   0   0   0   0   0   0   0   0   0   0   0   0   0   0   0   0   0   0   0   0   0  22   0   0   0  30   0   0   0   0   0   0  39   0   0   0   0  14   0   0   0   0   0   0   0   0   0  45   0   0   0   0   0  17  42   0   0   0   0   0
   0   0   0   0   0   0   0   0  29   0   0  50   0   0   0   0  28  39   0   0   0   0   0  31   0  46   0   0  46   8   0  35   0   0   0   0   0   0   0   0  28   0   0   0   0   0   0   0   0   0   0  50   0   0   0   0   0  43   0   6   0  49   0   0   0  37   0   0   0  24   4  21   0
   0  23   7   0   0   0   0   0   0   0   0   0  34  47   0  10   0   0   0   0  11   0   0   0   0   0   0   0  17   0   0   0   0   0   0  42   0   0   0   0   0   4   5   0   0   0   0   0   0  45   0   0   0   0   0   0   0   0   0   0   0   0  32   0   0   0   0   9   0   0   0   0
  49   0   0  44   0   0   0   0   9   0   0   0   0   0   0   0   0   0   0   0   0   0   7   0  10   0   0   0  33   0   0   0   0   0   0   5   0  22   0   0  43   0   0  43   0   0   0   0  30   0   0   0   0   0   0   0   0   0   0   0   0   0  44   0   0  16   0   0   0   0   0
  35   0  25   0  30  31  23   0   0   0   0   0   0   7  41   0   0  10  46   0   0  21   0   0   0   0   0  43   0   0   0   0   0   0   0   0   0   0   0   0   0  29   0   0   0   0   0   0   0   0  39   0   0  14  23   5   0   0  11   0   0   0   0   0   0   0   0   0  47   0
   0  48   0  21   0   0   0   0   9   0  40  48   0   0   0   0   0   0   0   0   0   0   0   0  14  12  14   0   0  29   0  25   0   0   0   0   0   0   0  49   0  22  44   0   0   7  17   0   0   0   0   0   0   0   6   0   0   0   0   0  45   0   0   0   0   0   0   0  10
   0   0  30   0   0   3   0   0   0   0  32   0  17   6   0  41   9   0  42   0   0   0   0   0   0   0   6   0   0   0   0   0   0   0   0   0   0   0   0  26   0   0  48   0  31   0   0   0   0  10  35   0  40   0   0   2   6   0   0   0   0   0   0   0   0  28   0   0
   0   0   0  27   0   0   0   0  15   0   0  31   0   0  15   3   0   0   0   0  10   0   0   0   0   0  14  19  36  46   0   0   0   0  28   0   0  17  37   0  28   0   0   0   0   0   0   0   0  47   0   0   0   0   0   0  25  40   0   0   0   0  27   0   0   0   0
  27   0  18  41   0   0   0   0   0   0   0   0   0   0   0   0  11  37   0   0   0  26  41   0   0   0   0  24   0   0  18   0   0  43   0  27   0  33   0  26   0   0   0  10  50   0   0   0  16   0   0   0   0   0   0  24  14   0   0   0  13   0   0   0   0   0
   0   0   0  40   0   0  16   0   1   0   0  49  40   0   0   0  16   0   0  30   0  21   0  27   0   0   0   0   0   0   0   0   3   0   0   0   0   0   0  21  31  40   0   0   0   6   0   5   0   0   0   0   0   0  27   2  50   0   0   0  36   0   0   0   0
  47   0   0   0  36   0   0   0   0   0  46   0   0   0   0   0   0   0   0   8   0   0   0   0   0   0   0  19  28  39  34   0   0   6  13   0   0  37   0   1  39   6  29  46   0   0   0  13   0   0   0   0   0   0  47   0   0   0   0   0  30   0   3  37
   0   0   0   0   0   0   0   0   0   0   0   0  50   0   0   0   0  39   0  25   0   0   3   0   0   0   0   0   0  31   0   0  22  14   0   0   0   0  12   0   0   5   0   0   0   0   0  30   3   0   0   0   0   2  46   2   0  37  31  27   8   0   0
   0   0   0   0   5  39  32   0   0   0   0   0  47   0   0   0   0   0   0   0  29  19  12   0   0   0   0  33  16   0   0   0   0   0   0   0   0   0   0  16   0   0   0   0   0  21   0   0   0   0   0   0  32   0   0  43  43   0   0   0  20   0
   0   0   0   0   0   0   0   0  28   0   0   0   0  22  43  34   0   0   0   0   0   2   0   0   0  40   0   0   0   0   0   0  28   0   0   0   0   0   0   0  20  27   0   0   0   0   0   0   0   0  41   0  27   0   0   0   0   0   0  28   0
  26   0  10   0   0   0   0   0   0   0   0   0   0   0   0   0  45   0   0   0   0   0   5   0   0   0   0  14   0   0   0   0   0  42   0   0   0   0   0   0  19  30  32   0   0   0   0   0   0   0   0   0  22  16  12   0   0   0   0   0
   0   0   0  34   2   0   0   0   0  43   0   0   0   0   0   0   0   0   0   0   0  22   0  36   0   0   0   0   0  39   0   0   0   0   0   0   0   4   0   0  10   0   0   0   0   0   4   0   0   0   0  45   0  50   0  21  17   0   0
  12   0   0   0  20   0   0   9   0   0   0   0   0  19   0   0   0   0   0   0   0   0  13   0   0   0   0   0   0   0   0   0   0   0   0  42   0  16   0   0   0   0   0  50   0  18   0   0   0   0   0   0   0   0  50   0   0   0
   0   0  26   8   3   0   0   0   0   0   0   0   0  45   0   0  20  22   0   0   0   0  36  20   0   0  47   0   0   0   0   0   0   0  38  32   0   0   0   0   0   0   0   0   0   0   0   0   0   0   9   0  11  19   0  47   0
   0   0  16   0   0   0   0  27   0   0   0   1   0   0  19   0   0   0   0  49   0   0   0   0   0  28   0   6  33   6  31   0   0   2   0   0  10   0   0   0   0   0   0  37  33   0   0  49   0   0   0   0   0   0   0   7
   8   0   0   0   0   0  24   0   0  29  19   9   0   0   0   0   0   0   0   0   0   0  13   0   0   0  48   0  21  21   2   0   0   0  31   0  38   0   0   7   0   0   0   0  15   0   0   0   0  40   0   0   0   0   2
   0  28   0  36   6   0   0  35  21  35   0   0   0   7   0  11   0   0   0   0  18  38   0   0  43  29   0   0   0   0   0   7   0   0   0  32   2   0   0  11  10   0   0   0   0   0   3  40   0   0   0   0   0   0
   0  34   0   0   0   0   0   0   0   0   0   0  16   0   0   0   0   0   0   0  10   0   0   0  27  37   0   0   0   0   0   0   0   0  35  22   0   0  34   0   0   0   0   0   0  32   0   0   0   0   0  17   0
   0   0   0  10   0   0  17   0   0   0   0  25   0  46   7   0  50   0   0  19   0   0   0   0  25  43  39  48   0   5  21   0   0   0   0  20   0   0   0   0   0   0   0   0   0   0   0  43   0  49   0   0
  28   0   0   0   0   0   0   0  31   0  42  26  44   0   0  39   0   0   0   0   0   0   0  21  39   0   0  32  25   0   0  14   0  48   0   0   0   8   0   0   0   0   0  45   0   0   0   0   0   0   0
   0   0   0  27  15   0   0  46  11   0   0  40   0   0   0   0   0   0   0   0  32   0   2   0   0  22   0   0  45   0  47   0   0   0   0  39   0   0  35   0   0   0   0   0   6   0   0   0   0   0
   0   0   0   0  37   0   0  47   0  44   0   0  32   0   0   8   0   0   0   0   0   0   0   0  23   0   0   0   0   0   0  44   0   0   0   0  42   0  28   0   0   0   0   0   0  49   0   0   6
   0   4   0   0  13   0   0   0   0   0   0   0  30   0   0   0   0  21   0   1   0  47   0  17   0   0   0   0   0   6   0   0   0   0   0   0   0   0   0   0   0   0  18   0   0   0  35   0
   0   0   0   0   0   0   0  43   0   0   0   0  30   0   0   0   0   0   0   0   0   0   0   0   0   0   0   0   0   0   0   0   0   0   0  21   0   0   0   0  24   0   0   0   0   0   0
   0   0   6   0   0   0  18   0  17   0   0  28   0   0  22  21   0   0   0   0   0   0   0   0  27   0   0   0  40   0   1   0  40   0   0   2   0  17   0   0   0   0   0   0  31  31
   0   0   0  39   0  23  21   0   0   0   0   0   0   0   0   0   0   0   0   0   0  30   0   0   0   0   0  26   0   0   0   0   0   0  36   0  29  17  18   0   0   0   0   0  47
   0  18   0   0   0   0   0   0   0   0   0   0  27   8   8   7   0   0  32  44   0   0  41   0   0   0   0   0   0   0   0   0   0  48  30  17   0   0   0   0   0  21   0  45
  24   0   0  15   0   0   0   0   0   0   0   0   0   0   0   0   0  31   0   0  32   0   3   0   0   0   0   0   0   0   0   9   0   0   0   0   0   0   0  49  14   0   0
   0  20   0   0   0   0   0   0   0  22  41   0   0   0   0  28   0   3   0   0   0  47   0   0   0   0   0   0   0   0   0   0  26   0   0   0  14   0   0   0   0   0
   0   0   0   0  12   8   0   0   0   0   0  19   0   0   0   0   0   0  28   5   0   0   7  46   0   0   0  11   0   0   0   0   8   0  25  25  44   0  35   0   0
  32   7   5   0   0   0   8  23   0   6   0   0   0   0   0   0   0   4   0  14  15   0   0   0  31  43   0  16   0   0   7   0   0   0   2  25   0   9   0   0
   0   0   0  30   0   0   0  20  14  25  36  30   0   0  14   0   0   0   0   0   0   0  11   0   0   0  46   0  10   0   0   7   0   0   0   0   0   0   0
   7   0  46   0   0  46   0   0   0  38   0   8  49   0   0   0  48   0   0   0   0   0   0   0  42   0   0  49   0  26   0   0   0  16   0  28  23  36
  41   0  19   0   0  50   0  12  46   0   0   0   5   0   6   0   2  18   0   0   0  36   0   0   0   0   9   0   0   0   0   0  20   0   0   0   0
   0   0   0   0   0   0   0   1   0   0  44  22   0   0   0  43  16   0   0   0   0   0   0   0  26  39   0   0   0   0   0   0   0   0  34   0
   0   1   0   0   0   0   0   0   0   0  33   0   0   0   7   0   0  24  36   0   0  42   0   0   0   0   0   4   0   0   0   0   0   0   0
  15   2   0   0  24   0   0  36  42  22  50  45   0   0   0   0  24   0   0   0   0   0   0   0  44   0   0   0  31   0   0  22   0  20
   0   9  10   0   0   0   0  17  14   0  30   0  29   0   0  19   0   0   0   0   0   0   0  44   0   0   0   0   0   0   0  21   0
   0  34   0   0   0  39   0  47   0   0  16   0   0  43   0   5   0  29   0  10   0  23   0   0   0   0   0   0   0  21   0   0
   0   0   0   0   0   0   0   0   0   0  36   0   0   0   2   0   0   0   0   0   6   0  17   0   0   0   0   0  10   0   2
   0   0   0  38   0   3   0   0   0   0   7   0   0   0   0   0   0   0   0   0  41  31   0   0   0   9   0  22   0   0
   0   0  20  35   0   0   0   0   0  43  45   0   0   0   0   0   9  47   0   0   0   0   0  15   0   0   0   0   1
   0  20   0   0   0   0   0   0   0   1   0   0   0  22   0   0   0   0   0  15   0   0   0   0   0  27   0  50
  34   0   0   0   0   0  12   0   0   0   0   0   0  16   0   0   0   0   0   0  36   0   0   0   0   0   5
   0   0  44   0   0  41   0   0   0  45   0   0   0  33  39  43  20   0   0  29  35  21   0   0   0   0
   0   0  12   0   0   0   0   0  30  28   0   0   0  24  35   0  20   0   0   0   1   0  21   0   0
   0  31  10   0  11  41  32   0   0   0   9   0  26   0  10   0   0   0   0   0   0   0   0   0
   0   0   0   0  27  13   0   0   0   0   0   0   0   0   0   0   0   0  23  50   0   0   0
  29  29   4   0   0   0  32   0   0  26   0   0   0   0   0   0   0   3   0   0   0   0
   0   0  42   0   0   0   0   0  37  19   0   0   0   0   0   0   0   0   0   0   0
  46   0   0   0   0  25   0   0   0   0   0   0   0  24   0  20  50  24   0   0
   0   0   0   0   0   0   0   0   0   0   0  27   0   0  34   0   0   0   8
  11   0   0   0   0   0   0   0  46   0  27  50   0   0   0   0   0   0
  17   0  16  16   0  45   0   0   0  13   9  43  20   0   0  34   1
  16   0   0   0   0   0   0  32   0   0  18   6   0   0   0   0
  22   0  34   0  26  23  43   0   0   0   0   0   0   0  45
   0   0   0   0   0   4   0   0   0   9   0   0   0   0
   0   9   0   0   1   0   0   0   0   0   0   0  43
   0   0   0   0   0   0   0   0   0  16   0   0
   0  43   0   0   0   0  41   0  38   0   0
   0   0  18   0   0   0  41   0  16  41
   0  30   0   0  34  28   0   0   0
   8   0   0   0  13   0   0   0
   0   0   0  48   0   0   0
  31   0   0   0   0   0
   0   1   0  31   0
   0   0  34  49
   0   0   0
  11   0
   0

 150
   5  13  11  14  17   8  14   4  11  20  12  24   4   4   3  19  24   7  18  20  16  24  16   2  23   8  19  22   8  14   4  20  10   5  13   1   3  18   3  24  19   6  21  14   5  24   4   1  17  24  16  21  11  20  22  22   2  18   5  14  14  14  12  23   6  18  14   8   1  12  23   3  16  22   3   4  20  19  25  23   8  16  12  10   5  13   3  11  10  25   9  22   4  10   7  19  13  20   6  11

