 100 
  37  40  46  24  11  43   2   1   1  41   6  22  42  46  35  16  45  32  25  37  38  31  25  17  50  35   7  38  10  11   1  26   7  12  27  34  35  32  33  15  15  10  32   2  17  47  20  38  26  49  39  36  23  45  12   4  21  16  12  22  12  18  30  10  17  30  41  31   2  32  12  43   3  47   9  33  18  34  22   2   3  34  37  25  30  43  21  12   2  12  31  19  35  44  18  19  47  40  10  42
  19  46  12  10  32  34  42   7   1  33  15  46  27  34  33  17  25  22  19  36  46   5   5  41  21  20  37  42  47  34  27  18  44   7  39  29  14  49  10   6  20  22  34  18  21   8   5  26  44  31  25  35  22  13  14  15  23  29   7  23  35  17  21  12   4  49  24  29  20  25  26  44  45  44   6  48  20   8  10  28  29   9  18  42  37   7   8  23  10  17   8  19  45  37  47  21  21  17  22
  12  23  35  11  37  10  20  41   5  40  25   3  50  20  41  26  46  23  37  46   1  49  38  40  47  33  15  26   3   1   3  50  16  20  41   2   7  19  36  48  43  30   8  22  36   6  26  14   3  15  26  33   9   9   8   6  38  12  25  18  31  34  34  19  10   9  14  17  50   3  20  32  32  29  35   7  13  13   3  16  41  50   4  35   2  17  30  29   2   8  21  32  25  17  46  24  37  40
   8  12  28  23  29   4  10  36   4  13  50  41  36  32  40  32  39  16  41  46  41  39  22   4  21  27  35   2  17  49  45  40  25  15  38  29  29  25  39  29  28   4  21   9   3  23  24  45  28  48  10  47  48  24  22   7  41  22  12  48  42  25  15  25  36  42  43  44  16  49   1   6  29  44  46  22  20  16  13   4   9  28  50  48  17  10   1   4   1   1  24  47   4  30  16  43  18
  29  32  34  48   2  39   6  21  24  41  30   4  14  47   6  41  37  23  43  10  50  15  22  14  48   6  44   7  47  14  10  46  47  20  21   5   8  45  24  43  16  24  48  39  30  12  41  45  49   2  34   3  42  42  10   9  40   1  16   5  39  47  32  44  36  39   6  50  38  14  49  45  32  48  17  21  15  19   7  47  14  37  21   1  50  33  46  16  23  50  25  26  28  48  34  20
  17  19  15  29  39  15  11  43  11  10  21   7   3  16  17  31  34  24   1  36   6  45  10  20   7   2  17  35  24   3  18  42   3  38   1   7  30  29  34   2  22  11  13   2  27  10  20  26   7  26   9  35   2  11   7  47  14  21   3  45  20  24  19  22  43  35  25  18  38   8  44   8  15  41  27  28  31  22  18  41  10  42  22  36  43  43  14  20  25  27  33  12  30  37  32
   9  49  14  14  44  42  29   9   8  49   5  14  18  31   2  30  14   6  29  25  14  28  31  35  25   4  35  10  44   3  23   7  15  20  33  25  39  12  15   2  39  10  34  31  50  17  12  36  40   4  33   7  37  26  46  42  33   8  11   1  16  34  21  25  46  35  38  32  28   7  14  28  14  18  35  44  27  18   9  49  15  29  22  39  38  22  18  41  24  24  10  27  17  21
  21  41  44  28  33  29  34  27  11  17  32  40  39  35  35  12   5   2  11   1  31  29   5  26   5  36  28  47  44  14  11  34  37  10  18   2  30   1  14  20   9  11  46   1  41   4  29   8   7  15  39   4  45  36   7  21  42  18  49  20   1   4  25   4  25  48  48  17  41   5  44  24  49  18  32  38  21  47  44  19  11  24   2  38  35  21  12  44  44   4  44  29  14
  23   1   4  25  42   9   4  41  19  18  21  50  50  19  19  13  34  15  30  50  17   1  13  42  22  27  21  12  18  22  25  12  25  20  33  31  36  24   2  11  39  20  28   1  18  26  27  14  23  40  47  28   8  35  40   3   7  42   9  24   9   2  26   2  21  25  24  41  46  11  34  26  36  14  19  29  23  48   1   7  14  11  46  21  32  29   7  40  25  41  45  14
  13   7  18   2   8  42  30  24  45  24  22  29  25  31  43   1  10   1  47  10  12  30  37  42  31  19  10   2   3   1  46  24  44  25   8   1  50  16  36  19  23  49  37   4  16  39  22   7  38  17  30   1  33  34   1  25  44  19  31  24  10   9   4  43  12  27  30   1  39   7   9  28  37  11  25  26  47  28  19  30  25  16  14  37   9  29   1  13   5   8  40
  44  34  35  13  11  17  42  46  40  38  45  15  21   9  28  16  20  38  29  30  19  41  14  16  47  50   3  39  28   4  18  20   5  14  41   5  43  31  36  49  35  16  12  11  12  43  43  48  16  41  24  38  32  28  22  37  16  22  26   8  23  18   9  24  46  16  48  19  27  50  32  39  31  42  22  40  17  38  47  43   6  41  27   7  39  36  50   6  50  27
  37  11  43   3   8  27  41  37   9  43   5  10   2  14  34   3   4  49  20  12  49   1  32  49  18  15  10  35   5  18  35  50  26  22  47  28   2  39   3  15   1  24   7  23  29  34  31  13  26  24  24  46  32  39  32  30  17   2  31  39  17  42  10  43  20  12  41  48  43   9  38   2  23  43  40  39  50  47  38  33  32  43  39  45  44  18  24  48  27
  13  26  48  25  13  40  16   6  42   6  36  44  33  30  41  42  32  38  13  35   2   8  15  40  50  20  25  34  39   9  50  36  43  41   8  44  19  42  34  26  12  14  31  23  48  35  14  35   2  36   8  35  14   1  12   8  34  29   5  28  43  23  42  24  34   4   8  21   3  24  33  35  34  13  30  32  46  50  12   7  38  41  30  10  32  26  14  49
  43  32  12  18  47  30  35  29   6   1  45   1  43  36   7   7  16  22  17  25  37  26   4  29   3  15  41   2   6  28   6  47  18  28   3  42  48  24  22  10   9   4  21  25  33   2  24  28  49  47  49   7  28  37   7  30  48  44  10  28  26  48  25  18  14  12   3  36  45  31  14  44  32  21  36  17   7  35  43  49  37  45  33  16  10  32  50
  41  19  18  29   3  39  22  17  11  21  25  29   3  33   8  19  39  45  46  50  17  35   5  16  15   1  37  30  49  26  24   4  30  25  10   3  26  28   4  14  25  46   2  41  19  42  39  50  23  35  17  18   6  11  30   9  10  34  42  46  41  15  47   6  26   9   7  44  46  15  24  46  25  32  15  21  39   7  28  45   7  43  19  34  20  46
  46  10  27  43  30  40  41  20  14  10  17  31   2  34  31  16  45  36  40  22  31  41  17  45  28  29  50  47  19  32  19  23  10  43  15  28  36  50  16  26  18  41  26  36  35  37  38  30  46  15  31  29  17  27   4  20  17  35  28  42  15  32  42  13  26  25  18  25  44  32  42  25  17  47   3  17  15  13  41  32   4  12  45  39  12
  12   4  12  18  13   9   1  42  38   3  13  49  23  30  32  50  49  32  34  10  20   4  10   8  37  26  17  12  48  11  36   9   7   2  29  11  42  26  23  30  30  10  49  48  38  33  42  44  50  42  34  32  28  14  16  40  48   2  20  14   8  38  11  40  32  50  15  16  27  46  15  12  23  11  25  20   4  37   3  45   6  49  23  11
  11  31  49  31  34  34  48  38   1  16  27   7   3  35  27  37  26  28  49  41  32  33   7  40  34  44   5  35  44  32  25  31  39   9  21  12  32  13  15  37   6  39   4   7   4  23  42  36  16  34  24  19  38  47  24  24   4   9  48   7  17  31  16   6   8  45  12  39   3  13  36   9  48  40  46  42  48  36  25   8  25  39  41
  25  32  17  43  30   2  16   7  26   5  46   2  31  28  37   6   5  23   9  41  39  18  23  18   3  40   5  18  18  17  48  41  21  29  39  15  38  49  18  17  21  18  17  50  42  16  17   7   1  26   8  42  39  25  48  45  11  38   6  30  35  13  23  29  45  21  38  14   5  45  48  23  39  15  17  21  30  30   3  37  17   3
  50   2  40  26  42  24   6  37  31  11  43  26   7   3  11  15   2  45   6  33  15  13  36  31  48  35   2  44  13  21  15  25  18  23  49  34  15  49  36  10   5  50  42   4  35  26  13  20  37   2  46   9  14  44  22  14   5  16  46  38  15  13  18  14   6  29  31  35  31  20  26  19  45  41   6   7   4  37  26   7  34
   3  32  44   8  36   2  41  48  47  50  33  35  50  27  11  43  12  25  11  22  39  28  46  38  12  38  49  30  28  32  23  11  33  49  31   6  26  23  48  35  19  44  21  40  43  31  29  45  21   6  20  32  20   6  39  28  49  15  24  49  12  23  39  22   6   8  26  33  44   5   1   6  15  23  11   4  32  42  50  46
  49  15  46  43  47  10  31  21  27   1  49   6  43   5   2  23  12  34   1  42  29  15  13   9  38  42  33  20  24  21   1  15  14  20  33   7  12  29  27   3   6   1  42  19  14  21  31   7  40  44  37  43  29  50  19  42  31  48  33   6  18  39  40  19  13   5  35  46  30  41   2  50  35  26  17   8  26   5   9
  15  32  19  47  33  45  36  43   5   1   1  44  38  33  34  19  16  46  10  16  13  50   9  19  40  12  34  13  23  22  40   9   7   2  18   3  49  34   9  14  42   3  24  28  46   8  30  33  26  37   5  15  24  27  45  21  49   4  48  36  28  13  26  38  38  20  48  34  12  12  50  12   9   9   7  14   9  42
   4  23  40  27  38  46  33  35  33  16  33   9  35  45  30  41  11  16  27  32  42  49  50  22  39  14  27  42  33  39  31   2  45  28   6  22  17  23  33  24  35  13  41  21  12  16  34  48  12   8  50  21  30  37  39  29  26  10  42  11  40  13  24  19   7   2  24   8   3  25  37  40  50  21  29  21  50
  38  11   1   7  19  24  29  10  34  25  23  28  32  26  22  14   3  34  42   3  12  27  16   3  19  12  24  34  17  44  40  44  10  44   5  34   5  26  32  10  39  30  14   8  48  21  26  42  20  39  33   1  46  31  23  40  39   3   6  15  33  19  23  39  15   1  49  47  11  16  28  18   8  39   4  28
  37  13   9  12  32   1  44  10  25   7  40  43  38  37  17  42   6  11  46  48  28  29  37   6  31   4  28  39  41  48   6  33  32  32   8  38   9  44   4  35  29  46  48  50  44   4  43   4  17  29  33  33  14   2   2  17   6  34  38  37   8  30  12  36   3  29   4  38  15  23  49   9  38  34  10
  48  37  25  46  30  11  38  16  34  16  25  29  32   2   5  31  13  15  13  18   2   4  26  26  46  29  48   5   8  27  50  27  45  36  15  31  43  48  35  28  40  46  25  30   3   8  13  18  33  20   4  15  26  45  28  27  22  39  43  19   3  49  17  42  29  46  37  26   8  33  40  32  21  19
   5  19  27   1  48  39   1   2  45  48  24  17  10   7  29  15  46  16  44   2   6  44  42  21  41   1   4  14  14  19  23  40  10   8  20  21  14  30  22  41  24  11  40  24  42   3  10  47  42  33   9  36  27  11  42  39  44  48  19  37  41  24  48  33  10  26  36  36  41  39  50  37  24
  46  41  39  46  39  12  22  45  41  44  16   7  27  44  36  21  30  19  29  40  23   1  39  45  33  36  19  24  44  45   2  49   2   8  17  42  11  30  33   8  17  47   2  27  14  15  22  50  12   8  36   5  36  16  47  30  25  35  40  32  36  32  19  31  15  16  26  36  38   3  24  19
  37  18  22  33  24  24  26  11   7  45   3  23  17   6  44  39  17  15  40  25  14  37  28  10  50  34  38  13  49  20  17  46   5  30  32  26  39  44  13  11  32   7  39  34  27  12   2  18  48   1  29   1  14   2   8  50  43  22   1  37  40  18  29  30  29  25   7  11  14  36  11
  48  37   2  28  47  16   8  36   2   9  22  39  15   3  22  31  46  34  32  36  15   3  49  42  13  18  50  37  12   1  22  38  41  44  14  23   2  20  49  37  44  17   6  44  39  33  27  11  33  28  33   7  18  43  28  38  36  35  36  41  32  25   9  50  43  21  12  35  19  43
  33  34  38  27  25  33  26  41  18  39  27  23  20   2   6   6  26  18  34  30  37  46  28  30  16  18  50  13   8  45   3  34  49  25  41  14  38  47  35  33  30  37  45   1   3   5  21  27  41  11  13  42   4  47  24  17  41  17  38  30  14  32  41  10  26   8  35   5   6
  50  26   8  15  29   7  14  29  45  49   1  33  44  15  35  45   5  11  31   5  11   5  42  22  17  15   2  36  28  45  34  19  11  43  25  30  14  26  43  34  40   2  19  36  43  44  17  36  43  33  33  40  43  12  47  31  48  30  46  48   2  35  45  35  33  35  34  36
  37  40   5   3  41  25  46   6  18  37  39  41  28  39  31  15  27  32  11  48  41  32  23  16  33  17  26  34  42  21  23   9  36   3  41  45  17  48  24  10  20  44   1  41  25  45   6  25  37  12  19  29  24  35   2  29  30  50  38  45  36   1  29  11   7  22  18
  31   4  36  18  49   9  15  50   2  30  15  33  19  42  33  27  10   5  40  24  47   8  46  30   4  11  44  39  32  45  19  50  50   2  10   3  36  10  12   4  17   9  20  11  20   3  41  32  49  40  49  29  42  41  14  38  16  26   9  32  49  19   3   6  17  39
  24   9   6  13   3  49  16  21  28  16  49  28  44   4  24  16  37   1  29  20  38  24  21  29  25  28  30  43  38  23   4  21  34   2  40  46  27   8   4  41  40  21  45   4  21  11  10  29  34  29  14  22  39  13  18  43  18  45  32  42  24  48  10  29  35
  21  36  21  28  41  45  25   7  17   3  31  14   1  39  34  36  29  47   8  42  33   5   8  38  15   4  39  15   4  33  13   8   3  47  41  46  47  34  40  46  17  17  37   2  39  13   7  44  38   8  46  27   8   4   5  20  49  40  40  20  15  31  45  23
  25  22   2   8  29   5  48  41  27  44  44   5   9  38  23  12  42   1  13  17   5  12  38   9  31  43   1  35  37   6  15  42  36  24  21   2  41  50  15  33  43  42   4  23  20  27  50  20  20  29  20  49  44  41  25  37   2  50  48  34  38  37  49
  18   4  17   6   6  36  39  31  43  16   7   6  24  10  32  20  36  31  11  26  30  42   5  19  28  45  43  29   8  32  16  28  47  46  21   2  48  50  41  47  40  40  47  10  17  26  36   3  39   9  50  47  13  47  21  46  24  17  27  36  18  17
  16  19  45  17  31  46  27  30   2  47  50  12   2  41  33  19  43  46  14  41  20  48  21  10  23   7  37  22  20  40  39  12   4  35  16  39  42   1  19  28  45  42   4  35  16  40  42  40  25   4  43   7  26  31  28  14  11  47  28   9  28
  50  28  29  31  16  45  28   7  43  36  20  24   9   6  22  35  47  17   3  24  12  14  45  24  18  41  10  48  33   8  43  47  18  49  16  34  39  35  45  27  29  26  21  45  23  37  22  10  32  22  44  44  42  21  14  27  31  38  49  24
  25  42  37  13  16  48  15  31  24  30  47  45  24  21  16  16  46  37   5   3  37  41   7  34  23  21  38  13  48  49  33  40  29  20  38   2  11   3  22  24  42  12  50  17   7  49  39   4  44  47  30  25  10  44  49  10  25  48  32
  28  27   8  10   7  49  50  13  20  36  25  31  42  28  46   5  35  26  42  44  17   8  26   8  32  35  49  28   7  16  44  41  32  18  11  28  29  22  36  18  15  45  29  36   6  19  36  26  41  38  22  20  22  37   8  19   7  39
  10  44  28  41  11  24  14  42  27  20   2  45  49  12  25  34  18  15  38  32  16  16  47  18  31  11  44  45  44   4  42   3   5  50  32  12  13   4  32  30  31  16  45  42   4  28   9  45  33  17  38  22   8  37  46   1  13
   3  22  30  33  36  36  17  50  10  27  24  35  35  23  36  47  31   3  22  16  22  45   7  37  47  16   3  16  19  22  27  22  31   9  33  21  19  35  13  18  49  27  29  14  29  32  33  41  32  22   5  49  42  36  32   6
  12   6  14  22  45  41  44  37  26  44   1  31   6   4  29  36  21  34  10  40  23  42   4  30  36   1  28  18   9  26   5  46  28   2  24  11   9  33  33  30  18  35   1  24  12  20  24  46  48  32  48  48  28  27  41
  50   2  28  15  47   6  49  38  12  42   3  22   1  15   3   8  22  24  26  50  46  50   7  38  35  40   5  37  35  38   2  17   3   9  21  26  20  20  38  46  26  45  30  40  43  50  17  38  41  18  32   3  16  23
  19  12  24   3  44  16  19  38  38  10  47  48  20  29  50  11  10  21  32  46   1  50  48   7   2  27  44  40  46   5   4  13  24  44  32  14   3  29   1  34  15  27   6  49  18  45   8  27  33  10   3  29  27
  22  34  44  50  29   8  10  33  42  48  46  24  14  45  12  11  20  31  50  46  29   2  20   5  22  23  33  22  35  40  23  43  20  45  33   2  32  36  34  24  33  25  11  40  25  48  20  16   8   5  26  44
  14  18  20  22  32  34  38  24  13   8  43  26  49  45   5  37  24  24  12  11  28  36  43  24  31  32  24  48  34  13  23  31  27  26  25  46  39  43   1   2  22  18  25   4  41  30  33  43  40  36   6
  29  32  27   8   2  18   4   5  17  40  24  33  11  22  24  50  26  25  23  19  43  39  37  10  21  49  23  42  24   5  18  28   6  16  28  22  37  12  41  11  49   8   3  33  42  44  18  37  13  17
  46   2  36  18  15  28  40  16   6  49  39  44  39  28  46  31   2  36  29   6  38  38   8  40  27  10  14  15   7  19  30  30  30  32   5  32  26  50  47  31   1  40  40  45  33  28  10   4   7
   3  11  13  46  47  37  12  34  22  14  35  28  14  33  11   3  16  10  31  24  26   7  20   5  26  36  13   2  17  46  13  10  11  33  26  49  14  46  10  19  26  43  36  20  16   2  48  42
  34  46  31  40  30  34  48  48  16   1  14  47  33  23  27  35  21  49  19  19  40  29  49  31  32  26  28   7  14  24  18  11  12  33  47  39  24  37  42  34  38  12  15  17  20   1  17
  21  26  36  16  17  43  22  23  38   9  17  39  24  36   7  25  20  39  10   9  26   5  46   4  29   4  25  38  41  39  22  12  44  40  21  17   3  14   2   1  27  39  20  21   5   9
   4   3  15   8  34  40  45  21   2  29  46   8   1  20  34   9   3  49  47  46   6  17  39  11  24  18  40  32   7  14   3  34  21  45  42  12   1  34  39  38  13  35  35   2  23
  17  36  14  10  36  10  24   5  45  31  19  20  17   8  23  17  45   5  10  32  50  16  32  22  25  26  34  25  41  27   1  37   9  31  43  15  41   5   3  33  35   7  26   2
  12  18  11   8  38  15  37  19  24  11  28  46  35  50  10  41   8  31  47  19  20   4  29  23  11  15  27  25  47  47  12  22  27  11  38  19  31  38   8  32  34  11  38
  16  18  13   7  43  21   7  40  50  18  21   2  13   4  40  35  16  13   2  23  12  31  25  21  42  41  37   2  12  44   2  17   8  41  43  37  24  47  45  17  44  18
  28  28  34   8  32  42  34  38  40  37  49  50  38   2  10  12  13  32  11   5  24  25  25   4  17  34  47  29  17  33  23  42  27  43  33  42   9  44  31   2  26
  23  11   4  36  16   8  27  13  20   2  35  41  48  28  11  26  18  42  12  14  50  20  34  32  14  49  47  35  46  45  22   5  12  50  39  45  33  48  30  28
   8  49   7  40  47   9  20  34  38   5  37  22  28  14  32  12  27  10  41  41  19   6  19  38  12  20   4   4   4  21  16  15  40   9  17  13  15  41   5
  28  28  46  32   3  20  28  25  15  32  42   3  39  26  15  18  37  14  19  21  23  13  48  42  47  11  12   1  36  48  41  17   7  39   3   2  39  32
  39  48  28  48   4  45  26  15   8  11   6  40   9  25  24  39  39  19  25  16  15   3  25  26   4   2  37  27  10   2  40  24   6  13  23  35  27
  50  12  42  42  44   4  35  12  12  18  22  29  34  16  19  37  39  10  15  47  32  23   1  18  39  15  42  35  47  42   7  34  32  49  32   4
   7  16  17  24   2  17  23  25  13  33   5  10  19   1  35  34   7  13   9  15  24   9  28  34  33  10   7  18  48  39  13  32   3  33   6
  32  18  14  30  10  43  42  31   6  29   5  15  41  19   4   3  49  12  36   4  31   1  17  36  37  16  20  28  47  21   4  43  42   8
  44  39   1  44  22   7  14  35   7  49  19  13  36  34  16   5  50  27  31  34  49  32  10  37   4  23  36  49  24  36   4  40  39
  36  40   2   3  14   8  39  27  48  29  48  34  23  43  20  31  21  21  24  16  33  35  18  27  44  23  11  26   2  46  44  27
   9  50  10  12  31  19  37  50  36  44   2  25  13   5  32  40   9   1  14  10  16   2  33  45  38  26  25  30  18  34  42
  25  20  48  48  47  50  25  34  40  27   6  22  30   9   7  43  36   6  21  25  48  22  35  23  21  48   1  43   5  21
  25  17  14  22  25  14   5  12  37  35  46  22  24  28  11  34  15   6   1   1  34  44  11  27  33  13   1   7  35
  47  24  33  45  15  41  21  25  31  40  24  12  23  38  20  34   1  25  45  48  23   7  22  50  12  39   8  39
  47  18  37  32   4  14  23  20  26   1  44  29  39  14  39   4  15  13   8   4  30  29  20  22  48   9  50
  20  18  27  11  41  30  28  17  26  14  15  19   7  19   9  27  28  44  44  13   7  41  48   3   7  26
  35  14  37  42  12  41  25  16   7  37  29  37   1  45  42  20  12   9  46  30  44  13  23   1   3
  13  40  49  22   2  24  12  42  50  37  10  13  19  22  25   7  41  29  40  36  46   2  35  11
  23  50  32   5  24   1  47   9  40  46  44  35  31  44  49  46   2  30   3  30  19  47  33
  45  31   4  43  14  10  24  45  14   6  20  20  33  10  34  17   5  34  27  24   6  45
   9  15  16   9  31   4  50  45  38  31  20  23  37  22  33  14  20  18   2  22  30
  38  41   7  37  42  23   4  44  26  36  23  37  16  26  39  47  40   1  46  36
  36  50  33  42   6  35   6  47   6  50  35  21  11  40  28  19  22  17  19
  36  35  17   1  39  45  12  13   9   7  12  25  19   6   5  44  23  18
  24  36  26  44  16  31  34  46  20  29  21  19  37  34   4  41   7
  39  35  36   3  41  36   4  32   7  13  22  45  39  50   1  48
  22  46  31  16  27  20  34  22  35  11  35  20  34  50  49
  50  39  44   7  17  24  36  10  37   5  29  19  34  12
  41  34   4  16  43   9  46   9   9  26  24  23  43
  27  31  27   2  33  45  22  17  19  33  21  32
  22  47  14  18  10  11  29  40  24  24   4
  35  36  33  31  18  14  39  11  19  12
  12  21  49  39  40  48   2  20  23
  15  29  26  41  27   7  49  23
  16  34   2  11   4   5  24
  30  36  21   2  32   8
  33   2  16  46   9
  27  28  24  42
  26  36  19
   2  16
  21

 950
  22  16  17  20  12  13  13   3  21  24   7  22  25  25  14  22  25  15   2   4  25  20   8   5  16   1  16  23   2   5  12  24  15   5  11  21  21   4  15  14   7  22   5  17   1  21   6  13   1  25   7  16  17  10   7  22  15  14   1   2  13  15  13  12   7  20   7   6  20  12  10   6  11   8  12  14  12  25  15   2  19   7  10  12   2   4  16  12   8   8  19   8  17  24  16  13  14  20  14   1

