 100 
   0  14   0   0   0  48   0   0   0   0   0   0   0   0   0   0   0   0  20  47  21   0   0   0   0  16   0   0  46   0  46  25   0  23  14   3   0   0   0   0   0   0   0   9   0   0   0   0   0   0  38  46   0  24  10   0  23  17  36  46   0   0   0   0   0   0   0  44   0   0  29   0   0   0   0   0   0   0  28   9   0   0  41   0   0   0  38  17   0   0   0   0   0   2   0   0   0   0  25   0
   0   0   0   6   0   2  14   0   0   4   0   0   0   0   0   0   0   0   0  43   0   4   0   8   0   0   0   0   0   0   0   0  30   0   0   0   0   0   0   0   0   0   0  10  36   0   0   0   0   0   0   0   0   0  46   0   0   0   0   0  24  17   0   0   0   0   0   0   0   0   0  11   0   0   0   0   0   0   0   0   0   0   0   0   0  29   0   8   0   0   0   0   0  27   0   0   0   0   0
   0   0   0  23  39   0   1   0   0   0  20  13   0   0   0  36  50   0   0   0   6   0   0   0   0   0   0  24   0   0   0   0   0   0   0   0   0   0   0   0   0   0   0   0   0  33   0   0   4   0  33   0   0   0   0  44   0   5   0   0   1   0   0   0   0   0   0   0   0   0   0   0   0   0   0   0   0   0   0   0   0   8   0   0   0   0  37   0   4   0   0   0   0   0   0   0  23  33
  45   0   4   0   0   0   0   0   0   0   0   0   0  39   0   0   0   8   0   0   3   0   0   0  25   0   0   0   0   0   0   0   0   0   0   0   0  32   0   0   0   0   0   0   0   0   0   0  41  45   0   0   0   0   0  32   0   0   0   0   0   0   0   0   0   0   0  25   0   0   9   0   0   0  15   0   0   0   0   0   0   0  12   0   0  38   0   0  38   0   7   0  27   0   0   0   0
   0   0   0   0   0   0  15  21   0   0  32   0   0   0   0   0   0   0   0   9   0   0   0  10   0  29   0   0   0  14   0  16   0   0   0   0   1   0   0   0   8   0  32   0  34   0   0   0   0   0   0  22   0  35   0  21   0   0   0   0   0  18   0   0   0   0   3  42   0   0   0   0  44   0   0   0   0   0  14   0   0  38  48   0   0   0  15   0   0   0   0   0   0   0   0   0
   0  41  18  23   0   0   0   0   0   0   0   0   0   0   0   0   8   0   0   0   0   0   0   0   0  19  29   0   5   0   0   0  38   0   0  39   0   0   0   0  40  23   0   4  19  39   0   0   0  25  30   0  49   0  30  11   0   0   0   0   4   0  28   0   0   0   0   0   0   0   0  18   0   0   0   0   0   0   6  30   0   0   0   0   0   0   0  35   0   0   0   0   0   0  16
   0  38   0   0   0  12   0   8  27   0  38   0  20   0   0   0   0   0   0   0   0   0   0   0   0  45   0   0   0   0   0   0   0  44  42   0  30   0  49  23   0   0  12  44  48  31   0  38   0   0   0   0   0  46   0   0  39   3   0   0   0  29   0   0  21  34   0  14   0   0   0   0   0   0   8   0   0   0   0   4   0   0  33   0   0   0  38   0   0   0   0   0  19   0
   0   0   0  28   0   0   0   0   0  40  50   0   0   0  32   0   0   0   0   0   0   0   0   4   0   0   0   0   0  41   0  24   0   0  30  41   0   0   0   0   0   0   0   0   0  23   0  10   0  49   0   0   0   0  11  36   0   0  29   0   0   0   2  41   0   0  47   0   0   0   0   0   0  20   0   0   0   0   0  17  12   0   0   0   0   0   0  27   0   0   0   0   0
   0  50   0   0  46   0  20   0  41   0   0   3   0  21   0   0   0   0  33   0   0   0   0  38   0   0   0   0   0   0   0   0  24  46   0  48   0   0   0   0   0   0   0   0   0  30   0   0   0   0  36   0   0   0  48   0   4   0   0   0   0   0   0   0   0   0   4   0   0   0   0  46   0   0  14   0  26   0   0   0   0  17   0   0   0   0   0   0   0   0   0   0
   0   0  50  40   0   0   0   0   0   0   0   0  19   0   0   0   0   0   0   0   0  46   0   3   0  15   0   0   0   0   0  34   0   0   0   0   6   0   0   0   0   0   0   0   0  15   0   0   0   0   0  34   0   0   0   0   0  35   0   0   0   0   0  25  36   0   0   0   0   0  41   0   0   0  37  32   0   6   7   0   0   0  33   0   0  29   0   0   0  37   0
   0   0   0  35   0  12   0   2   0   0   0   0   0  42   0  49   0   0   0  36  41  36   0   0   0   0   0   0   0  30   0   8   0   0   0   9  15   0   0  32   0   0  23  50  31   0   0   0   0   0  20   0   0  42   0   0   0   0   0  14  10   0  29   0  21   0   0   0   0   0   0  20   0   0   0  34  47   0   0  18   0   0   0   0   0   0  23   0   0   0
   0   5   0  33   0   0   0   9   0   0  41   0   0   0   0   0  27   0   1   0   0   0   0   0   0   0   0   0   0   0  15   0   0   0   0  22   0   0   0   0   0   0   0   0   0   0   0  11  26   0   0   0   0   0   0   0   0   0   0   0   0   0   0  37   0   0   0  46   0   0   0  37   0   0  40   0   0   0   0  36   0   0   0   0   0   0  41   0   0
   0   0  12  50   0  33   0   6   0   0   0   0   0   0   0   0   0   0   0   0   0   0   0   0   0   0   0   0   0   0   0  29   0  35   0  10  28   0  33   0   0   0   0  30   0   0  39   0   0   0  41   0   0   0  18   0   0   0   0   0   0   0   0   0  22  29   0   0   0   9   0  11   0  45   0   0   0   0   0  10  21   0   0   0   0   0   0   0
  41   0  34   0   0   0   0   0   0   0   0  39   0   1   0   0   0   0   0   0  23   0   0   0   0   0   0   0   3  44  24   0   0   0   0   0   0  25   0   0   0  37   0   9   0   0   0   0   0   0   0   0   0   0   0   0   0   0  28  22   0   0   0   0   0   0  16   0   0   0   1   0   0  31   0   0   0   0   0   0   0   0   0   0   0  21   0
   0   0   0   0   0   0  24   0   0   0   0  19  49   6  15   0  37   0   0   0   0   1   0   0   0   0   0  22   2   0   0  38   0   0   0  24   0   0   0  39   0  34   0   0   0   0   0   0   0   0   0   0   0  18   0   0   0   0   0   0  45   0   0  35   0   0   0   0   0   0   0   0   0   0   0   0   0   0   0   0   0   0   0  15   0   0
   0   0  20   0   0  21   0   0   9   0   0   0   0   0  28   0   0  15  14   0  17   0  17   0   0   9   1   0   0  42  42   0   0   0   0   0   7   0   0   0   0   6   0   0   0   0   0   0   0   4   0   0   0   0   0   0   0   0   0   0   2   0   0   0   0  43  25   0  38   0   0   0  43   0   0   0   0   0   0   0   0   0   0   0   0
   0  31   0   0  19   0   0   0   0   0  34   0   0  10   0   0  20   0  41  20   0   0  46   0  42   0  39   6   0   0  30   0   0  19   0   0   0   0   0   0  43   0   0   0   0   0   0   0   0  20  30   0   0   0  23   0  38   0   0   6   0  22   0  25   0  28   0  41   0  21   0   0   0   0   0   0   0   0   0   0   0  18   0   0
   0  34  15   0   0   0   0   0   0  38   0   6   0  42  18   0   0  41   0   4   0   0   0   0   0   0   0  37   0   0   0   0   2   0   0   0  44   0   0  37   0   0   0   0   0  34   0   0   0   0   0  22  33   0   0  23   0   0   0   0  25   0   0   8   0   0  38   0   0  28   0  28   0  37   0   0  17   0   0   0   0   0  37
   0   0   0  21   0   6   0   0   0   0  38   0   0   0   0   0   0   0   4  42   5   0   0  24  26   0   0   0  43   0  34   0   0   0  14   0   0   0   0  43   0   0   0   9   0   0   0  43   0   0   0   0   0   0   0  23   0   0   0   0   0   0   4  39   0   0   0   0   0  33   0   9   3   0   0   0   0   0  50   0   0   0
  46  16  34  40   0   0   0   0   0   0   0   0  29  23  18  26   0   0   0   0   0   0  31   0   0  39   0   0   0  32   0   0   0   0   0   0  37   0   0  40   0   4   0  18   0  12   0   0   0   0   0   0   0  12   0  38   0   0  35   0   0   0   0   0   0  43   0   0   0  17  10  43   0   0  48   0   0   0   0   0   0
   0   0   0   0   9   0   0   0  33  27   0  24  30   0   0   0   0   0   0  34   0  48  25   0  12   0   0   0   0   0   0   0  43   0   0   0   5   0   0   0   0  11   0   0   0   0  25   0  48   0   0   0   9   0   0  36   0   0   0  22   0   0   0  11   0  21   0   0  23   5   1   0   0   0   0   0   0   4   0   0
  16   0   0   0   0   0   0   0   6   0   3   0   0  22   0   0   0   0   0  44   4   0   0   0   0  50   0   0   0  19   0   0  11   0   0  11   0  11   0   0   6   7   0  31   0  10   0   0   0   0   0   0   0  49  14  31  40   0   0  40   0  27   0  38  22   0   0   1   0   0   0   0   0   0   0   0   0   0   0
   0   0   0   0   0   6   0   0   0   0   0  47   0  17   0  33   0   0  30   0  45   0   0   0   0   0  44   0  31   0   9   0   0   0   0   0  43  44   0  36  32   4   7   0   0   0  24   0   0   0   0   0  19  49   0   0   0   0   0  48   0  39  38   0   0   0   0   0   0   0   0   0   0  24   0   2   0  39
  32   0  17  41   0   0   1  34   0   0   0  31  42   0  41  39   0   6   0  34   0   0   0   0   0   0   0   0   0   0  20   0   0   0   0  34   0  40  42   0   0   0  17  10  28   0   0   0   0   0  11  27   0   0   0  14   0   1   6   0  31   0   0   0   2   0  12   0   0   0   0   0   0  49   0   0   0
   4   0   0   0   0   0  45   0   0   0   0   0  50   3   0   0   0   0  17   0   0   0  49  34   0   0   0   0   0   0   0   0   0   0  41   6   0   0   7   0   0   0   4  22   0   0   0   0   0   0   0   0   0   0   0   0  37   0   0  18   0   0  14   0   0   0   0   0   0   0   0   0   0  40   8   0
   0   0   0  43   0  28   0   0   0   0   0   0  18   0   0   0   0   0   0   0  37   0   0   0   0  43   0   0   0   0   0  23   0   0   0   0   0   0   6   0   0   0  17   0   3   0   0   0   7   0   0   0  30  46   0   0   0   0   0   0  17   0   0   0   0   0   0   0  36  30   0   0   0   0   0
   0   0   0   0   0   0  41  34   0   0   0   0   0  15   0   0   0   0   0   0   0   0   0   0   0   0  30   0  19   0   0   0  39   0   0   0   0   0   0  33  30   0   2  30   0   0   0  36   0   4  25   0   0   0   0   0  12   0   0   2   0   0   0   4   4  18  43   0   0  11   0   0   0   0
   0  18  15   0   0   0   0  34   0   0  36   0   0   0   0   0   0   0   0   0  49   0   0  12   0   0   5   0   0   0  40   0   0   0   0   0  46  22   0  19   0   0  44  16   0   0   0   0   0   0   0  29   0   0   0   0  26   0   0  19   0  11   0  30   0   0   0   3   0   0   0   0  43
  50   0   0   0   0   0   0  22   0   0   0   0   0   0   0   0  35  43   0   0   0   0   0   0   0   0   0   0   0   0   0   0  11   0   0   0   0   2   0  33   0  17  45   0  12   0  14   0  43   0   0   0   0   0   0   0   0   0   0  29   0   0   5   0   0   0   0  38   0  18   0  45
   0   0   0   0   0  35   0   0  28   0   0   0  15   0   0   0   0  19   0  43   0  43  31   0   0   0   0   0  38   0   0   0  19   0  41   0   0  42   0   0  10   0  22   0   0   0  43   0   0  43   0   0   0   9   0   0   0  46   0   0  22   0   0   0  48   0   0   0   0  31  27
  33   0  14   6   0   0   0   0  38  22   0  42   0  44   0   0   0   7   0   0   0   0   0   0   0   0  41   0  18   0   0   0   0   0   0  31   6  20   0   0   0   0   0   0  20   0   0  20   0  47   0   0   0   0   0   0  30  49   0   0   0   0   0   0   0  13   0   0  46  31
   0   0   0  18   0   0   0   0  47   0   7   0   0  34   0   0   3  35  43   0   0   0  33   0   0   0   0   0   0   9  27   0   0  37  47   0   0   0   0   0  29  29   0   0   0   0   0   0   0  18   0   0   0   0   0   0   2   0   0   0   0   0   0   0  26   0   0   0   0
  44   0   0   0   0   0  49   0   9   0   0  14   0   0  29  36   0  25   0   0   0   0  18   0   0   0   1   0  17   0   0   0   0   0   0   0   1   0   0  32   0  11  14   0   0  32   0   0   0   0   0  34   0   0   0   0  44   0   0   0   0   0   0   0   0   0   0  40
   0  39   0   0  48   0   0   0   0   0   0  30  48   0   0   0   4   0   0   0  26   0  10  18  38   0   0   0   0   0   3   0   0  15   0   0   0   0   0   0   0   0   0   0   0   0   0   0   0  39   0   0  19   0   0   0   0   0   0   0   0   0   0   0   0   0   6
   0   0  17  15   0   0   0   0   0   0   0   0   0  17   0   0   0  36   0   0   0   0   0   0   0   0   0   0   0   0   0   0   0   0  45  20   0   0  18  42  42   0   0  44  45   0   0   0  47   0   0  12   0   0   0   0   0   0   0  14   0   0  32   0   0   8
  37   0   0   4   0   0   0  21   0   0   0   0   0   0   0   5   0   7   8   0   0   0   0   0   0   0   4  15  12  28   0   6   0   0   0   0   0   0   0   0   0   0   0   0  43   0   0  18   0  26  30   0   6   6  29   0  47   0   0   0  31   0  37   0   8
   0   0   0   0   0   0   0   0   0  23   0  43  28   0   0   0  13   0   0  25  28   0   0  12   0   0  50   0   0   0  49   0   0   0  37   0   0  30  16  15  48  42   0   0   0   0  11  28   0   0   0   0   0   0   0   0   0   0   0   0   0   0  36   0
   0   0   0   0  22   0  21   0  25   0   0   0   2   0  47   0  16   0   0  18   0   0   0   0  13  42   0   0   0  14  39   0   0   0  11  42   0   0   0   0   0  13  50   0   0  14  43   0   0   0   0   0   0   0  49   0  33   0   0   0   0   0   0
   0   0   0   0  47  47   0   0   0   0   0  11   0   0   0  31   0  21   0   0   0   0  48   0  31   0   0   0   0   0   0   9   0   0   0   0   0   0   0   0   0   0  14   0   0   0   0   0   0  11   9  35   0  17   7   0   0   0  40  27   0   0
   0   0   0  11   0   0   0   0   0   0  44  23  44   4   0   0   0   0   0   0   0  46   0   0   0   0  35  26   0   0   0  31   0  32  50   0   0  45   0   0   0   0   0   0   0   0  43   0   0   0   0   0   0  10   0   0  22   0   0   0   0
   0   0   0   0   5   0  50   0  22   0   0   0   0   0   0  29   0   0   0   0   0   0  17   0   0   0   0  12  11  21   0   0   0   0   0   0   0   0  24  45   0   0   0   0   0   0   0   0   2  47   0   0  18   0   0   0   0  14   0   0
   0  27   0  26   0   0   0   0   0   0  42  13   0   0   0   0  22  16  26   0   0   0   0   0   0   0   0   0   0   0  44   0   0   8   0   0   0   0   0   0  11   0  42   0   0   0   0   0   2   0   0   0   0   0   0   7   0   0   0
   0   2   0   0   0  32   0   0   0   0  42   0  48   1   0   0   0   0   0   0   0   0   0   0   0  13  17  26   0   0  27   0   0   0  46   0  18   4   0   0   0   0   0   0  46   0   5   0  50  34   0   0   5  19   0   0  15   0
   9   0   0   0   0   0   0  29   0   0   0  25  18   0   0   0   0   0   0   0   0   0   0   0   0  38   0   0   0   0  37   0   0   0   0   0   0  18  29   0   0   0  41   0   0  12   0  18   0   0   0   0  46   0   0   0   0
   0   0   0  42  49   0   0  24   0   0  45   0   0   0   0   0   0   0   0   0   0   0   0   0   0   0   0   0  40  12   0   0  37   0   0   0   0   0   0   0   1   5   0   0   0   0   0   0   0   0   0  13   0   0   0   0
   0   0   0   0   0   0   1  41  48   0  19   0  24   0   0   0   0   0   0   0   0   0   0   0   0   0  28   0  24   0   0   0   0  47   0  38   0   0   0  14   0   0  10   0   0   0   0   0   0   0   0   0   0   0   3
   0   0   0  28  36   0   0   0   6   0   0   0  17   0   0   0   0   0   0   0  38   0   0   0   0   0   0   0   0   0  21  23   0   0   0  40   0   0   0   0   0   0  28   0  45   0   0   0   0  16   0   0  46   0
   0   0   9   0   0   0   0   0  28  29  23   0  18   0  19   0   0   0   0   6   0   0   0   0   0  48  30   5  26   0   0   0   0   0   0   0  38   0   0   0   0  43   0   0  34   0   0  45   0   0   0   0   0
   0   0   0   0   0   0   0   8   0   0   0   0   5   0   0   0   0  29   0   0   0   0   0   0   0   0   0   0   1  42  37   0   0   0   0   0   3   0   0   1   0   0   0  36   0   0   0   0   0   0   0   0
   0   0   0   0   0   0   0   0   0   0   0   0   0   3  23  46   0   0   0   0   0   0   0   0   0   0  24   1   0   0   0   0   0   0   0   0   7   0   0  29  40   0   9   0   0  15   0   0   0  20   0
   0  15   0   0   0   0   0  15  23   0   0   0   0   0   0  33   0   0   0   9   0   0   0   0   0   0   0   2   7  41  25   0   0   0   0  37   0  18   0   0   0   0   0   0   0  47   0   0   0   0
   0   0   0  15   0   0  44   0   0   0   0  34   0  34   0   0   0   0   0   0   0   0   0   0   0   0   0  39  48  37   0  37   0   0   0   0   0   0   0   0   0   0   0   0   0   0   0   0  39
   4   0   4   0   0   5   0  24  23   0   0   0   0  47   0   0   0  20   0  37   0   0   0   0   0   0   0   0   0  22   7  46   0   0   0   0   8   0   1   0  15   0   0  36   0  19   0   0
   0   0   0   0   0  33   0   0   0  50   0   2   9   0  50   0   0   0   0   0  38   0   0   0   0   0   0  41   0   0   0   8   0   0  46   0  15   0  27  47   0   0   0   6   0   0  41
   0   0  34   0   0   0   0   0   0   0   0   0  15   0   0  33   0  17   0  14   0   0   5   0   0   0   0  38   0   0   0   0   0  19   0   8   0   0   0   0   0   0   0   0   0   0
  47   8   0  30   0   2   0  29  26   0   0   0   0   0   0  34   0   0   0   0   0  21   0   0   0   0   0   0   0  40  23  19   0   0  33   0   0   0   0   0  33   0   0   0   0
  25   0   0  15  25   0   0   0  11   0   0   0  11   0  28   0   0  29  30   0   0   0   0   0   0   0   0   0   7   0   0   0   0   0  27   0   0   0  36   0   0   0  45   0
   0   0   0   0   0  12   0   0  27   0   0   0   0   0   0   0   0  28   0  49  13   0   0   0   0  18  17  34   0   0   0   0  37   0   0   0   0  39   0   0  10   0   0
   0   0   0   0  46   0   0   0   0  36   0   0   0   0   0   0  46   0  32   0   0   0  47   0   0   0   0   0   0   0   0   0   0   0  39  36   0   0   0   0   0   0
   0  18   0   0   0   0   0   0   0   0   0   0   0   0   0   0   0   0  43   0   0   0   0   0   0   0   0  18   0   0   0   0   0   0  29   0   0   0   0   0   0
   0   0   0   0  30   0   0  25   0   0   0   1  34   0   0   0   0   0  47   0  31   0  17  34  31  24   0   0   0   0   0  42   0   0   0   0   0   0  34  19
  42   0   9   0   0   0   0   0   0   8   0   0   0   0   0  10   0   0   0  18   0  47   0   5   0   0   0  32   0  36   0   0   0   0   0   0   2   0   0
   0   0   0  15   0   0  29  35  13   0   0   0   0  48   0   0   0   0  16   0   0   0  21   0  48  20   0   0  31  38   0   2  31   0  26   0   0  16
  29   0   0   0   0   0   0   0  28   0   0  30   4   0   0   0   0   0   0   0   0   0   0   0   0   0   4   0   0   0   0   0   0   0   0   0   8
   0  38  39   0  10  26   0   0  37  19  24   0  16  22   0   0   0   4   0   0  15  23   0   0   0   0  35   0   5   0   0   0   0   0   0  22
   0  10  40   0   0  10   0  28   0  34   0   0  33   0   0  21  16   0   0   0   0  42  18  16   0   0   0   0   0  42   0   0   0   0   0
   0   0   0   0   0   8   0  29   0   0   0   0  28   0   0   0   0   0   0   0  41   0   0   0   9   0  42   0   2   0   0  38   1   0
   0   0   0   0   0   0   0  37   0   0   0   0   0   0   0   0   0   0  17   0   0   0   2   0   0   0   0   0  10  34   8  44  33
   0   0   0   0   0   3   0   0   0   0   0   0   0   0  29   0   0   0   0  35   0   0   0   0   0   0   0   0   0   0   0   0
  20   0   0   0  37  13  44   2  50   0   0   0   0   0   0   0   0   0  36  46   0   0   0  21   0  21  50   0   0   0   0
   0  29  48   0   0   0   0   0   0  30  50  20  32   0   0   0   0  18   2   0   0   0   0   0   0   0   0   0   0   0
   0   0   0  22   0   9   0   0  37   0   0   0   0   0   0   0   0   0   0   0   3   0   0   0   0   0   0   0   0
   8  41  15   0   0   0   0   0   9  18   0   5   0   0   0   0   6   0   0  38   0   0   0   0   0   0  23   0
   0  31   0   0   0   0   0   0   0   0   0  26  11   0   0   0   0   0  46   0   0   0  33   0   0   0  31
   0   0   0   0   0  12   6   0   0   0   0   0  36   0   0   8  20  39   0   0   0   0   0  41   0  45
   0   0   0   0   0   0  28  30   7   0   0   0   0   0   9   0   0   0   0   0   0  50  29   0   0
  43  20   0   0   0   0   0   0   9  44   0  14   0   0   0   0   0   0   0   0   0   0   0   0
  25   0   0   0   0   0   0   0   0   0   0   0   0  38  29   0   0   0   0  45   0  15  25
   0   0   0   0   5   0   0  39   0   0   0   0  33   0   0   7   0  27   0   0   0   0
   0   0  25   0   0  35   0   0   0   0  22   0   0  40  13   0   0   0   0   0   0
   0   0   0   5   0   0   0   0  45  29  29   0   0   0   0   0   0  33   0  18
   6  28   1   0  43   0   0   0   9   0   0  46   0   0  15   0   0   0   0
   0   0   0   0   0   0  38   0   0   0  38   0  21  29   0   0  14   0
   0   0   0  25   0   0   0   0  49   0   0   0   0   0  36   0   0
   0   0  37   0   5   2   0   0   0   0   0   0   0   8   0   0
   0   0   0   0  20   0   0   1  19  22   0   0   2   0   0
  39  29   0   0   0   0   0  32  18  36   0   0   0   0
   0   0   0   0   0   6   0   0   0   0   0   0   0
   0   0   0   0   0   0   0   0   0   0   0   0
   0   0   0   0  33   0   5   0   0   0  35
   0   0   0   0  48   0   0   0   0   0
   0  49   0   0   0   0   0   0   0
   0   0   0  32   0  20   0   0
   0   0  35  37   0   0   0
   9   0   0   0   0  27
   0   0  41   0   0
   0   0   0   0
   0  20   0
   0   0
   0

 1033
  13   2  18   9  17  14   3  15   6  14   9   1  12  20   9  13  20  24   2   1   9  20   6  15  13  14  24  13  11  14  16  13  24   7  11  23   6   7   6  11  23  21   1  18   2   9  10  25   4   7   5  25  11  18  16  18  22  18   9   5  20  11   3  22  13  11   5  11  11   5  23  12  14  24   1   7  20  24  22  11  21  14  21   4  25  21  19  12  14  12   4   3  16  12  22  18  14  16   7  24

