 100 
  26  23  26   5  28   5  19   9  15   4  27  12  21  37   1  47  21  50  37  10  25  35  28  20  23  30  30  18  11  15  43  22   2  25  18  23   8  27  34   5  43  22  15  24   5  48  23  18  27   8   5  30  45  17  15   2   3  31  24  35  23  36  29  28  17  17  16  33  11   7  34  45  42  43  41  19   7  32   5  46   4  23  28  18  15   4  21  33   4  15  12  35  44   2  46  22  50  30  49  12
  36   8  41  23  29   3  30  22  13  42  20  49  50  44  47  34  44  45   3  46  33  41   9  16  14  17  37  45  39  31  36   8  49  22  30  32  24  12  16  35  13  17  20   5   7  39   4  40  26   7  26   5  21  27  44  34  44  40  47  45   4  15  13  48  17  46   6  40  31  15   5  25   3  45  38   3  19  20  21   1   3  39  46   1  21   4  38  44  18  28  39  11  49  37  26  16  29  41  18
  37  28  18  38  39  17  36   2   2  47   9   8  46  27  37  16  38  23  25  49  15   3  34  46   3  46   1   7  17  28  21  36  10  50  21  13  45   1  10   8   6  45  34  15  43  38  13  27  16  30   8  38  45  28  22  33   2  18  18  37  37  19   9  37   7  35  23  49  28  29   7  19   3  35  12  44  21  39  18  23  40  15   9  30   4  19  31  25  17  43  31  22  39  31  24  40  15  25
  14  43  37  32  22  26  49  50  14  36  23  46   8  37  41   3  17  44  16   6  46  44  31  25  42  26  11  12  19  22  16   5   3  27  10   4   5  46  35  21  14  14  20  12  13   9  37  30   4  41  48  29  47  18  48  13  31   9  16  31  22  13  11  27  11  41   4   4  36   6  36  25   2  37  23  17   8  39  12  30   2   4  20   8  37  47  33  25  25  25  47  42  37  18  30  47  10
  38  30  34  39  25  40  26  49  27   6   7  17  15  44  45  17  35  35  21  16  30  34  11  29  31  45  24  46  29  45   2  32  41  39  19  13  40  45  50  13  35  38  28  39  14  14   1  48  17  19  11  42   3  28   1   6  25  19   6  45  50  39  46   7   5  47  34  20   5   5  42  20  38  15  10  47  41  17  50   8  46  17   5  40  28  47  20  24  13   8  38   2  10  35  48  46
  50  20  38   1  41   7   1  50  22  43  27   5  27  45  21  17   6  19  46  29  18  31  24   7   2  10  44   3  17  11   4   7  14   5  36  10  13   5  37  12  41  20  37  38  43  17  38  12  17   2  22  47  45  39  42   4  48  45  12  47   5  21  42  12  18  48  24   6  15  50  35  47  42  40   3   2  45  15  38  29  19  10  18  16  46  32  43  36  32  11  24   8   5  22  46
  31  39   3  44  17   5  33  38  15   4  47  22  30   1  18  50  27  28   1  18  29  22  22  36  13  31  19  30   7   5  11  34   2  29  45  44  46  46  20  19  34  21  17   8  41  48   5  19  35  45  23   4  37  47  30  30  11   8   9  33  20  37  27  25  43  11  32  16  44  22  23   5  12  14  38  50  44  28  22  45  45  22  32  23  38  19  40  18  45  31  34  37  15   8
   4   3   1  37  27  28  25  48  49   9  26  35  24  32  46  50  15  34  32   2   6  14  17   8  31  37  11  11   1   5  12  11  41  16   5  28  44  34  12  13  48  44  47   5  12  15  14   1   5   6  35  45   8  18  33   7  21  48   6  19  34  22  17   5  46  23  48  26  38  11   5  22  23  49  29  29  28   6   7  21   4   7  14  14  48  10  30  35  29  14  34  49   1
  45  11  30  33  36  34  15  16  13  47  16   8   8   8  25  33  21  33  16  41  43  18  40  28  22  40  29   6  47   2  19  35  24  22  19  47  21  35  41   9  23  24  29  24  34   2   9  47  19  50   7  49  42   3  42  10   7   8  37  10  26   5  37  38  24   4  45   8  18  25  50   1  16  33  17  20  25   1  23  10  26  26  36  28  38   7  48  27  47  24  15  15
  48  15  38   2   5  10  37  18  19   6  23  37  47  36  10  16  24   6  38  29   9  25  27  36   6  42  43  22  31   7  31  43  32  19  36   7  42  38   4   3  37   1  20   3  12  45   3  21  19  39  43   6   9  49  36  42  25  40   3  23  26  18  42  37  39  39  37  43  49  17  39  22  11  27   1   7  11  28   3  50   1  27  31  38  35  45  34   2   6  49  26
  50  40  39  25  19  11  44  42  45  49   9   9   7   2  13  12  24  21  16   4  33  13  30  14  27  34  28  19  34  41  41  43   5  15  35  49  29  36  22  36  23  35  23  40  20   4  21  35  24  49  49  49  34  19  20  18  44  26  11  41  13  44  22  43  23  11  25  36  48  28  25  18  47  18  47  37  45  24  29  38  27  29  37   9  38  23  19  22  12  11
  31  48  39  20  18   9  13  27  14  24  37  38  12  45  47   8  18   1  25  25   4  41   1  17  48  39  31  35   7  38  22  35   5  21   6  48  12  41   6  10  35  49  22  37  41  36  22  10  17  38   3  27  41  48  17  16  25   9  43  33  17  25   3  15  19  45   7  33  11  17   9  17  22  27  23  50  18  35  17  39  19   8   3  47  17   3  47  24  10
  49  49  19  30  30  30  18   4  41  46   7  20  10  25  45  23  13  30  23  14  26  39  22  39  46  30   3  27  48  40  35  15  44  47  46  43  43   7   6  45   3   4  28   6  16  24   5  50  19  32  27  13   3  49  31   2  21  17  48  47   4  46  35  27   3   1  50  23   4   1  46  23   9  32  37  32  38  30  13  13   6  19  10  48  20   3   1  22
  21  18  23  44  45  20  37  20  15  42  40   3  32   3  36  32  13  30  27  25  25   2  16  38  46  39  37  28  13   7  29   5  40  42  48  30  19  15  37  20  15  14  39  29  27  13  12   4  17   4  16   4  18  25   9  39  30  21   6  27  28  45  46  11  29  12  32  14  24   5  28  28  21   8  40  18   9  16  41  31   7  23  43   6   7   9   5
  25  15   5  39  50  37  36  49  33  35   3  18  16  38  20  42  15   2  30  13  28  37  33  14  16  15  47   1  16  14  44   3  13  11  28  50  45  19  32  16   8  21  31  32  34  14  30  27  21  44  36  16   7   6  33  43  12  45   9  31  27  29   6  29  16  47  44  29  41  34  36  47  39  45  26   4  12  20  38   6  29  41  37  22  24  21
  31  18  32  28  48  22  46  31  34  30  22  28  12  12  36  31  39   6  44  16  12  29  49  27   6   9  50  15  47  37  15  18   2  47  45  50   9   5  10  43  16   2  21  21  26  48  17   9  25   4  26  40  23   2  23  46  46  14  28  50  17  17  16  48   8  14  49  19  40  24  38   1  18  16   8  21  50   3  13  20  42  29  43   7  43
  31  41  20   1  41  30  39  39  29  22  42  16  19  10  50  12  47   1  32  30  29  22  42   8   5  26  49  22  41  43  43  42  12  46  12  34  17  29  14  26  50   6   3  42  22  43  23  50  19  14  38   3  50  15  22   9  42  50  11   2  15  37   2  11  27  28  14  32  24   5  21  20  27  35  24   4  12  37   2   1  16   1  43  39
   6  35  16  33  21  32  25  31  40  33  30   6   2  20  21  27  36  25  44  19  13  14  31  41  29  15  27  21   5  36  29  20  40  47  17  22  23  36   2  20   5   5  10   7  34  43  36  32  44  47   2  28  14  48  46  47  13  39   3  44  25  44  32   2  33  29  34  18  20  34   7  40  48  30  18  33   3  18  37   5  23  43  34
  34  20  47  35  33  48  10  19  25   2  34   4  49  41  30  31  20  40  41  26  25  13   4  15  35  14   5  16  21   5   1  23  37  22  19   3   7  18  35  50  14  34   6  49  47  37  46   7   2  47  41  48  11  47  12  24   3  36  34  26  10  20  17  21  20  39  15  37  38  25  30  34   2  43  19   3  44  28  24   9  23  40
  29  44  49  17   3  43  15  43  23   7   8  42  31  23  19  30  41  19  43  38   1  49  16  44  40  43  21  17  37  23  28  47  35  36   7   8   9   5  43  12   9  24  43   2  15  11  11  36  36  32   5  14  33  22  42  41  47  39  40  29  12   4  40  48  11  44  23  20   7  49  19  46  26  23  21  32   2  48  11   6  13
  35  33  11  13   2  41  24  19  42   5   5  14   9  22  26  33  31  14  29  21  42  10  10  36   7  37  20   7  21  32  43  31  39  10   7   6  39  17  31  50  20  24  44   6  11  34  50  50  31  13  13  48   5  39   3  50  11  37  31   9   8  43  27   4  41  45  29  49  48  34  21  45  32  24   2  28  13   4   6   1
  17  45  32   2  25  34   7  17  36  45   6  24  38  47  40  49  33  33   1  15  40  10  14   2  46  27  15  48  11  28  26  43  18  36   4  14  17   8  13   1   6   3   1  29  10  32   4  19   2  33  46  44  29  37  15  14  28  39   3  20  34   3  22  40  16  43  27  16  27   6  20  27   1  40   8  43  33   8  24
  38  31  50  26  20   3  37  29  43   9  26  46  16  14  20  12   6  44  40  11  24  43  49  16   1  45  18  48  15   6  10  35  26   2  35  40  50  44  46  46  31  46  22   9  29   9  23  21  32  45  45  40  37  39  26  12  26   1  49  23  38  12  29  49   9  49  34  35  49  29  20   3  42   1  38  34  41   4
  34   5  30   9  49  47  34  42  13  14  34  42   5  31  42   5  17  11   6   9  22  17  50  44  27  30   9  29  12  45  33   3  26   7   1  25  29   7  35  35  41  11  41   5  22   1  45   1  38  41  13  20  16   4  23  37  19  36  46  31  15   5   8  14  38  16  14  10   6   7  36  21  30  49  32  24   7
  18  37   2  12  39  24  13  22  43   1  47  33  14  45  41  26  41  27  36   8  12  14  44  29  26   2  50   8   8  46  22  23   1  39  11  24   3  10  22   9  41  27  18  31  13  13  47  32  47  35  32  45  49  24  25  42  27   6  34  31  43   4  27  29  14   4   5  31  23  31  42  23  39  40  22  49
   5  14  19  39   6  41  11  37  22  33  38  32  12  17  13   9  29  41  10  19  20  40  46  26  14   2  22  18  37  10  10   6  24  23  41   7  16  12  24  45  47  38   8   5  40   1   8  26  49  36  42  39   2  34  21  21  29   8  42   7  48  25   8  30  10  10  29  28   6  34   7  46  46  22  41
  14  24   4  33  11  24   5   1  50  31  22  47  47  28  33  45  21  45  49  27   9  38  46  24  10   7   6   4  39  22   5   8  40  25   4  49   9  45  19  28  38  14  49  23  17   6  40  30  26  32  14  37  14   9   2  21  28  22  41   6  16  16  42  43  24  43  13  33  19  32  50  28   6  45
  42  45  13  20  34   2  44  39  29  21   2  21  42  32   8  16  48  49  46  12  45  32  18  50  23  27  42  33  46   4   2  44  15  47   1  46  50  26  10  10  40  24  30  41  29  50  13  33   8   8  12  16  43   9   7  23  29  21   5  19  19  47   4   2  13  22  27  24  33  43  35   4  26
  15  42  34   2  40  39  18  34   8  31  16  45   2  10  27  21  15  27   3  23   6  38  33  14  17  42  11  46  21  16  39  46  17  30  46  25  44  33  18  45  14  22  23  50  18  29   5   9   9  40   7   7  44  48  18  29  16  11  41   3  13  43   2  37  12  12  28  29  44  48  16  22
   5  24  13  11  50  39  29  18   5  41  38  25  45  29  49   9  30  10  45  14  49  36  15   5  40   6  37  12  45  14  34  30  28  39   2  48  24  33  22  37   1  27  20  18   1   7  17  47   1  34   5  34  21  14  41  24   8  25  25  30  12  35  25  41  41   5  19  22  45   7  43
  29  50  21  19  44   2  12  25  33  46  50  30   6  25  45  18  25  15  17   2  22  18  24  28  23  30  48  19   8  14  50  21   4  50  18  36  40   2  18  37  14   4   8  43  48  19  24  15  43  25  36  45   6  47   3  38  19  25  42  13  24  49  21  42  48   3  36   1  49  31
  15  46  44  29  36  43  49  11   8  28  48  27  34  44   3  18  16  12  27   4  40  19  10  25  45  47  11  18  16  31  35  21  16  11  46  16   7  35  49  44  47  37  24  28  21  24   4  33  14  20  45  44  30  31  26  50  48  49  45  40  31   1  34  25  38  22  50  22   4
  35  17   3  40  32   8  46  22   3  50  10  50  43  33  39  17  13   5  34  31  30   3  35  24  32  37   5  41  42  31  10  33  14  30  22  14   1  50  22  23  21  26  21  37   6   2  28   3  11  14  37  33  15  47  33  44   9  12   2  45   8  30  28  39   3  24  43  39
   2  34   5   6   9   6  35  40  49  18  41  23  40  34  23  37  40  12   2  50   7  24  18  38  12  44  32  24  50  33  48   8  38  35  49  37  40  26  36  31  35  14  36  33  38  22   6  24  24  24  23  19  40  10  13  31   4  14  40  29  49  11  50  23  34  10  25
   3  18  27  23  50  29   4  49  13  12   9  33  49  46  36  27   9  28   4   1  35  15  36  15  13   1   5   5  23  17  50  25  32  45  10  38  13   4   4  47  23   7  36  35  37  21  19  30  29   4  21  25   8  15  21   1   5  27   4  48  16   4  20  28  29  19
  36  17  37  47  26  16  27   5  45  11  38  45  21  16   3  15  26  35  38  36  32  24   4  35  14  50   9  31  34  20  17  31  17  40   4  32  29  31  21  41  35  33  32  30  14  18  37  13  10  38  34  40  20  42  38  45  28   9  39  11  33  25   3   3  26
  40   7   6  15  47  23  23  25  34  11  13   1  34  18  38  29  37  32  38   6  13   2   8  12   9  44  23  45   1  44  29  49   1  38  49  25  31  28  22  41  17   1  46  47  28  47  50  12   9  30  38  49  20  16  37  25   1  35  20  10  34  38  50  22
   6   6  33  11  22  10  47  29  31  32  49   4  16  13  49  22  35   7  18   6  40  34  48  37  22  30  32   6  49  17  40  36  40  44  14  34  15  41  30  44  27  48  29  34  27   2  15  21  12   2  19   7  39  25  47  44  44  10  36  43  12  49  22
  20  19   7  43  18  25  37  40  39  33  45  25  18  13  46  21  23   8  18  42  11  47  14  46  42   7  35   7  46  29  25  13  43  39  38   1  42   5  46   5  27  19   7  26   6  15  28  37  28   8  20  23  32  42  15  38  45  35  17  36  20  22
   5  48  26  41  15  44  33  50  24  33  42  40  13  46  45  11  31  13  43  46  46  10  18  13  21  45  25  39  36   3  27   3  30   9   7   3  21  38  29  12  38  22  35  41   5   6  26  41  45  35  17  32  17  14  12  43   9  39   6  21  26
  14  10  18  45  46   5  27  42  34   7   6  16   4  13  14  22  45  39  38  15  47  40  20  14  38  32  21  28   4  29  45  14  25  15   7  16  13  45  39   9  38  17  15   4  11  25  17  10  38  50  47   6  20  33   5   4  29  18  11  14
  44  44  35  22  23   9  14  35  46  33  21  24  24  27  38  24  22  33  12  29  35  14  20   8   2  30  38  20   3   8  24   9  10  13  16  12  27  22  25  48  47   6  26   5  35  37  14  40   8  47  40  25  18  46  38  14  39  34  36
  37   8  33  11  43  35  39  29   7  10  34  46  26  20  27  41  25  50   1  50  15   7  19  35  22  35  11  29  46  33  23  28  18  35  46   8  25  20  12  50  35  49  42  27  23  34  19   4  11  33  21  26  28  35  44   2  17  20
  43   5  18  20  29  41   2  10  32  30  30  23   4   8  30  21  15  29  29  48  14  21   9   4  17  13  37  32  50  32  35  17  21  19  49  43  24  33  42  41  46  39   8  48  12   6  13  47  41   2  46  45  38  45  22  40   1
  47   5   6   1  44   9  20   1   3  20  50  25  32  42  20  49  22  14  19  26  47  38   2  47  14   6   4  36  19   2   8  31  32  40  16  42  47  38  42  12  39   6  47  39   2  24  44  21  34   9  14  49  33  10  23  24
   7  34   2  26  48  23  28  27   3  17  46  23  27  44  39  19  47  23  21  44   7  36   8  42  35  41   5  29  35   3  10   7  17  27  12  14  37  31  25  21  39  49  18  27  35  20  31   8  46  14  21  10  20   1  27
   7  34  25  49  30  49   6  50  49   5  20  20  21  15  33  16  29   3  14  11   8   5  24  23   6   9  15  20  27  25  16   9  16  42  50  29   2  25  46  45  20  21   5  10  17  43  33  14  20  23  25  45   1  27
  37  44  13  34   8  18  47  29   1  38  26   4  26  42  13  48  42  36  27  30  28  36   1  33  31  49   5  29  45   8  25  21  15  25  27  37   1  23  34  11  33  46  13  25  45  34  37  19   2  13  23  18  13
  26  15   2  16  39  29  21  49  31   9  23  50  20  11  15  29  46  48  23  27  19  42  25  32  45   1  44  15  27   8   3  49  14  16   5   4   7  43  31  42  25   4  47  41  46  33  21  18  25  41   3  31
  42  17   7  35   4  21   7  12  26  45  41  12  35  45  18  44  39   1  41  31  36  29  11  39  49  41  34  38   8  31  34  33  40  48  19  50  23  48  19   3  37  43  37  10   5  16  15  50  10  43  30
   4  43  39  34  36  42  48  48   3  29  24  18  44   5   6   1  33  43  26  49  23  12  31  40  31  13   4   6  47  37  21  37  36  46  33  50  15  36   2   5  13  16  29  47  26  20   3  48  29  16
  33  49  45  24  17  48  20  47  18  27  27  40  16  18  41  41  41  47  25  23  49  12  11  44  17  34   9  45  10  17  23  10  10  24  41  23   8   4  18  45  49   4   5  40   7  47  31  11  25
  46  42  11   7  30  30  17  46   2  10  13  50   2  43  37  16  44  18  46   9  28   8  10  19   4  13  41  49  45   3  13  29  10  13  20  33   9  34  42  29  18  43   7  29   9  10   6   9
   5   3  21   2   7  45  23  11  49   4  17  35  41  14  18   4  25  33  47  30  25  45   4  27  12  29  27  26  41  27  15  12  30  49  38   5  50  43  24   3   3  29  16   1   7  13  39
  10   9  50  16  47  40  25  24   1  28  38  31  22  24  18  35  18  36   4  31  38  30  32  38  42  44  27  11  28  25  38   7  42  10   4  39  34  17  47  11  11  39  28  28  50   3
   9  39  13  34   4  12  47   7   7  31  50  44  15  18   9  31  13   6  31  30  34  21  44  46  22  21  26  41  26  43  34  25  16  24   5  31  17  30   1  29   6   1  18  38   9
  37  11  36  34  47   4  17  32   9  24  12   9  49  39   6  24  48  32  14  48  40  47  21  13  13  18  21  12  41  33  13  12  12   4  50  30   2  26  44  30  35   6  25  30
  11  14  45  48  17  43  10  45  29  24  19  40  45  37  29  37  41  13  43  14  29  11  46   7  45   7  19  40  49  38  46  48  14  44  26  10   1  45  41   6  29  47   9
  36  23  49  43  20  36  39  13  24  16  21  13  25   4  35  37  28   9  45   2   7   6  15  46  20  32  30  24  29  41  39  34  30  39   6  50  16  43  15  40   2  37
  19   7  32  50  45  42  28  39  33  48  27  15  50  46  26  24  27  13  37  17  17  40  38  45  41  45  30  31  32  33  46   9  28  11  47  13  15  19   8  22  16
   8  49  20  28  48   1  43   8  45  50  49  29  13   9  30   7  46  40  45  36  11   4  38  42  25  48  20  21  49  23   9  43  26  38  18  32  13  11  46   1
  18  37  15   5  15  21   3   9  16  34  36   6  37  38  14  11  14  18   1   9  11  31  22  27  23  45  50  21  48  33  30  29   9  14  26  32  15  49  45
  31  49  16  45  10   8  40  33   5  23   6  46  37   4  30   8  22  23  13  44  39  26  38  11  23  23  17  40  49  18  14   9  44   6   1  29   1  43
  20  25  13  34   4   5  13  22  30   6  42  49   9  42  16  42   9  28  39  30   6  19  18  44  38  20  21   3  17  42   1  43  28   8  43  49  13
  30  42  45   5  44  13  27  36  22  38  17  22  17  43  44  47  39  50  41  41  42  22  43  24  33  26  36  49  40  44   5  34  50  43  27   8
  31  19  43  18  50  31   3   1  46  18   7  46  42  39   7  24  24   5  48  34  27  46   2  20  18  20  11  11  24  45   1  20  15   8  50
  31  22  11  19  38  46  43  19  17  20  25  19  39  32  16  50  49  10  44  33  41  18   2  34  11  47   1  26  23  31   5  37  40   1
   1  20   8  49  46  47  29  26   5  16  38  32  14   5  27  14  18  15  20   5   1  26  43  12  14  28  18  10  42  45  43   7  13
  35  31  33  17  43  49  36  22  13  10  43   3  17  38  26  13  14  30  29  49  41  20  23  38   2  43  29  43  26  41  10  44
  32  35  11  26  31  26  24   7   6  30  18   9  48   7   8  38  20  41  21   6  15  39  43   2  36  11  12  42  45  17  17
  29  48  36   2  43   4   5   8  28  47  19  29  29  48  21   6  13   6  29   8  24  23  19   3  45   2   9  46  16  10
  18  47  25  39  23  38  13  30  32  23  33  50  36  45  14  43  40  43  21   9   9   2  15  34  10  14  16   5  16
  32  29  21  19  43  27  27  22  18   7  40  14  46  24  47  37  23  41   2   9   3  13  15  11  43  31  46  44
  10  32   3  13  23  28  38  14   8  25  31  49  39  14  29   2  19  41  13   7  35  23  43  40   4  27  26
  48  37  19  24  31  16  41  15  40  15  32   6  18  38  47  41  21  16  13  18  47   8  43  15  23  34
  31  27   6  21  36  46  33  21  35  47  18  23  37  29  27  35  19  23  32  12   3  30  11  15  40
  30  15  38  33  24  25  40  38   9  40  12  46  14  36  48  39  25  50  30  25   8  20  27  37
   8  49  34  37  49  14  48  11  16  29  33  39  31  13   4  25   1  33  13  38  13  21  27
  14  27  36  28  49   8  43  30  22  33  48  49  45   1  33  45  49  38  31   3  14  48
  23  41  14  20  46  20   1  40  20  27   7  41  13  21  26  38  12  49  47  30  45
  11   7   7  13  20   4  27   9   6  18  23  41  38  43  21  33  28  18  45  49
  30  47  36   8  32  19   3  46  23  29  42  20  43  38  34  15  35   8  20
  16  29  28   6  48  32  44  29  21  18  36   5  39  34   9  50  22  14
  37  39  38   8  43  12  48  20  46  31  36  24  25  32  30  38  47
  33  34  27  43   2  13  46  50  31  19   4  37  16  41  43  47
  40   1   2  50   9  40  24  28  49  44   5  49  36   5  16
  17  32  28  26  33  31  10  41  45   5  40  11  35  18
  37   1  35   1  44  49  50  11   3  17  13  29   5
  27   2  23  15  43   2   8  29  13  12  12  18
  31  14  42  37  21  10  40  40  36  20  34
  19  10  11  25   1  35  41   1   1  13
  30  50  17  25  35  30  26  34  42
  31  43   3  26  19  50  15  44
  36   3  28  38  47  12  41
  50  37  19  50  20  21
  22  49  13  18  19
  38  33  11  26
  32  21  16
  24   6
  44

 129
  11   2   9  10  14  15   7   5  25  22   4  15  13   7  22  14  24   5  17  17  10  15   8  23   6   4  25  12  20  16   1  11  14  21   1   4  15  20  17   4   7   2  22  21  17   2  23  13   7  18   5  24  25  11  11   4   9   7  15   6  11   1  12   1  10   1   6   6  23  25  10   6  23  17   5   8   3  21   7   9  17   2  15   4  13  24  17  12   4   6   5   4   6   4   1   1   2   8   4  15

