 100 
  33   0  24   0  17   0  37  30   2   0   0  36  10  11  17  33   7  42   0  20  12  20   8  39  13   0  33   0  49  42   0  39   0  42   9   0  35  41  26   1   0  29  45  18  11  49   0  16   0   0   2   0   0  34  13   0  11   0  33   0  27  39   0   0  18  20   4  10  47  21   0   0  22  22   2   0  31   0  38   0   0  23   0  22  48   1   0  46  23  47  34   3   5  41  41   0   0  42   0  15
  37  11   0  22   3  44  28   0   2   6  22   0  37  45  32  50  16  34  24  10  28  18  43   0   0  18   0   0   0  49  49  21  11   6   4   2  20  34  37  39  38   3  46  29   6  29   4   7  19  11  40  38  43  25  34  44   0   0   2   0  23  35  42  32  50  47   0  14  27  43  26   6   9  25  47  36  18  38  14   1  50   9  30   0   3  49  10   1  39  25  31  30   4  49  28  16   0  28   0
   0  22   0  25  17   0   8   0   0  24  43   0   1  10  49  38  14   0  34  11   1  25  50  45  26   4   0  10  47  10  40   0  43  20  40  28  49  25  42  26  43   5  15   0   3   3  15  24  21   0   8   0   0  30  20   0  23   0  42  37  35  33  24   0  46  30  24  33  26  25   3  45  26  32   0  43   0  38  20   0   0   0   0   0   0  37  48  43   0  34  27   0  16  15  29  37  49  37
  45  15  35   0  12  12  50   0  25   1   0  21   0   0   7  33  41   0  39   0  32  14  44   0   0   2  48  22   0  12   0  12  18   7  29   0  28  18   6   5  34   0  36  27  35   8  32  49   0   0   0   0  29   0  34  17  44  14   2   6   0   0  18   0  36   0   0   0  47  42  20   0  21  12   0   0   0   0  25  43  45   2  12  35   0  48  30  11  39  43   0   6  32   0  23   5  43
  31  33   5  40  30  49  21  20   0   0   0   2  37  11  29   5   0   8  20  16  17   6  13   0  49  33  34   1  17   3  10   0  45  16   0   0  49   0   3  28  27  37  36   0   0  47  44  10   2   0  17  25  21   0   0  35  23   9  20  34   0  34  43  13   0   0  24  22  21  34   3  22  20  47   8  37   7  22   2   3  42  46  32   0   4  10  21  18  28  10   0   0   0  46  33   9
   0   4   0  25  29   0   0  30  19   9  49  49   0  20   0  24  32   0  19  23  37  18  30  48  42  11   0  16   0   0   0  34  34   0   0   0   0   0   0   0   0  14   5  33  20  15   0  28  29   1   8   0  25   0  35   0   0   0   0  47  31  22   0  24  14   0  24   0  48  24   8   9   9  34   1   0  24   3  14  26  49  46  33  25  14  44   0  11  26   6  46   0  41  14   1
   0  23  24  11  31   0   0   0  50  42  30  12  50  17   0  21   1   0  30  41   0  26  17   0  29   0  18  26  50   7   0  35  17   0   2   7  25  48  46   0   0  12  42  15   0   7   0  16  39   0  26   0   1  45   9  31  34  21  34  46   7  45  18  43  28   0   3  36   0   0  36  46  18  24  30   0  37  41  24   4  15  21  30   0  48  25   0   0  29   0  31   0  35   0
  37  45   6  15  48   7  29  21  44   0  31   1   0  45  34  35  20   0  16  19  24  30  40  33  23  26  47  32   0   0  32  42   2   0  27  39  23  16  12  12   2  43   0  49   0   3  36  27  49  22   3  29  50  31  36  29  18  31   1  19  28   0   0  26   0  48   5   2   0  15   3  43   3  45   0   3   3   0   0  22   0  28  32  16  49  27   0  21   0  40  49  34  44
  14  18   3  17   8   9   0   8  33   0   0  46   0  38  43   0  11  26  47   0   5  37   0  21  47  21   6   9   0  23  47  39   0   0  38   0  35  13  10  20  44  48   0  41  42   0   0  21  38  46  20   0  26  44   0  50  37   6   0   8   0   0   9   0   0  44   5  12  12  22   0  38  13  27  49  35   0  17  32   8   4  20  50  26  30  38   6   2  31  37   0   7
  43   5  14   0  10  14  45   5  11   8   0   0  35   4   2  43   0  37  42  20  42  40  25   0  10  34   2   3  34  38  36   8   9  20   0   0  35  11  26  23  18  38  34   0   0   0  19  50  44   0   0  13  29  33   4   0  25  20   0  13  23  39  49  11  35  16  30  43   0  10   0  32   5   7   0  45   9  42  13   2   2  12   0   5  31  42  39  23   0  30  50
   0   4  32  50   0   6  33   0  19  49   0  32   7  31  14   0  18   5  41   0  43   8  49  29   2   0  46  24  30  40  49  43   1   0   0   9  41  50   0  42   6  25  48  11   0  50  10  23  10  10  10   1   0  11   4   0   3  50  44  23  49  48  34  14   6  47  50  15  18   0   0  35  45  13  29   3   2  30  44   0  30   0  46   9   0   0   0  46  27  13
  44  23  45  34   6   4  13   5   0  25   3  22  46   7  32  36  35  23   0  18  11   0  43   0  44  38   6  15  43  18   0  28  15  19  38  26  32  47   0  38  48  33  14  28   0   0  19   0  23   0  25   0   0  35  49   0   0  46  50   0   0  29  32  13   0   0  22   8   0   4  30  26  34  41   0  25   0  36  19   0  32  45   4  15   7  38  32  28  42
  46   0  23  37  29   0  40  48  27  10  50   6   0   0  50   0  36   4  26  14  34   0   0   0  10   0   3   0   0   0   1  49  47  21   0  22  29  22  23  17  29   8   0  20  20  14  48  48  43   0  35  40   0   0  44  42  28  13  32  20   0  18  15  34  36  12  23  37  28   1  35  25  19  46  28   0   6   1  47  20  18   0   0   7  33   0  29   0
   0   9  17  20  30  37   0   0  36   0  49  23  45  44  18  33   0  43  11   1  17  25  19  12  29  26   0   4  35  18  44   0  41  10  38  13  49  45   9  11   0   0  25  26  47  13   0  17  31  48  44   0   0  27  26  16  33  13   8  34   8  41  30  27   0   0  31   6  20  16   7  32   7   0  28   0   0   0  21  29  49  38   7  13  32   3   0
  13  12  39   2   0  46  49  50   0   0  41  29  34  48   5  24  49   0   0   2  31  37  18   0  47  35   0   2  35  29  22   0   0   5  27   1  32  21   0  26  30   0  43  48   0  11   0   0  34   6   1  29   1  47   0   5  13   0   0  12  31  32   0  23   0   5   5   0   0   0  14   0   3  42  38  50   5  49  10   1   0  12   0   0  30  27
   2   0  35  45  48   0  22   0  24  23   0  34   0  25  33  49  20   0  17   1  42  41   0  14   6  15  18  48   0   0  26  19  41   0   0   0  16  38  25  23  45   0   2   0  18  16  50   0   0  42   0  10  11   0   5   0  41   0  16  25  45   0  42  35  19   0  47  39   0  21   6  14  30   0  41  13   0  17  41  20  17   0  50  10  48
   0  35  38   4  29   0  17  29   0   0   0  31  22  34   2   0   9  40  31   0  24  16   3  20   6  25   7   0  13  42  12   0  22   3   0  14   1  19   0   0  41  30   2  35  23   0  48  32  32   0  25   0  26  36  25  50  17  39  44  45  34   0  16  41   5  47   0  33  28  36   0  11   0   0   5  26  22  35  27  37   1  30  25   4
   4  45   1  23  39  19  41   0   6   0  48  20  28   6   0   0  45  24  42   0  45  13   0  24  46  22   1   0   1   0  15  20   0   6   7  46  36   0   1   7   8   5  43   0  26   0   0  23   0   0  29   4   0  24  24  37   0  35  29  12   8   0   0   0  19  40   0  26  31  46  16   0  49  14  27  45   1  30  39   0  37   0  44
   5   0   4   0  20   6  26   0  31   0  17  26  22  13   0  23  44  19  33   0   4   1   0  29   0  22  24   0   8  34   0  39  12  17   0  30   9  37  41  33   0  24  46  20  24  13   0   5  25  46  29  13  46   8  46  18  32  33  25  42   0  10  15  19   0  30  10  43   0  47   0  30  12  33  46   3  26   0  39  37  21  26
  40   0  36   0  13  19  23  19  26  19  37   0  50   0  45   0   0  28  43   8   0  25   0   7  50   0  23   8   0   0  30  30   7   2   0   5   0   0   3  19   0  13   0  38  18  49  14   0   6  41   0   0   5  15  38   0  22  14  34   0   0   0  23   0   0   0  32  35  48   0  21  41  12  13  50  11  32  50  46  24   0
   7   0   0  20   0   3  34   6  40  16   7   0  41  13   7  10  44   0   0  37  30   0  37   0  36   0  43  44  30  11  43  27  32   0   3  49  40   0   0  39  14  46   3  19  12  48   1  37  27  34  21  32   0   0  26  46  43   6  37   0   0  38   0   6  46  30   0   0  24  48   0  36  27  17   0  21   0  13   0   0
   0  15   2  24  12  16   1  23  42   0  16   0  47   0   8   0  17  14  25  20   9  10  24  36   0   0   9  50   7   0  48  48   0   6  37   0  13  13   5  32  10   1  20  16  23  47  39   9  39  15  26  49  46   0  40  39  31  39   0   5  30   0  10  18   8   0  19   0  24  45   0  33   0   4  43   0   0  37   3
   0  28  15   6  31   0  15  25  43   9  16  33   0  32   3  24  20  41   8  28   0   2  24   0   0  29  19  14  43   7   0   4  47  20   7   0   0  27   0  41  25  16   9  39  32   0  38  41   4   1   0   0  47   4  11   1   1   3  42  45  20  31   0   7   0   0  16   2   0  48   0   0   2  15   7  11  23  48
  21  24   9  27  25   5   0   6  26   0  37   2   0   0   7  21  36   0  11  11  43  23   0   0   0  39  22   0   0  32  39   0   5  19  29  41   3  38  11  14  14   0  47  17   6  23  11  24  36  16  46  35  33  49   0  46  12  34   0   9  36  46  47  11   0  30   5  32   9  38   0  28  31  16  35  26   0
  39   0   0  11   7  26   0  25  17   0   0   2   0  35   0  47  42  26  11   0   0  43  43   1   0  34  45   0  32   0   0  11   7   0  44   0   0   2  31  14  30   0  25   6   0  33  18   0  49   8  32  45  33  40   0  11  31   6  42  28   0   0   8  28  14  50   0  46  45  25  49   4  35  12   0   8
  20  42  37  26  21  41   5  37  13   0   6  47   0   3   0  30  37   0  13   0   3  33   0  44  25  28   0  46   0  25  23   0  24  29  49  24  37  26  44   4   8   0   0  15   0  24  31  25  36   6  21  27   0   4   0  18  37  20   0   0   0  21  24   3  42   0   0  17  13   0  49  17  12   1  48
   0   0   0  17   0   0   0  11  49  47  41  25  12   0   0  18  22   3  41  10  27  20   1   0  27  21  49   0   0   3  29   0   0  18   9   0  27  19   0  48  45   2  47  46   0  18   8   1  31  48  28  13   0  29   0  47  13   6   0  42  49   7  21  50  33   0  33  48  46  14   0  38   0  42
  10  20  25  30  13  19   0  44   0   0  48  49  42   0  35  37   3   8  46   0   7  18  32   9  46  16   0  16  23  43  31  10  28  21   9  28   2  15  14  43   0   0  16   0  36  39  24  37  32  29  34   0  13   0   0  40  50   0   0  35  48   0  39   0   0  16  43  29  11  37   0  47  16
   0   7  49  26  23   0   0  22  41   0   0  10  21   7   6  28   1  21  47   0  22   0   0  38  28   0   4  23  49  31  37  18   7   0   0  39   0   0  25   0   0  17   0  30   0  18  19   4   0  44   0  41  11  50  41  42   7  10  36  35  35   0  22  24   7  32   0  30   0  36  19  11
   8  13  12   0   0  33  35   3   2  46  30   4  21  35  19  38  47  18  27   1  26   0  30  32  45   4  34   0  30   2  28  26   2  19  37  26   0  35  21  50  33  47   0   6  42  47  34   0  31   0  32   9   7   2  10  33  10  19  50   0  34   0  40   0  29  27  23  32  11  16  25
   9  20  50   0   0  24  31  49   0   1  39  15   0   0   0  47  28  32   0  16  47  30  22  28   0   0  29   0  13   0   7   5   0  17  50   0  40   0  13   9  47  44  45  41  49  12  40   4  12  47  33   0   0   0  23  50   0  48  46  44  39  21  31  38   0  45  35  48  42  31
   7   9  29  24  20  39  46  24  47   5   0   8  28   2  39   9  50  46   7   0  25   0  18  44   0   0   0   6  30   0   0   0  24   4   0  22  35  38  23  27   0   0   5  44  14   0   2   5  21  14  40   0  26  31  28  10   4   0  21  12   9  34   0  18  44   4   0   0   0
  18  47  47  50   6  11  27   0   0   0  16   0   0  25  12  50   0  50  42  40   0   0  34  24   3   0  30   9  37   0   1  25  21   0  41  31  36   0   3  24  41  48   0   0  23   6  40   6  33  41  34   0  46  12   4   1   9  50  37  12   0   0   0  46  16   0  50  27
  18  45   0   9  45  21  47  15  12  16   0   0  20  43   0  29   0  22  15  23   0  13   0  16   9   0  40  22  50   0   6   5  47   0  37  42  10  19   0  45  47  16  32   0  22  48  18   0   0  50   6  19   1   0  40  36   0  26  23   1  22   0  36   0  35   2   0
  45  38  44   6   0   0   0   0  30   4  23  33  40  35   9   0  33   0  26  17   1  24   7   0  45  31  15   0  43  42  38   0  41  26  49  10  23   1   0  29   0  22  39   0   0   0   0  27  46  38   0   1  50  18  36  34   0  31  33  17  29   0  30   4  19   0
  33   2  50  47   0  11  13   0  14  35   4   0   0   0  28   0  15  36  29   0  27  18  24   0  40  44   0  18  47   0  12  29   0  11  22  28  50  31  20  28   0  23   5   0  49   0   0  34   0  28  30   2  29   2  10   0  31   3   0  16   0   6  48   9  25
  26  11  50  24  38  24  38  11  11  30  12  12  13  14  20  37   9   0   0  32   0  15  34  40  10   0  45   0  31  27  47  17  29  34   0  16   0   0  48   0  47   0  15   0  20   0  13   9  12   0  19  49   0  27  17  10  45  14  22  14  35   0  15   8
  34  24   3   0   9  22  28  48  17   0  45  46  19  44   4   0  15   4   5  31   0   0  43  24  41   0  22  36  28  29   2  25  48  22  15  17   0  11   0  48  25   0   8  44   0  13   3   0  16  10   0  47   0  45  42   0  30   0  38  28  13  28   0
   2  29  36  15   0  39  22  31  45   0   1  26  45  28   5   0   0   0  14  35   0  14  37  36   0   3  40  41   0  13  20  11   0   0  17   0   0   0   0  12  30  47  40   0   0  39  41   6   0  33   3  27   0   0  45   0  18  50  14   0   0   0
   0   0  41   7  18  42  11   0  18  10   0  35   0   9   0  39  50   0   2  14   6   0  41  33  16  10   0  23   0  46   0  49   6   0   6  36  24   0   0  41  29   3  36   0   0  34   0  48   0   1  48  39   0  46   0  23   0  19   1  12  22
  17  11  37  41  45  22  47  50   2  50   6  29  22  27  36   0  50  31  29  38  48  32   0   0   5   0   8  23   0   3  20  43  13  45   9   8  27   0  36  26  19  47  22  22   2   0  45  30  47   0   0   1   0  24   3   0  39  36   0  28
  24   0   0  35   0  21  25  50   9   6  14   0  12  44   8  36  33  10  32   1  20  23   7   6  20  34  17  38   0   0  22  50  36  13  49  21   0  22   0   0   0  15  14  36  12  12   0  36  34  23  44  11   0   0  25   0  29   0  42
   0   0  24  33   1  18   0  22   0  14  11   0  17   0  14  18  48  28  45  40  14  28   8  21   0   1   2  38  20  22  10   0   0   0   0  23  48  26   0  38   0  12   9  32  41   0  33   0   4  30  32  44   0  37  42   7  27   0
  50  41  39   0  38  49   0  17  45   3  21  11   0  45  29   0  50  15  17  20  12   0   6  21   5  19  30  33  35  44  22  15   6  12  26  23   0   6  44  47  23   0   0  45  39  38   0  44   0  49  20  15  12  26  43  10  14
  36   8   4  40   4  50  14  40  48  10   0   0  49  36  49  35  45  23   7  38  17  18   0   0  38  26   8  48  40  14  16  38   2  10  18  47  33  28   4   0  28  20  31  12   0   0  39   0   0   0   0  38   0  42  11  17
  35   0   0   0   0   3  12   0   0  33   0   0   0  35  36  15  19   5  35   0  48  12   0  17   0   0  26   0  34  48  33  28  29   2   0   0  43  13  38  44  48  31  31  13   8  39  30  27  48  29   0  40   0  17  23
   0  46   6   8   0  23  45   0   0  25  28   0  44   4  17   0  48  27  31   8  42   0  31   6  34  42  34   0   0   4  10  37  20  44   7  20  32  16  16  37  14   0  18  50   0  13  24   0   0  45  25  22   0   0
  24   0   0  15   6  32  45  14   0  25  25   0  18   0  45   0  49   5   0   0  10   5   0  21  20  45  21  19  31  49  27  12   9  36  42  30  42  16  14  35   0   0   1   0  46  44   0  27  37  32   1   9   1
  31  31  21   0   7  44   0  16  25   6  11  47  10  46  12   0   0  27  49   0   0   5  41  38   0  21  32  50   0  20  31  25  49   0   0   0  22  38   0  31   4  46   0   0   2  37  46  33  11   0  32  43
  48   0   0  38  45   0   0  36  11  26   0  20   0  48  45   0   0  27   4  10   3  33  48   2   0  48  43   0  12  18  42  10   0  34  12  46  46  29   9   0  33  28  34  32  49  35  34  10  49   3   0
   6  22   0   0  14  22  19   1   0  26   1  27  13  39  49   0  47  47   8  15   0  29   0  18  14   0   1  47   5  39   0  38  25  19   0   8   8   0  12   0   0  36  32  25  40  20   0  20   0   0
  11   7  34   7   7   6  33  49  34  35  47  21  25   0  42  44   0  20  17   5  17  35   0   0  38  16   0   7   0  34  32  10  33  31  12  25   0   0   0  24  48   9  26   0  21  47   6  48   0
  19   0   0   0  33  17  11  42  11   0   0   0  32  24  12  21   0   0  30  15  15  23   1  17  32  46  29   0  35  26  27   0  38  47  32  26  44   0   0  19  48  49   0  15  44   4   0  17
  34  33   0  18  46  44  17  34   0   0  16   0   1   0   0   0  45  23  20  18  46  18  22  33   0   0  34  45  34   4   7   0   0  32  15   0  49  43  38   8  45  40   0   0  36   0  49
  13   8  49   0  28  26   0   0  35  24  19  20  36   0  18  35   3   0   0  49  50   0  47  30  23  37   0   0  35   0   0  36  49   8   3  38   0   6  44   0   0   0   2  27  15  20
   8  49   4  13  28  10  25   0   3  39   0  10  37  40  27   8  21  29  41  11  35  44   0  36   0   0  38  46  19  50   0   2  43   0  15  10  48   4   5  20  29  16  38   6  32
   5  36  27   0   0  12  41   0  49   0  11  14   2  37  35  49  16   0  27   1  10  49  25  44  50  27  50  28  34  28  43  43   0  18  21   5  44  17   6  40  21  12   6  48
  18  22   0  44  34  26  33   0  45  32  43  42  41   9   0  29  23   0   0  38  19   0   0   6  42   7   9  11   2  45  18   0  39   7   8   0  21   6  25  20   0   0  42
  15  41  26  40   0   0  46   0  10   0   0   0  10  36  11   9  18  49   0  22  42  13  40   0  34   0  44  33  44   0  21  28   3  15   9  38  42   4   0   0  40   0
  41  45   0   0   0  30  32   0   0  43  23  35  22   0  31  39  34   5  20   8   0  47  26  41  25  47  15  44   0   0   3   2  35  37   0  26  49  30   0  11  26
  33  15  28   0   3  49  40   8  29  49  11   0  14  25   5   0   0  32   0  29  34  22   0   8   8  46  45  22  19   0   3   0  32  13  16   0  39   1  17  39
   0  35  20   4  29   0   2  34  42   0  19  14   0  44  45  50  40  36  13   0  50   2   0  41  11  16  16   0  22  42  27  32  35  15  38  13  33  33  30
  34   0  48  35  44  47   0  31  34  40  33   0  13  30  27   0  30  32  39  49  41  25   0   0   0  24  41  30   4  41   1   0  38  30   7   0  17  19
  10  31  35  25   0   0  31  10  13  20  23  37  45   0   0  23   0   0  14   0   0   3   0  23   5  32  16  45   0  42  24  35  32  31   0  27  19
  33   6   0   0   9  30  44  45  44  38  22  21  27  24  10   0  20   0  10   0   0  28   0   0   0  22   6   0   0  21  16   0  24   0   0  13
  28  25  48   9  45   0  48  29   0  22  40   0  19  32  15   0  12   4   0  42   0  47   0  12   0  10  35   0   0   0  47  49  48  37  44
  29  45   9  42   0  24  39  17  15  45  36   0   0  18  49  31  48   1   9  14   0  13  31   0   4  14   0  13  22   0   0   0   0   1
  42   5   8   0  32   0  17  48  23   0  41   0  11  12   0  43   0  28   0  14  50  17  10  36  34   0  45  31   0  19   0  46   8
  27  24  32   0  44  12  47  18  34  12  13  33   1  34  39  47   4  35  41  19   0  28   0  37  33  12  14  30   0  27  17   0
  35   0   4  34  44   0  47  50   0   0   0  46  19  48   5   3  36   0  40  46  33  11   0   0   0  31  14  27   0  46  13
   0   0  46   0  46   4  29  31   0   0  33   0   8  23  10  15   0  35   1  32  31   0  31   6  12   2   0  29  41  43
   5   1  40  35  33   0   0  40   0  21  28  14  14  24  22  19  41  37   1  37   0  33  12  13  21  30   0  45  17
  38   7  18  19  43  29  46  14   0   0   9  30  26   0  20  29  17  22  33   3   4  11  30   0  21  44   0  34
  26   8  21  40  34  31  36   0   0   0   7   0  37  31  17   0   6  31   9   0  16  39  32  41  22  25   0
  22  21  36  39  49  19   0  33  18  46  46   4   6  16  46   4   0  40  41  30  22   0  43  27  50   0
  29  30   8  18   2   0  39  43  40  27  49  23  25  10  32  19   0  12   0   0  50   1   3   0  30
  29  50   3  46  37   0   3  47  26  25   0  19  45  47  16  50  34   0  34   8  37   0  34  43
   0  23  24  43  48  27  43  15  42  25  20  44   0   8  25   0   9  12   8  12  36  47   0
  34  25  41   0  47  25  29  13  30  46   0  40  34  30  40  32  50  26  22   0   0  39
   0   6  12  17  35  23  28  15  30  38  16  30   0  33  43   4   6  35  20   0  11
   0   7  48  15   0   0   0   5  17   0  25  10   7  15  48   7  16  11  42  24
   0   9  39  33  40  16  47   0  19  32  23   0   0   8  13  21   0  49  31
   0  25  31   0  36  50  44  33  13   0  43   7  13   0  48  49   0   1
  47  20   5   3   5  17  29  20  27  42   0   0   9  14  45  20   0
   4   0  26   0   0   1  37  17   0  35  48  40  27  48   0  17
   0  45   0   0  12  13  27  16  44  47   3  40  21   6  22
  13  16  47  12  22   0  16  41  12   5   0  25  42   0
  43   0  40   9  45   0   1   0   0  15   0   0   0
   5  29  46  24  31  50  36   0   0  13   5  40
   5   0  40   2  17   1  12   9  18   0  36
  28  49  11  44   2  35   0   4   0  19
  27   0  44  46  40  45  40  23  21
  44   1  37  19  43   2   0   6
   0  33  46  37   0  50   7
  11   0  35  30  21  43
   7  30   2   0   0
  45  40   0   0
   0  25   0
   0  46
   0

  98
   6  24   7  13   1   6  19  18  10  13  23  18  20  19  22  11  12   3   3  16   2  19   6  10  13  10  15   8  22   9  13   7   2   4  22  18   5   3  11  17  23  20  18  15  23  18   8  20  24   9  23  25  17  17  25  16  22  18  15  15   9  11  10   1  23   5   3  15  12  12  25  20  20   8  17  22   1  10  16  15  19  24  13  23   8   2  20   8   8  11  14   8  25  21   5  18  14  23  22  17

