 100 
   0  27  38   0   1   0   0   0  32  39   0   6   0   7   0  17   0   0   0   0   0   5   0  38   0   0   0   0   2   0   0  47   0   0  44  30   0   0   0   0   0  37   0   0  17   0   0   0   0   0   0   0   0   0   0   0   0   0   0   0  41  44  25  24   0   0   0   0  30   0   0   0  50   0   0   0   0   2   0   0   0   0   0   0   0  48   0  30   0  19  18   0   0   0   0   0   0   0  20  31
   0   0   0   3   0   0   0   0   0  48  26  33   0   0   0   0   0   0   0   0   0   0   0   0  28   0   0   3  13  22  45   0   0   0  32   0   0  14   0   0  14   0   0   0   0   0   0   0   0   0   0   0   0  24  31  40   0   0   0   0  18  45  29   0  11  46   0   0   0   0   0   0  30   0   0  28   0  48   0   0  28   0   0   0   0   0   0   0   0   0   0   0   0   0  33   0  19   0   0
  11  10   0   0   0   0   0   0   9   0   0  14   0   0   0  36   0   0   0   0   0   0   0   0  33  19   0  41  23   0   0   0   0   4  33   5   0   9  37   0   0   0   0   0  31   0   0   0   0   0   0   0  26   0   0   0   0   0   0   0   0  19   0   0   0   0  34  49   0   0   0   0   0   0   0   0   0   0   0  22   0   3   0   0  22   0   0  24   0   0   0   0   0  39   0   0   0   0
   0   0  16  34   7  16  38  46   0   0  44   0   0  28   0   0   0   0   0   0   0   0   0   0  18   0   5   0   0   0   0   0   0   0   0  19  45   0   0  40  32   0  44   0   0   0   0   3   0   0   0  17   0   0   0   0   0  34  42   0   0  22   0   0   0   0   0   0  43   0  23  14   0   0   0  31  49   0  38   0   0  32  15   0   0  34   0   0  37   0   0  18   0   2  12   0   2
   0  15  40   0   2   0   0   0   0  40   0   0   0   0  27   0   0   0   0  14  13   0   0   0  26   5   0  28   0  21   0   0  41   0  35   0  33   0   0  17   0   0   0   0   0   0  22   0   0   0   0   0   0  24   0   0   0   0   9   0   0   0   0   0   0  18   0   0   0   0  13   0  37   0   0   0   0   0  16   0   0   0   0   0   0   1   0   0   0   0   0  38   9  19   0   0
  13   0   3   0   0   0   0   0   0   0   6   0   8  20   0   0  31   0   0   0   0   0   0   0   0  20  29   0  50   0   0   0   0   0  48  19  13   0   0   0   0  36   0   0   0   0   0   0   0   0   0   0  14   0   0   0   0   0   0  41   0   0   0   0   0   0   0   0   0   0   0   0  34   0  50   0  18   0   0   0   0  39   0   0   0   0  20   0   0   0   0   0   0   0   0
   3  16   0  28  19   0   0   0  28  46   0   0   0   0   0   0   0   0   0   0   0  44   0   0   0   0  17  42  38   0   0   0  25  38  20   1  36  31  29   0   0   0   0   0  40   0   0   0   6   0   0   0   0   0   0   0   0   0   0   0  47   0   0   0   0  18   0   0  10  34   0   0   0  21   0  35  35   0   0   0   0  20  21   0   0   7   0   0   0   0  18  36  23   0
   0   0   0   0   0   1  20   0   0   0  35   0  30   0   5  44   0   0  34   0   0   0   0  27   0   0   0   0   0  17   0  15   8   8   0   0   0   0   0   0   0   0   0   0  36   0   5   0   0   0   0  32   0   0   0   0  30   0   0   0   0   0  10   0   0   0   0  32   0   0   0   0   0   0   0   0   0   0   0  18   0   0   0   0  46   0   9   0  22   0   0  27   0
   0   0  49   0   0  29   0   0   0  14   0   0  15   0  31  28   0   0   0   0   0   0  35  30   0   0   0   0   0   0   0   0  18   0   0   9   0   0   9   0  43   0   0  31   1   0   0  30   0  46   0   0   0  18   0   0  14   0  17   0  10   0   0   0   0  25   0   0   0   3   0   0  22   0   0   0   0   0  34   0  37   0   8   0  43   0   0   0   0   0   0  14
   0  21   0   0  31  42   0   0   0  32   0  16   0   0   0   0   6   0   0  30   0  41   0   0   0   0  28   0   0   0   0   0   0   0   0   0   0   0   0   0   0   0   0   0   0   0   0   0  27   0   0   0   0   0  18   0   0   0   0   0   2   6   0   0   0   0   0   0   0   0   0   0  23   0   3   0   0  34   0   0  27   0  22   0   0   0   0   0  13   5   6
   0  13   0   0   0   0   0  38   0   0   0  40   0   9   0   0   0   0   0  28   3   0   0   0   0   0   0   0   0  27   0   0   0   0   7   0  49   0   0   0   0  48   0   0   0  12   0   0   0  17   0   0   0   0   3   0   0   0  28   0  50   0   0   0  24   1   0   0   0  31   0   0   0   0   0  24   0  16   6  30  42   0   0   0   0   0   0  49  20   0
  43   0  24   0   0   0   0   0   6   0   0   0  19   4   0   0   0  35   0   0  39   0   0  33   0   0   0   0  17  43   0  12   0   0  20  20   0   0   0   0   0   0  20  39   0   0  24   0   0   0   0   0   0   8   0  29   0   8   0   0   0   0   0   0   0   0   0   0   0   0  14   0  49   0   0  45   0  26   0  37   0   0   0   0   0   0   0   0   0
   0   0   0  42   0  49   5   0   0  40  32   0   0   0   0   0   0   0   0  38   0   0   0   0  42   0   0  45   6   0   0   0  27   0   0   0  34   0   0   0   0  35   0   0   0   6   0   0   0   0   0   0   0  26  48   0   0   0   5   0   0   0   0   0  11   0   0   0  18   0   0   0   0   0   0   0   0  43  13   0   0   0   0   0   0   0   0   0
   0   0   0   0   0  12   0   0  37  36  18   0   0   0   0  12   0   0   6   0   1  25  19   0   0   0  41   7   0   0  32  10   0   0   0   0   0  35  10  29   0   0   0   0  50   0  15  33   0   0   0  15  24   0   0  21   0  28   0  26  15   0   0   6   0   0   0   0   0   0   0   8   0  18   0   0  39  15   0  31   1   0   0   0   0  40   0
   0  27  45  46  47  16   0   0   0  37   0  21  48   0   0   0   0   0   0   4   0  29   0  33   0   0   0   0   3   0   0  30  22   0   0   0   0  43   0   0   0   0   0   0  25   0   0  36   0   0  31   0   0   0  47  39   0  20   0  44   0   0   0   0   0   0  44   0   0   0   0   0   0   0   0   0  13   0   0   0   0  29   0   0   0   0
   0   0   0   0  37  14   0   0   0   0   0  44   0   0   0   0   0   0   0   0   0   0   0   0   0   0   0  44   0   0   0  20   0   0   0   0   0   0   0   0   0   0  11   0   0   0   0   0   0   0   4  17  23   0  33   0   0   0   0   7   0   0  14   0   0   0   0  30   0   0  49  34  42   0  25   0   0   0   0  10   0   0   0  17   0
   0   0   0  17  34   0   0   0   0   0  37   0  40  34  45   0   0   0   0   0   0   0  25   0   0   7   0   0   7   0  45   0   0   0   0   0  19   0  22  14   0  41   0  21   0   0   0   0   0   0   0   0  29   0   0   0   0   0  14   0   0   0   0  11   0   0  42   0   0   0   0   0   0   0  28   0   0  32   0  13   0  36   0   0
   0   0   0   0   0   0   0   0   0   0   0   3   0   0  14   0  34   0   0  49   0   0   0   0   0  27   0   0   0   0   0   0  35   0   0   0  14   0   0   0   0   0   0   0   0   0   0   0   0  20   0   0   0   0   0   0   0   0   0   0   0   0   0   0  17   0   0   0   0   0   0   0   0   0  38   0  36   0   0  48   3   0   0
   0   0   0   0   0   0   0   0   6  10  15   0   0   6   0  20  42   0   0   0   0   9   0   0   0   0   0   0   0   0   0   0   0   0   0   0   0  41   4   0   0   0  48  17   0  37   0  15   0   0  27  29   0  33   0   0   0   0  26   0   0  37   0   0   0   3   0   0   0   0   0   0   0   0   2   0   0   0   0   0   0   0
   0   0   0   0   0   0   0   0   0   0   0   0   0   0   0   7   0   0  17   0   0   0  38  30   0   0   0   0   0   0  32  24  29   0   0   0  41   0   0   0  20   0  47   0   0  27   0   0   0   0   0  45   0   0   2  16   0  43   0   0   0   0  43   0  40   0   0  35   0   0   0   0  32   0   0  31   0   0   0   0   0
   0   0   0  27   0   0   0   0   0   0   0   0   0   0  46   0   0   0   0   9  17   0   0   0   0   0   0  30  32   0  30   0   6  11   0   0   0  43   0  33   0   8   0   0  32   0   0   0   0   0   0   0   0  23   0   0   0   0  50   0  10   0   0   0   0   0   0  14   0   0   0  27   0   0   0  25   0   0   0   1
   0   0  35   0  12   0  48   0   0   0   0   0   0   0   0   0   0  20   0   0   0   0   0   0  28   0   0   0   0   0   0  38   0   0   0   0   0  48   0   0   0   0   0   0   0   0   0   0   0   0  46   0   0   0   0   0  48   0   0   0  19  31   0   0  46   0   0   0   0   0   0   0   0  29   0  48   0   0   0
   0   9   0   0   0   0   0  11   0   0   0   0   0  25   0   0   0   0   1  28   0  27   0   0  37  38   9   0   0   0   0   0   0   0   0   0   0   0   0   0   0   0   0   0   0   0   0  40   0   0   0   0   0  36   0   0   0   0   0   0   0   0   7   0   0   0  12   0   0   0  10   0   0   6  21   0   0   0
   0   0  26  31   0   0   0   0   0   0  43   0  42   0   0   0   0   0  37   0   8  24   0   0   0   0  23   0  29  26   0   0   0   0   0   0   0  36   0   0   0   0   0  29   0   0   0   0   0   0  46   0  46  48   0   4   0   0  47   0   0   0   0  26   0   0  28   0   0   0   0   0   0   0   0  18   0
   0   0  11   0   0  10   0   0   0  35   0  28   0   0   0   0   0  21  26   0  13   0   0  10   0  42   0   0   0   0   0   0   0  23   2   0  33   0   0   0   0   0  21   0  35   0   0   4   0   0  10   0   0   0   0   0   0   0   0   0  12   0   0   0   0   0   0   0   0   0  25   0   0   0   0   0
   0   0   0   0   0   0   0   0  12   0   0   0   0   3   0   0  32   0  39  13  41  11  29   9   0   0   0   0   0   0   0   0   0  44   0  48  31  10   0   0   0  40   0   0   0   0   0  16   0   0   0   0   0  17   0   0   0  36   0   4  16   0   5   0   2  16   0   0   0   0   0   0  19   0  22
   0   0   0   0   0   0   0   0  12   0   0  48  19   0   0   0   0   0   0   0  23   0   0   0   9   0   0   0   0   0  47   0   0  20  32   0   0   0   3   0   6   0   0   3   0   0   0   0   0   0   0  38  23   0  24   0   0   0   0  29   0   0   0   0   0   0   0  15   0   0   0   3  21   0
   0   3   0   0   0   0   0   3   0   0  26   0  12   0   0   0  33   0   0   0   0   0   0   0   0   0   0   0  10   0   0  24   0   0   0   0   0   0   0   0  12  21  42   0   0  43   0  29   0   0   0   0   0   0  35   0   0  21   0   0   0   0   0   0   0   0  33   0  22   0   0   0  11
  22   0   0   0  39  13   0   0  10  24  13   0   0   0   0   0   0   0   0   0   0   0   0   8   0   0   0  31   0   0   0   0   0   0   0   0  17  38  33   0   7   0   0   0   0  39   0  44  38   7  37   0  42   0  43   0   0   0   0   0   0   9  37   0   0  27   0  12   0  16  44   0
   0  48  29   0   0  34   0   0   1  13   0   0   0   4   0   0  27   0   0   6   0   0   0  13   0  15   0   0   0   6   0   0   0   0   0   0   0   0   5   0   0   0   0   0   0   5  14   0   0  21   0  30   0   0   0   0   0   0   0   0  13  25   0   0   0  32   0   0   0   0   0
   5   0   0   0   0   0   9   0   0   0   0  16   0   0   0   0   0   0  17  13   0   0  14   0   0   0   0   0  20   0   0   0   0   0   0   0   0   0  43   0   0   0   0   0  19   0   0   0  33  15   0  21   0   0   0   0   0   0   0   0   0  48   0  20  34   0   0   0  15  28
   0   0  14   0  49   0  27  27   0   0   0  27   0   0   0  39   0   0   0   0   0   0  32   0   0   0   0  18   0   0   0   0   0   8   0  20   2   0   0  35   0   0   0   0   0   0   0   0  37  47   0   0   0   0   0   0   0   0   0   0   0   0   0   0   0  41   1   0   0
   0  40  26   0   0   0   0  49   0   0  31  36   0   0   0  37  37   0   0  40   0   0  16   0   0   0   0  41   0   0   0   9   7   0  22   0   0  16  42  14   0   0  33   0   0  32   0  42  43   8   0   0  35   0   0   0   0   0   2   0   0   0   0   2  15   0  24   0
   0   0  30   0   0   0   0   0   0  41  18   0   0   0   0  22   0  37  32   0  19   0   0   0   0   0  37  21   0   0   0   0  12   0   0   0   0  41   0   0   0  36   5   0   0   0  24   0  12  25   0   0   0   0   0   0   0   0   0   0  39   0   6   0   0   0   0
   0   0   0   0   0   0   0   0   0   0   0   0   0   0   0   0  24   0   6   0  35   0   0   0   0   0   0   0   0   0   0  42  30   0   0   0  46  22   0   0  12   0  34   0   0   0   0   0   0   0   0  49  33   0   0   0   0   0  12   0   0   0   0   0   0  48
   0  44   0   2   0   0   1   0   0   0   0   0   0  40   0  21   0   0   1  40   0   0   0   0   0   0   0   0   0   0   0   0  19   0   0   0   0   0   0   0   0   0   0   0   0   0   0   0   0   0   0   0   0   0   0   0   0   0   6   0   0   0   0   0   0
   0   0   0   0  46  36   0   0   0   0   1   0   0   0   0   0   0   0   0  33  39   0   0   0   5  14   0   0   0  12   0   0   0   0   0   0   0   0   0   0   0   0   0  14  29  23   0   0  43   0  49   0  20   0   0  28   0  11   0   0   0   0   0  40
   0  16   0   0   0   0   0   0   0   0   0  21   0   0   0   0   0   0  11   0   0   0   0   0   0   0   0   0   0   0  30   0  21   0   0   0   0   0   0   0  50  46   0  36   0   0   0   0   0   0   0   6   0  36   0   0   0   0  15   0   0  38  21
   0   0   0   0   0  32   0   0   0   0   0   0   0   9   0   0   0  49   0   0  29   0   0  11  11   0  34   0   1   0   0   0   0   0  29  23  34   0   0   0   2   0   0  44   0   0   0  47   0  40   0   0   0   8   0   0  29   0  46  44   0   0
   0   0  38   0   0   0   0   0   0  17   0   0   0   0   0   0   0  28   0   0   4   0   0   0   0   0   0   0   0   0   0   0  32  16   0   0   0   0  23   0  42   0   0   0   0   0   0   0   0   0   0   0   0  28  10  37   0   0  49   0   0
   0   0  10   0   0  13   0  37   9  36  14   0   0   0   0   0   0  21   0  35   0   0   0   0  35   0   0  39   0  34   0   0   0   0  15  32   0   6   0  30   0   2   0   0   0   0  36   0   2  28   0   0   0   0   0   0   0   0   0   0
   0   0   0   0   0   0  44   0   0   0   0   0   0   0   0   0   0   0   0   0   0   0   0  49   0  35   0   0   0   0  30   0   0   0   0  31   0   0   0   0   0   0   0   0   0  44   7   0   0  10   0   0  49   0   0   0   0   0   4
  50   4   0  47   0   0   0   0   0   0   0   0  10   0   0   0   5   5   0   0   0  15   0   0   0   0   0   0   0  12   0   0   0   0   0   0   0   0   0   0   0   0   0   0   0   0  18   0   0   0   0   0  45  46  13  34   0   0
   0   0   0   0   0   0  34   0  44  41  41   0  18  24   0   0   0   0   0   0  40   0   0   0   0   0   0  37   0   0   0   0   0  19   0   0   0   0   0   0  17   0   0   0   0   0   0   0   0   0  18   0   0   0   0   0   0
   0   0   0  47   0   0   0   0   0   2  33   0   0  23   0  19   0   0   0   0   0   0   0   0   0  16  46   0   0   0  45   0   0   0   0   0   0   0   0  39   0   0  24   0   7  39  45   0   0   0   0   0  11   0   0   0
   0  28   0  31   0   0   0   0  49   0   0  42   0   0   0   0   0  48   0   5  32   0  11   0   0   0  28   0  32   0   0   0  16   0   0   0   0  18   0  27   0   0   0  10   0   0   0   0   0  33   0  50  16   0   0
   1   0  42  35   0   0  44  29   0   0   0   0   0  16   0   0   0   7  46   0   0   0  15   0   0   7   4  29   0   0   0   0  46   0   0   0   0   8  42   0   0   0  28  45   0   0   5   0  16   0   0   0  24  45
   0   7   0   5   0   0   0  27  12   0   0   8   0   0   0   0   0   0  26   0   0   0  46  34  26   0   0   0   0   0   0   0  28   4   0  40   0   0   0   0   8   0   0   0   0   0   0   0   0   0   0   0   0
   0   0   0   0   0  13   0   0   0   0   0  43   0   0   0   0   0   0   0  26  35   0   0   0   0   0   0   0   0   0   0   7   0  24   0   0   0   0   0   0   0   0   0  36   0   0  24  46   5   0   0   0
   0   0  16   0   0  18   0   0   0   0   0   0  18   0   0  19   0  34   0   0  50   0   0  47   9   0   0   0   0  11   0   0  15  13   0   0   0   0   0   0   0   0  45   6   0   0   0   0   0  25   0
   0  48   0  10   0  27   0   0  26   0  37   0   0   0   0   0   0   0   0   0  39   0   0   7   0   0  33   0   0   0   0   0   0   0   2   0   0  47   0  24   0   0   0   0   0   0   8   0   0   0
   0   0   0   0   0   0   0   0   0   0   0  42   0   0   6   0   0  24   0   0   0   0   0  33   0   0   0  22   0   0   0   0  24   0   0   0  32   0   0   0   0   0  16  30  36   0   0   0  39
   0   0   0   0   0   0   0  26   4  46   0   0   0   0   0   0   0   0   0   0   0   0   0   0   0   0   9   0   0   0  29   0  49   0   0  47   0  12  25   0   0  16   0   0  17   0   0   2
  32  23   0   0   0  20   0   0   0   0  48   0  32   0   0   0   0  46   0  20   0   0   0   0   0   0   0   0   0   3   0   0   0  34   0   0   0   0  21   0   0   0   0  41   0   0  12
  16  37  48   0   0   0  43   0   0   0   0   0   0   0   0   0   0   0  41   0   0   0  12   0   0  37   8   0   0   0   0   0   0  14   0   0   0   0   0  43   0   0  44   0   0  50
   0   0   0   0   3   0  45   0   0   0   0   0   0   0   0   2   7   0   3   0   0   0   0  46   0   0   0   0   0   0   0   0  42   0   0   0   0   0   0   0   0  45   0   0   0
   0   0   0  12   0   0   0   0   0  42   0   0   0   0   0   0   0   0   0  49   0  48   0   0   0   0   0   0   0   0   0   0   0  13   0   0   3  25   0   0   0   0   0  46
  41  18  40   0  40   0   0   0   0   0  42  34  29   0   0   0   0  33   0   0  13   0   0   0   0   0   0  25  38   0  37  12   0   0   0   0   0   0  31   0   0   0  39
   0   0   0  30   0   0   0  36   0   5   0   0  19  48   0   0   0  46   6   0   0   0   0   0  16   0   0   0   0   0   0   0  16   0  43   0   0   0  13   0   0   0
   0   0   0   0   0   0  32   0   0   0   0   0   0  18   0  38   0   0   0   0  36   0   0   0   0  26   0   0   0   0   0  48   0   0  16  18  24   0   0   0   0
   0   0   0   0   0   0  15   0   0   0  35   0   0   0   0   0   0   0   0   0   0   0  15   0   0   0   0   0   0   0   0   0   0   0  37   0   0   0   0   0
   0   0   2   0   0  24   0   0   0   0   0   0   8   0  40   0   0   0  10   0   0  50  50   0   0  22  25   0  25   0   0   0  21   0   0   0   0  46  27
   0   0  11   0  50  21  20   0  20   0  37   0   0   0   0   0  20   0   0   0   0   0   0  30   0  50   0   0   0   0  37  18   0   0   0   0   0   0
  24   4   0   0   0   0  24   0   6   0   0   0   0  33   0   0  46   0   0   0   0   0   0  30   0  31  10  24  23  15   0   0   0   0   0   0  13
   0   0   0  36   0   0  17  19   0   0   0   0   0   0   0  13   0   0   0  30  25  17   0  47   0   0   0   0   0   0  18   0   0  12   0   2
   0  49   0   0   0   0  41   0   0   0   0   0   0   0   0   0   0   0   0  50   0  27   0   0   0   0   0   0  33  15   0   3  44  33   0
   0   0   0   0   0   0  18   0   0   4   0   0   0   0  47   0   0   0  45   0   0   0   0   0   0   0   0   0   7   0   0   0   0   0
   0   0   0  29   0   0   0   0   0   0   0  16   0   0   0   0   0   0   0   0  24   0   0   0  30  12  27   0   0   0   0   0   0
   0   0  11  32  20   0  23   0   0   0   0   0   0   0   0   4   0   0  29   0   0   1   0  32   0   0  41   0   0   0   0  13
  48   0   0   0   0  27   0   0  50   0   0   0   0   0   0   0   0   0   8   1  11   0   0   0   0   0   0  49   0   0   0
   0  30   0   0  12   0   0  14   0   0  49   0   0   0   0   1  17   0  44   0   0  36   0   0   0  30   8   0   0  38
   0   0  27   0   0   0   0   0   0   0   0  11   0   0  25   0   0   0   0   0   0   0   0   0   0   0  29   0   0
   0   0   0   0   0   0   0  11   0   0   0   0   0   0   0   0   0   0   0   0   0   0  35  27   0   7  39   0
   0   0   0   0   0  37   0   0   0   0   0  11   0   0   0   0   0  43  33   0   4   0   0   0  37   0  38
  28   0   0   0   0  12   0   0   0   0  31   0   0   0  32   0   2   0   0   0  19   0   0   0   0   0
   0  48   0   0   0   0   0   0   0   0   0  49   0   0   0   0   0   0  40  49   0  12   0   0   0
  33  11   0   0  45   0   0   0   0   3   0   0   0   0   0   9   0   0   0   0   0   0  49   0
   0  22   0   0   5   0   0  18   0   0   0   7  33   0   0   0   0   0   3   0   0   0   0
   0   0   0   0   0   0  22   0   0  39   0   0   0   0   0   0   0   0   0   0   4   0
   0   0   0   8  16   0   0   0  24   0  48   0   0   0   0   5   0   0  29   0   0
   0   0   3  46   8  15   0   0  42   0   0   0  25   0   0   0   0   0   0   0
   0   0  45   0   0   0  26   9   0  22   0  17   0   0   0  48   0  27   0
   0   1  15  22  40   0   0  45  42   0   0   0  26  33   0   0   0   0
  28   7   0   0   0   0   0   0   0   0   0   0   0   0   0   0   0
   0   0   0   0   0   0   0   0  31   0   0   2   0   0   0   0
   0  34   0   0   0   0   0   0   0   0   0   0  22  13   0
   0   0   0  12   0   0   8   0   0   0   0   0   0   0
   0   0  35   0  22   0   0   0   0  27   0   0   2
   0  50   0   0   0   0  27   0   0   0  47   0
   0   0   0  11   0   0   0   0   8   0   0
  18  15  39   0   0  26  10   0   0   0
  24   0   0   0  36   0   6   3  36
   0   0   0  31  28   0   0  44
   0  40   0   0  36  31   0
   3   6   6  19   0  45
   0   0   2   0   0
   0   0   0   0
   0   0   0
   0   0
   0

 573
  16  13  11   5  18  24  24   7  24  11   1   8   5  17   3   3   5  22  17  20   9   5   3   5  11  16  10  15   7  17  15   7   9   2   1  22  15  20  22  23   9  14  12  10   7   5  13  10  18  15  18  16  16   3  13  10  23   9  14  14  15  22   5  21  20  11  13  24  21   6  25   2  21   1  24  21   1  14   2  19   5  11   5   3  24  13   7  21  14  13   8   4  24  18   5   8  14  10   1  23

