 100 
  30   0  17   0   0  24  22  21  18  25  11   2  35   0  47  39   1  46  49   0   6  21  28   0  47  43  19  38  24  23   0  27   0  14   0  32   0  31  34   0   5   0  43  19   4   0  19  15  11  36  32  36  10  50   0   0  46  29   9   7  16  33   0   8   0  19  30   0  31   0  36   0   0   8   0  28  12   0  36  24   0   0  47   0  13  18  18   1  28   5   0  25  37   7   4   7   5  27  12  25
   0  16   0  17  44  34  28   3   0  25  45  16   0  27  12   0  43  37   0  42  13  38   0  23   3  32   8   0   0   9  27  25  32  29  23  40  48  32  21  31  45  41   2  48  27   2  46   0   0  10  32  28  50  31  47  27  39   9   0   0  44  31  33  15   0  27  14  34   3  13   0   8  39  15   3  50  12  22  19  49  26   5   0  21  39   0  30   0  21   8  11  37  24  45   0  21  12  30   0
  22  28   1  48  42   0  24  33  24   3  36  31  28   0  10  37  27   0   0  25   0  46  22  45  21  25  46  36  41   0  20  38  46  45   0  38  16   0   6   0  25  45  21   0  33  39  18  15  47   9  43  22  13   0   0  15  13  23  35  43  22  44  23  16  23   0  13  33  31  10   8  39   0   0  33   0  33   9  38  45  48   0  13   0  32  25  33  50  22  22  42   0   0  20   0  35  21   0
  45  39  18  17  21  19  27   0  13  49   8   2   3  31   0  16  50   2   9   0  11   5  23  47   0  32  12   0   0  41  40  10  47   2  34  18   0  10  33  31  18  34  26   5  29  10  49  44   9   0  17  13   0   0  11  20   2  19   0  31  25  23   0  36  10   0   0   8   0  16  12  21   6   0   0   0  11  40  34  43   0   0  15  34  33   0  16   0   0   0  16  13  47  13  19   0  42
  28   0   0  42  40   1  29   0   0  39   6  39  35  11  22   0   0  44   0  27   8   0  34  12  12   0  14  15  43   0  22  39  39   0   7  50   0   0  33  34  30  50  34   0  42  29   0  21   8  27  31   8   3  25  21   0  45  13  30  24  17  34   0  50  48   0  38  45  26   0  43  25   0   0  11  13  40   7  31   8   5   2   0   5   0  48   0   0  23   0  48   0  31  44  47   0
   0  27  20   5  15  12  22  35  18   0  41   0  39  23   0   0  43   0   0  41   6  27  17   0  17   6   0   1   0   0   0  24   6   0  29  16   9  21   0   6  38  48   0  27   0  30   5  33   0  30  14  45  36  20   0  18   0  33  39  12   5   3  20  19  22   0  42  42   0   0   7   0   0  15  31   0  16  21  31   0  16  12  32   4   0   0   0   0   5  16  27  23  38  40  42
   0   0  21  43  18  46   0   8  35  19  41  43   0   0   7  37  29  44   0  43  13  37   1  14   0  48   0  27  15  40  20   0  17   8   0  15  19  34  34  17  10  15  21  35  48  16  39   3  39  42  44   0  31   4  32   8  38   0  26   7  30   1  42  20  45  22  27   4   0   5  26  24   0  33   8   0   0  11  11  38  35   0  36  27  20  41  27  23  17  14   0  13  44  36
  22   0  12   0   0   0  50  29   0   0  39   0  43  30  23  30   0  21  20  24  44   0   0   5   0   1  49  16  20  11  27   0  29  18  22  45  20  47  44  17  13   1  16  35   0  14   0  46  17  39  32  50   0  33  19  29  17  37  34   1   0  24   7  18  34   0  32  27   0   0  18  50  17  29  22  19   0  11  26  41  49  21  14   7  24  46  45  39   7   0  16  25  45
  38  11  37  49  24   0   6   0  43   0  39   1  47   0  33   0  42  25  33  37   6  35   0  26  40  45  49   0  49  37   0  20   0  45  33  39  10   0  39   4   0   0   0   0  10  19  44   0  16  50   2  27  27  20   0  26   0  31  12  39  41  13  49  41  21  27   0  26  17   0   0   2  49  37  44  10   0   2  48  50  26  10  43  17   0   0  40  11  39  46  13  31
  47  41  17   0  40  13  44  42  41  19  12  12   8  45  29   0  49  49   0   0  50   5  36  44   0   0   0   2   0  42  15  31   6  14   0   0   0  14  44  44  45   8   0  38  43  38  37  14  14  16  24  14  34  35  29  32  35  28   0  22   0  24  37  36   3   2   0  11   0  24   4  25   3   0  26   6  23  21  17  26  34  39   6   0   0   2   0  34   2   0   0
  28   0  48   7   0   0   0  41  28   0   0  50   1  39  17   2  14   3  11   0   0   0   8  17  22  33  10   0   0   0   0   0  40  42  50   5   8   7  45   0  26   0   0   0  37  28   0  10  19   0   6  36   0  23  44  34   0  11   7  34  48   3   9  41   0  31  24  39  30  28  34  38   0  48   0   0   0  15  36  28  12  11  36  25  43  32  21  41  15   0
  49  40  19   0  49  15  30   0   3  27   0   3  49   7  43  37  29   0  38   7  10   0   0   0   0  36  33  24  36  39   1  47  15  44   0  37  50   1   1  47   0  42  11  44  10  43  12  18   4  24  50   0  39   0   1  11   8  42   0   0  11  14  26  19  37  14  37  40   0  10  49  27   2   3  46  41   5  46  17   0  17   0  25   4   0   4  37   3  19
  21  23  39  10  27  26   0  17   0   0   1  45   0  31   8   7  45  40   0  24   8  50   0  25   0   3   7  43   6  46  37   0  21  43  40  26   6   0   3   9   1  40  10   0  39   0  48  50  25   0  17  21  43  45  31   0   4  11  48   0   0   0   0   0   5  18  38  11  16   7  35   0  47  20   0   0   0   0  31   0  33  11  17   0  40  18   0  22
  34  42  45  42  44   5  42  44  39  31   3  11  26  14   0  19  42   1   1   0  35  25  41   0  44  36  38  21   0   0  21  35  37  20   0  50  45  19  26  26  10  33  33  16   0  24  18  37  30   5   8   8   7   0  48   8  40   0   4   5  17  10   0  10   1   3  21   3  46   0   0   0  35  30  23  40  19  49  33   0  26  15  39  20   0  11   6
   0  50   0  22  37  17   8  20   3  15  26  49  16  26  49  14  29   0   6   0  30   0   0  15   0  14  38   0  22  40  48   1   0  21   5  47   0   0  43  29   0  43  48  30  45  33  35  11  15  18  24   4  36   0   0   0  47  48  31  17  12  24   0   0   0   0  44  50   0   0   0  24  38   0  50   0   0   0   3   2   0  27  44  34   0   2
  41   8   0   0  48  14   0   3  31   0   4  17  27   6  38   0  37  21  11   0  35   0   0   0  42   0  41  13  47  32  43  11   0   0  39   0   0  42   0  42  46   8   3  49  40   6  11   0  50   0  13   9  32  45  15   5   0   0  12  44  18  47   0  28   7  34  13   0  47   5  14   0   0  11  33  31  49   0   0   0  14  35  47   0  50
  46  40   9   2  47  43  32  30  31   4  50  22  44  26  27  16   5  46  45  20  15   9  17  37  30  38   0   7   0   0  43  27  26  16   0  30  15  10  31  25  46   2  10  12   5  37  41   0  30  10  26  13  36  21  17  19   7  24   0   0   4  44   0   0   0  44   0   0   0  40   9  31  29   4  20  48  27  22   3  17  17  23  27   0
   0  36  13   0  42  33  32  47   0  29  40   0  45   0   7  45  33  39   7   0   0  19   0  26  47  18   0  47   6   1   3  39   7   0   5  31   3   0  37  50   0   0  20   5   8   0  40   0  14   0  43  12   3   0  23   0   0  46   0   0   0  10  26  16  47  29   0  10   0   0  14   0   5  45   0  32  40  16  49   0   0  44   0
  35  27  26  28  46  30  31   0   5  19   7  45  10  30  41  49  35  50   0  21   4  26  33  41   0   2  38  37   6   3  34   0  19   0  13  33  10   0  11  20  40   8  43  31  37  18   2   4  45  35  27   4  33  44  33  31  10   0  27  33  26  35  24  24   5  17  40  32  18  22  12  11  15  24  20  11  49   0   2  50  38  43
   0  27   0  22  37  32  30   0   0   0   0  34  14  12  16   0  42  44   0  25  16   3  27   0  27   0  39  39   0  42  23  45  24  11  27   0  25  27  23   0   5  32   0  32  44  48  17   0  19  14   8  11   5  18  48   0   4  24   7  34  21  18  15  21  42  40  49  20  22  50   0   7  17   0  12  20  29  35  19  27  46
   1  27   6  39   0  42  30   0   0  24  35   8  47  40   9   0  28   0  10   0  41  49   4  16   0  45   0  35  44  29  37  22  47   0  22  17  14  29   8  32  25  15   4  16  34  12  50  36  47  39   0  28   9  18  39   0   0  45  44   0   0   0  20   0  30  50  38   0  33   8  35  39   0   0   0   0  40   9  12  11
   0   0  40   0   0  33   9  44   1   0   0  49   9   9  44   0  43  42  41  23   0  31  37  18  28   0  19  47   0  36   0   0   5   0   8  36  41  10  20  20  11  19  35   9  17  49  37   0   0  26  27  34  25  23  35  17  46  35  40  37  38   3   8   9  38  28  35  37  29   1  30  45   3  16  24  35  41   0   8
   6   7  24   8   2   5   0  27   0  50  32  14   0  27  40  26  26  22  37  40  26   0  25   0   0   0  38  11   0  17  50   0  17  35  39  40   0  10  35  25  33  25  44  43  10  36   0  14  46   0   1  11  17   0  26   0  47  33  17  29  38  42   0  31  11  14   6  39  26  45  38  40   0  43   0   9  37   0
   6   8  27   0   0  10  20   0   0  14   0  27   0  43  42   0  44   0  22   0  17   0   0  24  11   1  48  49   0   5  10  37  16  15  30   0  30  44  34  47   2   6  49   0  48  15  28  26  42  11  40  22   0   0  44  26  27   0   6   0  47  31   0   1   0   0   0   0  25  28  31   9  31  34   1  20   5
   3  21   9  40  38   0   7  28  35   0   0  10  29  36   0  19   0  19  12  12   0  15  15  37  21  21  30   0  25  49  12  48  20  29   0   7  26  25  14   0  32  31   0  23  39  50   0  40  50  25  21   1   9  14   3  45  27   0  42  16  44  31  14  26  40   6   0  42  49   0  32  19   0  41   0  31
   0  30   0  44  42  17  27   0  50  46   0   0   0  45   7   9  23   9   9  36  22  34   3   7  48  28  28   5  39  16   0  33  41  45  34  17   1   0   0   8  46  44   6   0  48  12  34  13  25  29   7  10   3  34   0  17  21  37  22  15  45  10  24   0   0   1  22  13  30  24  27   0   0  15  47
  19  27   0  14  15  26   6   1  31  10   1  42   9  30   6  44  24   8   0   0  36   0  45   8   6   0  49  14  37  31   0   0   0  33   0   0  41  16  37  26   4  30  22  43  37   8  32  37   0  23  40   6  30  39  36   0   0  39  40   9  16  27  28  14  13  28   0  20   1   0  45   0   0  45
   1  30  34  35  27   0  27  48  13   7   0  28  10  18  13  32  11  29  10  47  40  22  35   0  20   0  30  11  25   0  33   0  40  12   0  12  35   0  41   6   0  12  13   0  22  23  42  34   4  41   1  25   0  22   1   1   0  21  33  46  49  43   5  28   0   0  33  48  22  21   4  14  31
   0  31  38   0  43  21  29  39  44  14  31  26  21  14  44   0   0   7  29  46  20  29   0   1  24   0  36  21  49  10  10  14  10   6  41   0  16  33  26   0  32  25  39  12  24   4  20  44  29   0  42   0  23   2  18   0   0   0  35   0  42  32  17   0   0  27   8   1   0   0  38   0
  29   0   6  29   0  39   3  39  15   0   0   0  17  31   0   0   0  39  38  10  33  32  14   3   0  29  35  20  48   0  47   3  10  38   0   5  15   0  11   0   7  17  11  42   0  50  20   0  25  12  45   0   0   0  28  33  31   0  39  27   8   0   0   0  13  29   0   0   4   9  14
   9   0  46  48  27   5   0  19   5  35  45  17   0   0   2  21  39   0  13   2  11  15   8  39  37  21   0  11   4   2   0   2   0  21   0   0  37   0  35   0   8  23   0   4  15   0   4   0  17   0   0  50  35  21  16  20   7  30  11   0   9  12  22  11   0   0  34   0  34  12
   0   7   0   0  40  26  18  46  16  16   4  33  46  16  21   8  47  33   3   0   0  35   0   5   9   0   0   7  22  27   5   0   0  10   6  15  36  46  50  26  45   0  28  28  12  25   7  46  28  50   1  13   0  35   0  41  37  26  24   0   0   0   0   0  41  16  32  47   0
  41   0   0   0  11  31  14   0   3  46   0  31   0  42  22  19  42  10  44   2  36  34   0  16  19   0  45   0  22  50   0  42  31  29  10   1  22  33   8  36   3  47   0  17  22  48  33  42  12  47  25  44  15  10  25   7   0   0  49  16  25  48   0   0  18   0  42   0
  14  38  41   5   8  37   0  21   0   0  18  17   0  14   0   0  31  36  37  31  29  41  10  30   0  16  43  32   0  36  14   0  20  20  45   0  31  28  42  33  14   3   7  41  18  34  36   2   0  18  16   0   4   0  39  13  39   7  26   1  21  22  45   0  33  44  39
  42  47  18  36   0  12  26  34   5   8   0  19   0  25   0   0  31   0  12  19   0  22  42  25  26   5  17  24  19  10   0   0  19  14  20   0  26   0   0   0  11   0  46   0  44   0  41  45  35  18   0   5  41   0  19  18  41  39   3  47   0   8   3  34  32   0
  45  33   7  13  32  45  46   0   2  18  31   0  46  32  29   2   7   0   0  10  23   0  12  25  47   0   0  27  48  47  31   0  10   5   0  43  39  40  13  27   1  22   0  46  20  43   0  25   9   0  33   0  28  20  23  11   6   0   8   0  11   8  16  17   9
  12   0  18   0  23   0  20   0  10   8  25  31  36  32  42  23  47   0  28  34  29  23   0  47  41  10   0   0   0  31   0  17  49  41   0  29  29  44   0  45   9  47   0   0  17  49   7   6  39   0   0   8   0   2  25   0  37  47   0  20  15  50   0  42
   0  42  42  30  37  19  48   3   5   0   6  41  22  23  10   0  11  48   0  15  39   0   9   0   9   0  19  12  35   0  38  25   7  42  21  42  18   0  31  17  28   8  49   2   0   0   0  18  20  48  26  18  50  41  31  39  49  36  45   7  13   1   8
  35   0  45   0  34  15  31  34  16  30  22  48   0  34  37  28  16  37  27  30   0  42   0  35  24   0  14   9   4   8  39   0  18   0  44  19   0  23  14   4  27   0  12   3  36  22  30  14  13   0   5   5   0   0  40   0   0   4  13   8   1  31
  47  14  41  21   0  15  30   0  41   0  19   0  30   0  17   2   0   6   0  13   7  39  19   7  35  41  37   5   0   0  43  26  35   9  16  44   0  31  10  29  19  36   0   0   2  43  22  38  12  19  31   0  36  15  35  28   5  27  15   0  13
   0  25  27  14  31  35  48  10  18  38  50   0   0  41  28   0   0   7  39  43   2   2   0  26  34  28  45   9  34   0   4  25  37  31  22   0  22  41   1   4  29  14   0  40  19   8  17   0  31  37  48  14  23  15  41  18  21  20  45   3
   0   0  30  32  31  27   0   0  49   6  45  19   0  26   2  25   0   0  28  39   0   3  10  20  45   0  46  18   0   0  27  38   0  30   7  26  35   0  45  18   0  33   0   4   7  47   3  48   0   0  18   0  41   7   8   8   0  30  43
   9   0  31  23  15  19  21  10   4   0   0   0  30   8   0  18  34  36   0   8  37  22  27  49   0  15   9  10   1  33   3  22   0   0  18  21  44  14  15   0  15  39   9  26  38   2  33  13  35  36  12  36   8   0   1   1   1  28
  26  36  10   2   0   3  13  17   0  40   6  13   0  44  33   0  41  38  19   0  49  20   0  45   0  37   0   0  19  11  27   0   7   0   0  11   0  25  21  18  34  27  15   0  28  24  17  34   9   4  34  12   0  43   3  36  45
  24  40   0   0  40   6  18   0   0  38  31   0   0   0  29  37   0  10  49  50  39   0   3  50   0   0  33   0   0  50  40  12   0   0   0  19  13   0  47  41   8   1  14  10   0  29   4   0  43  43  13   0  11  23  33  28
  21  47  13  12   0   4  40  33   0   0   0   8   6  16   4  27  10  15  29   0  42  17  18  12   4  41   0   0   5  30  24   0  19   0   0  15  30  39  11  41  32  34   0  18   0  42  49  11   1  47  48  32   9   1   7
  41  47   0   0   0  11  38  47  43  35  47  47   0  28  25   1  16  42  27  28  12  17  44   2   0  14  24   1  15  30  43  44  23  29   8  35  46  40  41   0  35   0   0  39  20  15  39  18   0   0   0  27  41  36
   8  46   0  49   6   0  22  30   5   5   0   0  40  45  18  22   0   0  20   0  44   1   9   0   0  20  17  10  26  15  38   5  37  12  37   0  11   0  45  12   4  50  32  45  14  25   1  31  30  30  48   4  21
  27  26   9  48  36   0  12   0   5   0  35  22  40  22  15  27  10  24   6   0   0   0  42   2  46  11  19  10  14   0  16  38  10  37  45  34   0   6  10  22  37  30  29   0   6  41   0  45   1  10   0  38
  48   6   7   3  22  14   0  20   0  27  45  15  32  16  43  25  41   7  40   0  11  26  37  16  21   0  30  27   0  22   0   0  17   6   0  42   0   5  17  27   0   8  27   0  18   0   7  10  30  46   7
   0  31   0  45  20  29   0  30   2  27  35  44   3   7   3   0  25  16   0   4   0  38   0  31   0  49   4  37   0  23   7   0  46   0   0   0   8  39   7   8   0   0  13  31   6   0   0  46   0   0
   0  15  50  12  12  19  22  27   3  27   0  49  46  43   2  11  42   0  25  22   0   7   5  49   5  33  25   0  11  42   0   5   0  20   0  27   0   0   0  38  34  31  32  47  45   0   0   0   6
  20  39   5  24  35  41  10   0  40   4   0  22  13  45  43   0  26   0  12  39  28  28  46  21  48   2  11  15  41  50  14  38  11   4   0  26   0  41  49  11  40  40  46   0   6  24  36  18
   0  17   0  31  41  50  23  45  44  20  27   0  26   0  26   8   0   0  20  48   5  35  12  44  23  36  12  21   0  38  48  10   0  11  46   0  16   2   0   0  26   0   8   0   5   0   0
   4  36  43  35   0   0  47  47   7   2   0  45  44  31  19   0  13  42  43   0   3  15  47  22  18  29   2  43  29  25   0  44  50  22  33  20  50  12   9  40   0   0  13  49  16   4
   0  15   0  49   0  12  34  26  42   0  36  39   0  38   0  38   0  39   0  33   0   0  29  24  24  26  36  15  35   0  39   0  21  49  10  10   0  50  15   0   0  47   1  14  10
  43   3  34  36  44  21   0   0  35   0  29  48  19   4  30  41   9  34   8   0  48  48  20  23  13  45   0   0   0  14  19  26  39  43  30  47   0  14  12   0  50   0   0  37
   4  24   0   9  22  21   0   0   0   0   9  26  36   0  31  35  39   4   0   3  23  17  27  31  27   0  47  15  36  29   0   2  44  19   0   0  35  32   9   0  42   0  44
   5  37   4  28  36  48   6   0   0  24  46   5  40   0  25   0  28   0  17  32   0  25  23  26  26  17   0   0   0   0   6   0   5  35   0   9  15  24   0   0   7  37
  35  14   0  40  43  20  18  11   7  28  37  43  35   5  27  10  47   9  38  43  28  32  10  24  49  44  34  29  46  36  50  30   6  16   8  24  50  26   7  11  39
  37   0  22   0  20  31  31  19  37   0   0   0  34   5  33  49  19   2   0  45   0  44  27  39  16  13  37  18   1  29   9  22  31  31  18  33   0   0   0  49
  33   0   8  26  35  31  12  30  38   0  26  44  46  21   0  16  25  50   0  29  11   0  50   0  27  22  20  15   3  46   1   0  38   0  33  48  21  11   0
   0   0  29  32   0  22   1   4  44   8   0  49  13   2   0  28   0  28   0  48  34  25   5   0  35  32  49   0   1  17  30  42  50  29   4  49   0  19
  32   4   0   9   0  18   0   0   0  48   1   6  33   0   3   0  23   0  50  28   3   0   4   0   0  22  23  48  41  21   0  37   0  41  45  48  39
   9  23   5  42  16   6  15  35   2   0   5  46  27  39  21   0  49  39  17  24   0   8   7   0   7  25  25  48  31  48   0  12   0  23  20   0
  40  28   0  11  22  44   0  27  21  37   0  22   0  24  11  17   6  31  25  45  23   0   0  25  24   0   0   0  29   9  47  36  39   7   0
   0  16  50  10  32  18   0  37   0  16  25  29   0   0  15  31   0  47  47  30  28  30  31   0   9   5   0  21  45  18  24  23   0  35
   0  27   0   0  31  27   8   5  18  21  15   0   0  43   0  35  11  20   0   0  40  35   0  32  36   0  48   2   2   0  43   0   6
   0   7  45   0  11   0  46  34  37  39  45   0  46  50  27  28   0   3  37   4  12  16  13  48  34  14  12   2   0   0  48  11
  50   4  30   0   0  17  39   0  33   0   0  46   6   0   2   0  45  15   0  11  48  45   0  23   0  15   1  19  22   0   5
  50  40  34  36   0   0  24  28   0  18  21  35   0  39  21  39   1  35  46   1  49  16   0  39   0   1  25  45  10   0
  40  47   9  26   0  40  48  18  13   0   0  33  37   0   0   0  32  27  30  31  29   5   2  10  18  16   0  13  12
   1  37  22  10  18   0  46  16   2  36   0   4  42   0  23  49  46  31  34  14   0  49  25  25   0  33   0  25
   8   0   4   1  22   1  16  35  48  38  43   1  45   0  27  22   0  46   0  28   2  31  25  27  29   0   0
  26   0  15   3   0   0  13   6  28  39   0   0   0  49   0  19   0  25   4  27  36  45   0  34  39  23
  20  29   0  33   0   0  13   7  49  27  17   0  33   0  19  41   0   8   0  26   0   0  11   0  39
   0   0  47   0   0  48  43   0  10  17  21  45   8   1  27   0  37  22  18  46  16  44   7   0
  49   0  29  35  13   0  36   0   6   3   0  40   0  38  24   0  35  36   2  50  16  34  14
   0  25   0   0  12  47  18   3   0  44  18  12  19  18  33  42  31  33  41  25  24  26
   9  15  29   0  21   0   0   0  39   0  48  32  34  35  44   0   1  45  31   4  46
   0  46   0   6  45   0   8   0   0  21  47  30  13  10  43  22  23   7   9  48
  46   0  15  12  46  41  37  10  31   0  25   0  26  26   2   0   3  10  33
   0  18  31   0   0  34  34   0  24  50  27   9  49  40   6  17  45   1
   0   0   0  20   0   0  36  46  14  26   4  12   8   0  33   0   0
   0  26  20  25  44  15   0  30  36  42   0  47   3  39  16  21
  41  31  40  22  41  45   0  46  50  45   0   0   0  35  11
   0   2  33  17   0  39  11   0  38   0  21  35  49   6
   0  16  19   0   0  48  24  14   0  15   0  26  36
   6   0   0  46   0  47  43   6  27   9  40   0
  48  45  26   0  22  32  44  11  17   4   0
  38  37   4  29   0  25  33   6  19  45
  36  19  15   3   0  21  19  10  36
   1  40  32  36   0   9  50   2
  45  29   3   0  44   0   0
  19  42  35  26  37  33
   0   9  35  47  27
   0   0   6  40
   9  25   2
  29   0
  33

 1156
   8  19  21   3  13  17  25  15  22  16   3  23  12   7   7   7   6   8  18  10  15  24   8   4  20  18  24   8   6   6  16  22  14  13   3   2   4  19   3  14  16  25  17  18   8   8  22  17  25  18  22   2   7  23  22  14  10   4  13  11  21  24  17   7   5  23   3  13   4   1  22  10  17   2   5  18  10  13  24  13   9   2  24  20  17   5  16  21  19  14   5  23  17  21  16  23  15  10  16  16

