 100 
   0   0  33  34  16   0  29   0  23   0  44  41   0   0  23  33  30   0   0  32  29  13  21   1  29  27   0   9  48  50  40  10  16   0   8   0  49  18   0   0  28   0  31  16  35   2  40   3   0   0   9   0   0  40  16  50  23   0  17  27  37   1  18   0  25  50  34   0  49   0   4  32  27  43  49   1  37   0  21  36   0  40  23   0   8  30   0   0  19  23  17  20  41  28  38  14   0  35  13   0
  22  40  41   5  28   0  45  41  37  11   0  43   0   0  50   0  45  39  31   0  27  12  21  10   8   4   5  48  38  24   0  32  36  50  11  12   0   0  17  20  30   6  16  11  39   1  22   0  42  31  29   1  38  45   8  20   0   0  38  47   9   3  35  39  40  28  32   8   0  28  28  25  36  45  48  31  37  42  26  27   0  31  23  23   1  28   0   0  17   0  28  20   0  15  24  20  41  36   1
  45  49  12  18  32   0  21   0  33  23  44   0   0   0   7  10   6  36   0  45  29   0   0   3  29   9  16   0  40   0  27   6  44  36  41  33   3   4  20  18  21   3  35  34  27   0   0  44   0  30   7  50  36   8   9  15  47   6  34   0   0  46  33   0  12  11  18  31   0   0   0  25   0  31  33  17  44   0  25   0  12  17  33   0   3  39  45  20  17   1   0   0  19  45  15  17   0   5
   0  26  18  34   0  41  43   0   0   5  29   0  41  32   0  37  15  12  14  12  23   0  46   0  50  27  25   0  42   0   4  28  15  31  19  16  22   0   0   8   0   0   3   0  29  38  35  44  47  28   0   0  32  10  38   4  18  49  39   0  42  40   9  30  17  45  17   6  28  10   1  43  29   0  15  40   0  18   0  37  17   0   0  22  22  40   0   3  47  33  40   0  23  18   2   9  17
  12   7   7   0  50  44  27   0  15  39  23  36   5  25  10  16   0  19   0  47  17   5  27   0   0  34  31  49   8   6  16   0  37   0   0   0  34  37   0  18   8  12  40  33   0  19  36  40   0  28   0  46  11  36   5  11  32   6  36   0  32  22  24  45   0   0  48  21   0  43   0  30  18   0  17  48   1  18   0   0  26  10  18  24  47   0   4  48  38   0   4   5   8   0  20   0
   0  48  32   0  12  19  43   0  23   0  15  24  26   2  41  11  32   9  15  41  16   6  39   0  11  46  42  19  46  41  15   0   0  50   0  39  34  28   0   0  41   0   0  24  27  27   8  36  36  17   4  28  26  27   0  17  46   0  40  19   3   6   4  46  28  42  14  22  46  36  32  26  36  19   0  44   6  14   0  11  24  28  31  39   0   0  48   0  15   5   0  12   0  14  36
   4  20  43  46   0   0   0  29  30  35  33  29  11  16  23  50  48   2   0  44   2   5   0  35   3  24  46  11   9  42  14  23   0  15   0   0  32   0  26   0  25   1   0  13   3  30  16   0  43  28  49   0  37  30  17  22   3  35  16  47  35   0  21  25  40   0   0   0  22  31   0  43   0  24   2  34  25   0  32  23  35   3  19   9  43   0  32  15  40   7  40  29  13  45
  47   0  47   0  49  34  32  48   0  37  18  43  22  28  31   0  19  16   0   0  46  26  15  26  19   0   0   0  17  36   0  14   8   9  49  50   7  17  40  29  20  25  29   0  49  18  36  11  27  27  31  17   0  37   0   0   0  28  15  50  43  21   0   0  17   8   0  34   3   0  49  11   4  44   7  50  40  10  23  26  38  22  42  10  46  10   0  25  30  12  35   5  34
  19   0   2   0   0  46   0   0  34   1  29  40  12   0  24   2  32  24  24   5  17  22  28  45   0  48  23   0  26  36  35  24  21  50  26  42  47  26   3  19  34   0  39   0  24   0  35   0   0  46  37  28  48   6  44   0  20   5   0   4  12   4   8  19   6  21   3  46   0   6  15  40  44   1  15   0   2  30  21   0   0  29  34   0  46  18  12   0  47  17  39   8
   0   0  18   0   1  40  45   0  45  19  31  15   0   0  24   0  50  39  47  22   1  49  34  34   0   2  10  25   2  14  16   0  26  29  49   0  43  49  43  15  48  25   4  13   0  25   0  11  20  44   7  23  33  14   0  21  41  24   0  45   5  29   0  42  26   0  32  34  23  21   1   7   9   0   7   0  46  39   0  13  19   0  38  38  10  19  40   0  28   0   0
   0  18  48   2  11   8   0  21   0  50   0   0   0  40  14  25  29   3  49   8  19  50   0   5   0  30  46  15  12   0   0   0   0  37  13  26   0  13   0  35  31  26  25   3  33  23   0   7   0   9  50  21   0   0  46  42  35   0   0  42  17  15  29  28   1  49  21  43  14  10   8   8  29   5  18  43  15   6  45   9   0  22   0  19   9  18  26  44  29  24
   0  40  12   4  45   0  44  13  29   0  39   0  49  16  13   0  20   0   0   0  20  35  13   0   1  15  41  25  30  23   0   0   0   1  28  15  16  44  25   5   5  41  27   1   0  11  14  22  34   9   5  48   1   0  27   0   0  29  15   0   0   0   0   0  49   0  48  47  46  41   0   0  26   0  34   0  17  26  20  15   9  47   3   0  48  45   0  24   6
   5  12   3   3   0  30  28  39  24  15  29   0   0   0   0   4   0  30   0   0  38  40  19  41   9  35   0   8   0  42  35  44   0   6  19  42   8  48  24  43   7  41  43  39   0  20   0  21  34   0  35  41   0   0   0  44  19  45  15   0   9   0  49   5   3  28  11   1  49  49  27   3  46  29   8   0   0   0  44  41  12   0  38   0   5  17  44   0
   5  23  25   0   0  35  48  40   0  29   8   4   0  36   0   0  39  16   1  23  16  15   0  43  13  43   0   0   0   0  27  37  49   4   0  43  39  23  42  47  42  45  36  21  43  13   7  47  34  46  13   4   0   9  35  26   9  41  47   5  43   0  30  33  46  19   7   0  28  15  45  36   0   0  35   9   0  23   8   0  12  32   0  44   9   0   0
   0   0  39   3   0  28  14   0  11  47  25  13   0  48  34  49  42  48   5   0  19  24   1   0   9   0   0   0  29  18  24  43   1  33   5   8   0  35  29   3  45   0  15   1   1   0   9   0  28  44  45  34  48  47   0  44  48   0   0  45  10  34  41  45  16  13   0  15   3   0  27  14   0  35  37   0   0  50  45   9  31  24   0  34  16  44
   0   4   0  22  36  38   0   0   0  48  18  35  46   0   0  15   6  27   0  19  16  13   0   8  44  29   0  12  22  14  31   0  24   5  48   0  25  27   0   0  21  25  50   3   4  20   0  32  30  22  47  23  14  19  30  17   0  19   0  32   5  28   0  13   0  48   5  16  10   4   8   0  25  49   7  36  31  12  17  19  34   0  25  14  41
   0  38  10  22  47  45   7  12   0  27   2  22  38   0   0  42  13  14   0   9   0  18  26   0  22  34   9   2  43   6  34  26  35  47  42   5  15   0  17   0   8  25   0  37   0  41   0  16  29   0  33  23  44  24   0   7   0   0   0  39   0  43  27  27   0   0  46   6   6  17  45   0   0   0  40   7   2   0  38   0   6   7  26  11
  27   0   0   6   0   0   0   2  21  47  12   0   0  18  30   0  40  31  25  41   9   0   0  33   0  26  33   0  28  37  25   0   5   0  32  18   0  39  34   2  31  12  17  28   0  13   0   0   0  18  20   0  28   0   6   5  20  39   2   2   0   0  14   0  44  31  20  47  22   0   0  16  47  17  46   0  25  22   1  32  36   0  28
   0  15  32  34  11   0   7   1  30  36   0   1   1   0   0   0  16  14  34   0  31  49  19  31  19  46  47  26   0  20  22  15  31   0   0   3  40   8  46   2  13  13   0   0  18   2   0   0   0  37  27   4  45  40   0  18  35  36  41  22   0  41   0   5   0  11   9   0  21  27   0   0  16   0  49  31  35  10   0   0   0  41
  21  42   0   0  50   6  42  39  35  14  42   1  34  28   8  44  13   6   0   0   4  35  25  14  26  31   0  19  16  26   0  26   0  13  45   0  25  28  43   0   8   9  15  17  36  39  40  45  29  27  46  48   0  47   7  21  12  33   3   0   6  20  38  23   0  37  35   4  25  33   5  13   0  37   0   0  48  23   2  33  44
  26  17  41  31  44  48  23  23  25  47  26   0   9  31  26  33   0  26  25   3  48   0   7   0  47   0  13  35  48  18  50  39   5  50  33  25  41   0  38   5  50  25   0   0  48  43  15   0  23   0   0  39  16  33  50  30  40  29  49  21  20  48   3   0  44   3  41   0   0   0   3  48   0  10  17   0   0  35  19   0
  37  34   5  50   2   6  20  19  29  42  23  38  26  20   0   0  16   0  50  25  30  14  34  41   0   2  27   3   3  39  47  21  25  23   0  40   0   0  16   8  43  32  31   0   0   0  36   0  50  47   0   0   0   0   0  16  27  43   0   0   0  32  21   0  25  20  50  20  43  36  39  15   0  28   2   1  18   0  48
  48  34  37  27  44  34   0   0  26  11   0   0   1  31   7  37  40  33   0   9   7  38  15  24  35  33  43  13   0  35  14  40   6  37   0  29  25   8  18  32   0   0  14  14  43  11   0  50  34  12  46   0  31   0   0  26  50  11  14   0   5  20  21  45   4  22  49  21  12  38   0  22  26   0  39   3  26  28
  44  30  28  17   1  23  48   5  41  37  47  41   7  33  36  37  47   0  38   0  41  21   0  26  12  18  26   0  42   0  38  44   0  44  35   0  11   0  24  17  32   0  24  46  46   0   2  12  30  18   0   0   8  16   8  15  46  15  11  18   0  37  50  32   0  36  40   0   0   0   0  31   1   0  45   0  14
   0  11  45  34  15   0   0  26  44  28  24   0  24   0   7   8   0  31  16   0  28   0   9  10   4  44  19  43  35   4   0  34  11  26  31  13  48  24  38  45  49  30  37   0   0   0  49  30  31  26  12   0   0   0  31   0  36  18  21   4  15   4  20  23  35   0  42   3   0  25   6  30   0   0  15  47
   0  46  24   0  27   0   0  27  26   8   0  29  34   1  49   2  38  48   6  43   0  27   4  35  50   3   0  41  50  32   6  18   0   0   9  49  27  35  27   0  20  17  32  36   0  16  16  39  20  33  33  37   0  11  17  39   0  19  12  25  37  43  19  12   0   0   0   6  13   0   0  15   0   8  30
  20   0  38   0   0  10  10  41   9  27   2   0  19  50  13  37   0   5   2  50  43  39   0   0  34  29   0  12  32  47  49  37   0  29  38  35  50  34  43  25   0  18  34  16  32  31  34  12  29  32  13   0  31   0   0  13   0   6  19  13   0  12   4  48   0  12  15  19   7  48  14   0  39   0
  42  12  26   8  31   9  41  47   0   0   0   1  26  43   2  14  36   3  44  26  10   0  33  28   0  14   0  43  22  30   2  43  32  46  47  43   0   0  47  47  27   2   0  43  29  21  45  22   0   0  19   0   0  29   0  41  33  45   0  26  26  43  17  16  43   0  13  28   4   0  42  22   6
   6   4   0  49   0  13   1  11  19   0   0   6  13  15   8   0  35   1   0  22  17  17  33  44   0  37  36  20  50  10   0  45  25  49   2  43   0   0   0  15   0   0  46   0  37  36   0   0  30   0  46  38  25   0  18   3  49  21  48  23   5  23  17   4   0   0  17   3   0  24   0   0
   0   0  26   0   4  32  39   9  18   0  13  37  20  36   7  10   7  37  18  41  45   0  48   8  29   0   5  18  20   4  17  48  22  15   0  19   2  17  16  16   0  50  21  32  33  31  50   8  48  50   1  23  28   0  36   0  23  49  35  48  41  22  28   3  50  21   0  18  20  33  36
   0  33  34   4  41  50  44  23   0   8  21  25  49  33   0  48   2   0  45  10   8   0  36  40  22   0   0   0  24  36   0   0  31  38  43   0   0  12   6  44  43   2  41  34  39  48   1  30   0   2  16  21  48   8  49   0  26  31   3  28  23  45  27  44   0  21  17   0  43   8
  30   0  12   8   7  11  14   6  37  20  14  24  36  38   0  42  33   0  41  46   0  15  27  48  28  36  11   9  18  50   0   0  39   1  49  21   0   6  27   0   4  24   4  41   2  36  17  22   0  50   1   0   3  23  24  37   9  13   5   0  50  35   0  25   0  29  28  23  28
  16   0  18   0  15  29  35   7   9   8  33   2  10  42  36  40  48  33   0  46  11  41  28   0  25   0  18  50  19  39  15  18  17   0  36  31   0  10   0  37  44   6  47   0   2  43   2   0   0   1   9  30   0  26  29   0  37  29  46   6  38  17  43   0   9   0  25   5
  29  17   0  10   2   4   1   0  28   2  38  25  29  16   0  32   7   6   0   1   4   0   1   7  36  32  33  23   4  36   7  40  15  48   1   0   6   0  41  13  47   1  41  46  26   6   9   0   0  28  32   0  22   0   1  48   0  22   4   7   0  25  25  22  13   0   0
   4   0  40  13   0  23   7   2  10   0  28   8  21  13   0   5  45  12  47  15   0  23  18   0   1  18  37   5   0   9  33   2   0   0   0   0  28  44  36   0  43  31  38   0  24   0   5   0  21   7   0  15  28  30  39  47  46  31  15   0  31   0   5  13  46  31
  24  48  34   7  26  24  43   0   0  42   5   0   5  43  42  14  34  36  22   0  29  25  10   5  23  15  48  38   9  25   0   0  27  50   0   9  48   1  30  15  24  41   0  19  11   0  48   3  34  33  25  22  45  26  16   3  12  25  35  39   0  23   1  47  48
  48  10   4  26  10   0  27   3  27  39  47   0  29   7   0   0   8  30  23   5  20   0   9   1   0   0   0  40  31   0  11   5   0  38  11   2   0   2  38   0  21  27  31   7  22  27   0   5  41   0  25   0   9  13  18  44  23  50  14   3  49   6  38  24
   0  21   0  30  32   0   0  17  14   6  46   0  23  18  30   7  33  30   7   0   0  14   9  36  12  39   7  17  14  33   2   0   9  27  41   1   0   8  49   7  25   9  22  28  26  37  19   5  47   0  42   7   0   5  12   0  11  21   0   0  15   5  27
   0   2  43   2   0  42   1   2  35   8   0   0   0  23   0  33   7   7   9   0  50  32  38  35  43  28   0   8  19  17  28   9   0   0   0   0  31  24   0  40   0   0   0   0   0  15  28  32   1   0  14  29  31  32   0   0   0  10   0   0  14  15
  26   0   1  18   0  31   0  34  22  14  29   0   7   0  13  49  47  34   0   0   2  36  18   2  50  33  47  48  35  20  31  36  17  27   0  32  43   3  15  11   6   5   0  36  10   0   0   9  27   1   0  48  27  42   0  37  15   0   0  28  26
  41   6  50  34  47  39  12   0  20  37  34  48   0  48  45  45  13   5   0  23  39   6  39   0  50   0   0  40   6  28   7  13  24  28  44   0   0   2   9   1  20  33  33   7  44   2  50   5  29   0  25  43  24   0  36  18  27   0  46  16
  44  23   7   0   0   3  48  22   6  26   5  23  50  27   5   0  47  35   0  35  23  50   5   0  43  48   0  33   4   3   0  39   0  11  26   0  32   0  29   0  43  31  45  37   6   7   0  31   3  49  50  23   0  13  17   0  12   0   3
   0  46   9  10  27   4  15  46   0  49   0  30  38  37  27  23  44  47  12  18   0  14  21  29   0  30  27   0   0   8  49  34  39   0   0  30  21   4   4  23  16  21   0  39  12   0  23  21  41  38  22  15   0   0  41   0  48  26
  17   0  35   2  31  40   6  21  49   0   0   4   0   0   0  29   6  22   7  37  48   0   0   0   9  40   0  32   0  15  35  30  21  49   0  31   0   0  44  33  38  46  25   0  45  34   0  39  48  12   0   9  27   6  32  47   0
  28   6  27  18  49  19   0  22  26  14   2   9  20  10   0  38   2   0  17  30  45   0  39  22   0   0   0   0  21  35  23   6  25   9  28   4   0   0   0   0  23  11   2   0  39  44   0  46  32   3  24  35   4  13  48   0
   4  27  40  28  23  44  32  37  16  21   0   0   0  11  30  13  10   0  31  25   6  26  40   0  41  24  29  32  23  36  30   0   0   0  27  20  40   6   0   0   0   0   7  32  16  12  45   1   0  31  22  14  50  40  36
   0   6  32   0  13  11  10  30   0  27   0  39   0  11  27   0  10  31  41  47   0  47   0  41  48   0  35  23   0   3   0   0  34  22  13  25  47  42   0   0   0  28  10  20  22  29   0   0  48  48  30  43   0  42
  39  12   0  21  19  37   1  49  18   0   0  42   1   0  39  35   0  12   0  49   6  17   0  11  11   9  39  35  12  34   0  12   0  46   6  47   0  34  48  17   0  36  14  20   7  30  38   0   7   0   0  32  39
  38  29   0  30   1   1  28   0   7  10   6   0  11   0  34  34  18  25  10   0   1  33  11  29  50  12  28  19  34  14  32   0   0   0  21   0  41  22   0  30  24   0  26  50   0  41  45  21  17  18   0  15
   0  18  32   0  37  34  10  43  12  43  34  13   0   5  38  46  36  31  33   0  36  35   0  44  11   0   8   0   0   0  33  13   5  45   9  12   0   0  37  13  35  34  23   0  26   0   0  26  12   0   0
  32   7  15   0  43  23  28  31   0   2  45  21  50  41   0  21   0   0   0  32  34  44  50  29   0   8   0  24   0   0   7  14   5   2  10   0  35  34  34  45  25  40  25   0  47   0  42  48  40   0
  36   0  33  34  23   0   0   2   8   0  22   1   0  48  31   0  39   0  15   0   0  34  36  45   0  21   0  45   0  14   0  14   9   0  23  46   3   0  45   0   0   0  31  20  40  21  47  12   6
   5  40  34   2  35   0  29  30   0  24  19  33  27   0   2  19   0  16  31  36   0   8  49   0   0  31   0   0   0   0   0  45  19  37  47   4   0   7  21   0   0   3  47  22  38  19   0   4
  16  30  19  34  29  25  48   0  34  21  50  17   3  44  45  47   0  31  41  39   7  15  28  32  37   0  19  32   0  49  22   0  42  40  22  35   0  33  35  31  50  31   0   0  11   0  34
   6  12  42   0   9  27   0  45  49   0  25   0   0  43  28   7  12   0   0  40  22  24  18  36   0  14   0  32   0  10   0   0  37  34   0   0  49  36   0   0  27   0  29   0   0  26
   1  36  45  18  41  28  44  29  33  22   0  29  37  18   0  25   0  37   9  37   2   1  30  39  35  10   8  44   0  18  50  32   8   2  24  23   2   0  40   1   0  28  20   5   0
  43  26  25  20   0  11  44   9  17   0   0  41  28  40   0   5  35  24   0  45  17   0  36   9   4  48  34  38  30   5  31   9   0  12  10   0  36  18   0  31  38  43  47  10
  30  28  41  44  36   9   0  23   0  26  44   2   0   0   8  17   4  42   0   7   6   1   0  49  30  40  44  23  12   0  32  45   0  29  42  48   0  46   0  30  23   6  40
  50   0   0  25   0  23  33   0  38   0  12  41  43  45  29  48   0  41  44   3  18   0   0   0   4   1  14  41  47   8  23   0  46  14  15  50   0  41   0  23   0  14
   6  49   0  31  29  15  48   0  50  38   6   3  38  18   0  30  13  32  30  32  20   0  20  40   0   0  27  26   3  25  36   7   3  50   2   4  33  22  50   7   0
  15   0   0   0  43  30   0  17  32   0   0  28  32  11   0   0  15  20   0   0  22  27   3   0  10  39  20  49   0  10   0   9  16   0   0   0  37  50  45   0
  30  12   3  11  10  41   0   0   4  23   0   0  34  33   0   0   8   8  34  17   0  20   0   0  43   0   0  48  40  31  22  29  13  41  47  17  41  18   0
  35   0  22   0  39   8  10  15  12   9   3   6   0   0  44  11  19  36   0  43   2  50   4  46  23   2   0  48   0  34  10  40  14   0   2  43  42   0
  40  21  29  37   0  10  44   0  22  39  50  47   0  21  47   0   3  44  47  19   0  30   0  36  41  30  31  23  16  25  50  25  24  47   9  30   8
  14  16  21   0  38  14   3  40  35   0  41  46   0  21  46   0  43  26   7   0   3  10  35  11  44  35  34  44  26   0  36  21  24  30  45   0
   0   6  25  25  25   0   0  48   3  22  21  46   1  16  12  11  14   0  38  27  42  24   1  43   7   9   4  30   3  28   0   0  34   0   0
  21   3  22   9  49  46   1  10  35  34   0   0  11  39  43  44  45  13  13  33   0  25   0  34  18  31  30   2   0  25   0  14   1  22
  18  42  11   2  26  44  12   1  23  36  48  11  34   0  48  19  13  45   0   0  28   4  44   8  46  31   0  29   0  39  11  24   0
  20   3  16  30  31  37  17  37   0  12  23   5  37  10   0  10   0   0  24  26  19  26   2  12  41  41   0   0   4  25   0   0
  25   0  35  13   0  20   0  33   0  48   0   0   8  26  16  36   6   0  38  39   0  18  10   0  21  23  38  27   0   0  17
  18   0   0  47  30  12  43  12  37  33   2  27   2  33  27  35  43   4  37   0   0  46  31  14   0  47  30  16  16   0
  50   0   0  12  37  50  45   0  26   0   0  50   0  31  31  10  48  10   0  49  19  12  28  50   0   7  13  17  46
  20  49  44   0  40  14  44  48  39  32  12   0  29   0   0  41  46  14  23  50  37  13  50   0  26  13  43   0
  21  31  39  33  17   0  30   0  16   0   9  45  15   0   0  19  18   0  35   3   0  50  49  31  37   0  46
  25  21   0   0  28  44  15  31  19  34  12  41  15  40  41   6  13   0   7  15   0  25   6  19  17  40
   0   9   6  12   4  32   0  16  18  42   5  21  34  26  17  31  18  50   0  29   0  48  14  22  29
   0  33   0   0  33  24  40  13  42  25   7  17  12  28  33   0  35  29   0   0  11  48  47   0
   0  20  47   0  20   0  38   0  24   0   4  22  18  46  26   0  35  26   9  47   0  49  22
  15  46   0  20   0  31   0   6   4   0   0  26  35  15  11   2  19  48  25   0  34  29
   0  45   0  44  27   9  11  23  31  50  27   2   8   0  40  39  38  47   0   0  37
  19  45  50  33  18   0   0  11  43   0  45   0   0  43   0  13   0  39   3  14
  28  32   0  19  13  41   0   0   0  49  20   4   0  25  45  30  26  10   0
  43   0   0  50  17  44  13   4  43  31   5  29  20  22  39   8  48   0
  13   7  23  47  28   2   3  27  16  36   0  35  33   6   0  11  16
  36  37   0  10  29  32  40  29   0   0  34   0   0   0   0  25
   0  11  15  37  23   2  11  48   0  32  36  44  21  32  12
   0  16   0   0   0  26  19  17  46   5   4  15  29  21
  12  19  11  30  31  30  18   7  14   0   9  14  13
  49   3  21   4  50   0   0   0  34   0  21   8
  38  27   0  29  28  12  50  17  40  36  23
  44   8   0   0  41   9   8  15   0  26
  25   0   0  30   0  10  43   0  41
   0  15  35  19  23  13  17   8
   8   6  41  23   0  38  17
  40   4  13  39   6  47
  27  18   0   0  26
  49  11   4  48
  26  32   0
   1  39
   0

 347
  11  10  24  14  20  15   2  19   8   9   1   3   1  12   4  19   1  12   7  17  11   1  19  19   8  15   2   9   6  10  10  21  20  23  17  19  18  11  17  15  22  15  10   9  22   9  23   4  24  15  14   1  12  21  10  13   4  11   5  24  16  14  22  12  19  22  19  12  18  11  14  11  21   4   7   1  21  12   3  11   5  10   1   8   8  16  10   5   6  11  25  11  20   6  13   8   8  16  16  14

