 100 
  25  29   4  21   9   4  42  48   0  39   0  15  14  47  47  16   0  20  14  27   0  35   0  42  39   0  47  13  41  18  43   0  43   5   0   0  47   0  46   0  37  24   6  44   0   0  28  15  32  26   5  43   0   2  32   0  10  18   4   0   0  49   0  42   0  21  29  18   0  47  12  24   0   0   8  32  40  22  47  44  18  28  19   4   0  48  24   0   0  11  22  36   0  13  40   0  35  20  47  19
   0   0   0   4  19  35  45  44  12  10  13  20  10  19  20   0  41  41  31  13  34   4  24  43   8   0   0   7  10   4   0  16  22  31  33  41   0   1   0   0   0  30  47  33  46  36   4  35   0   0  10  18   0  24  15  48  43   0  29  31  11  37  28   0   0   0  27   4   0   0   0   0  36   6  19  30  34  42   0   6  35   1  43   9   7   0  13   0  26   6  35  48  18  50  42   0  40   8   0
  48  42  23  21   0   5   6   7  49   9  41   9  35   0   0   0  15  47  10  22   0  35  17   0   4   0   0   1  17  19  45   0  25   0  19   0   9  44  33  27  16  22  16  33   6   0   6  21   0   0  30  26  28  48   0   9  44  12   0  20  30   3  11  17  29  29   0  16  16  46  40  33  18   4   1   4  21  49  30  24   6   0   4   4  35  22  36  31  14  24  43   4   0   0  20   0  20   0
  47  41   0   0  14  25  17  45  29  29   0  46  14  12  25  12   2  21  35  36   7  15  36  16   0  10  22  32   5   0   6   0  39   0  11  24  21  16   0  40   0  28  23  13  39   8  12   0  34   0   0   8   0   4  35  47   0  46   0   0  21  20  12  23  48  16  15  10  37   0  43  47  21   0  23   8  24   0   0  50   0  38  46   0  34  10   0  29  19   0   3  17   0   0  17   0  17
  25  33  50   5  46  41  33  36  18   6  35   1  27  26   2  10  27   0  30  23   0   2   0   0  50  43  23  17   4  13   9  31  33   4  21  50   4  21  45   0   0  49  32   0  44  19  12   5  42  37  46  20  23  13  11   2   0   0  25  48  49  10  30  18  36   0  21  23  24   6   0   0  34   5  24  33  30   7  11  11   0  42   0  49  10   0  16   0  13  29   3  50   5   0  42  42
   4   9   0   7  24  29  12  46  50  44   4   9   7   9  12   0  48   0  12  43   1   0  38   6  12   0   0   0  45  21  13  40   0  20  43  15   1   2  47   5   0   0   6  14  23   4  32  12   0  42  20  17  12  11  16  48   0   4  41  23  12  26   9  28   0   5  39  23  26   6  43  16   0  29   0  15   0  36   0  45  40   0  45  31   0  43  23  11  37   0  45   0   0   0  22
   0  10   6  40   0   0   0  17  31   0  30  45  19  18  35   0  48   0  50  10  17  18  41   0   0  30  44  13   0   0  17   3  21  47   2  25  44  34   0   0  37   0  10   0  47  30  48  28  38  42   0  17  50  40  17  15  33  10  33  14  17  12  50  34  45   1  48   0   0  11  37   0   0  38   0   0   0  29   0   4   0  19  38   0  32  16  35   0  10  16  46   0  48   0
  37  10   9  11  44   0   1  25  33  22   8  32  44  35   0   0  25  28   0  37  11  17  50  41  38   0  47  14  49   6   0   0   1  29  34   0   0  30  31   0  29  14  21  14   7  35   7  20  11   1   0  37   2  28  40   9  23   4   0  49   1  22  35  32  29   0   1  31  49  49   0  24  32   1   0  10   0  22   1   2  43  10   0   7  37   0  18  20   2  25  50  49  25
  34  42   0   6  28   0  10  39   0   0   8  18  37   0  44   8   0   0  34  21  48  36   2   0   7  47  12  49   0  28  16   0  14  48  18   3   0   8  40  29  13   9  15  48  12  41  26   4   8   0   0   0  41  11  12  26   7  47  35  50   2   0   0   0   6   0  38   0  35  47  14  47  28  42   0  36  14  25  25   6  40   0   0   0   2  36  34  46  43  33  31  42
   4  41   0   4  40  19  48  23  29  26  16  17  22  12  37   0  50  28   4  15  48  22   0   0  39  33   5   0   0  35  43   5   2  25  40  46   0  36  34  17  35   0  10   0  30  49  29  24  14   6   6   0  28  13   0   0  30  16  44  42  20  42  46   0  35  42  39   0   5  39   0   0  25   0   2  11  28   0   9   7   0  39  49   0   4  36  45  36   0   2   9
   6   0   6   5  16  40   6  46  35  15   6  22   8  22  34  49  46   8   0   7  27   0  41   0  15  25  42  36  28   0  38  48  26  14  16  13  48  41  33   0  47  36  20  44  41   0   0  41  27  47  45  16  17   6  43  16   0   0   0  44  37   9  45  28  15  28  34   0  22  48   6  32  46  14   3   0   2   1   2   4  32   1   0  33   8   0   0  15  23   0
   9  44   0   0  11  11   0   0  20  38  42  36  10  17  39   0  22  23  33  15  13  22   0   7   0  38  12  20  32   0   4  43   0   0   0  25   5  50   0  20   1   0  12  25  22  47  28  38  48  37  14  49  42  15   0  41  39   0   0   0   0   2  16  34   0   0  15  34  25  34   0  49  30  15  34  31   0   0  26   0  18  23  14  24   0  48  23   0   0
   0  37  36  37  44  50   0  48   0   0  27  19  31   0  40   6  23   8  47   0  37  47   0   6  32  40   0  22   0  46   0  18  31   0  16  18  34  40  21  25  24   5  45  22   5  34  38   0  39   1   0  19  38  49  30  18   0   0   0   8  41  23  41  48  35   0   0  49   6   0  46   0   0  20  10   0  45   0   6   0  44  36  35   0  33  40   0   0
  37  38   0   0  37   3  21   0   0  19   0  37   0   0  17  47  13   0  35   7   0  45   4   0  27   0  19   0   8  35  10  38  29  13   0   0  32  42   0  41  37  42   0  16   0   0  28  19  37   0  17  21   0  40  37   9  16  42   0  12  30  50   0   3  19   0  26  21   2  46  33  46  46  33  49  31  40   0  47   0   0   1  45  19   0   5   0
   0   0   0  39  30   2  36   0  18   0   0   0  28  25  14  41  45  19  28   4  18   0  40   0   9  36  43  45  41   0   7   1  36  30  12   0   0   0  15  22  34  20   0  11  21   3  45   0   0   0   5   0  43   2  44   3  11  48  16  19   0  15  27   0   0   9  37  16   0  26   0  12  43  18  42   8  47   0  41  39  50  19  23   0   0   0
   0   0   0   0  10  28   0   0  14  39  32   9  30  18   3   4  26   0  35  30  32   0  10  34   3  19  37   0   9  46   0  46   5  25   0   9  22   0   0  37  12  23   0  42   0  43  10  11  20   0   3  20   4  49   0  29  44  37  31  12   9  48  32  22  26  21   6  50  47  25  12  44  47   2   0  43   0  10  49  37  46  24  37  14  12
  32  32  42   0   0   0  16  45   3  47  25   0   0  29  21  21  48   1   0  16  22  49   1  50  35  42  16  15   0   8  10  31  50  27  34  47  40  35  41   3  48  41  33  48  30   0  30  31  26  16   0  28  15  22  42  15  40  28  36   0   0  11  21   0  42  49  39  45   0   0   0  29  25  34  45   0  25   8  23   7   0   0   0  48
  12  27  32  23  11   0  26   0  43   0  35   0  50  23   0   0   0   0  44  30   0  46  16  15  37  21  15  17  28   0  33  36   9   0  25  44  25  50   0  19  21  33  38   0   5  24  47  23  23  18  27   0   5   0  41  50  29  30  13  12  46  26  42  22  20   0   0  11  19  47   0  48  43  25  41  17  18  35  17  22   0  34  19
   0   0  17   9  35  44  45   0   6   9  15  17  15   0  43  19   7  18  14  33   9  13  23   8  19   0   0   7   0  38  11   0  42  34  40   0   0   0  33  27  22  18   3  48   0  17   0   8   0  25  47  33  26  34  24  39  24   0   0   0  11   0  20  21  12  45  35  28   0  44   0  18   0  14  36  28   7  39  31   0   2  37
  36  12  45  19  36  50  10   0   8   8  31  28  37  49  45  18  49  27   0  19  46  14  14  11   3  21  45  14   0  21  18  15   2   0   0  39  25  29   0  20  37  37   0   0  39  21  19  26  48  10  21   5   0  29   0  41  43  49  39  27  33   0  33   0  18  11  38  24  32   1  37   8  47   7  26  25   0   0   0  46   0
  20   0  47  35  44  43  24   0  45  46   0  12   4   9  12   0   0   0  30   0  26  16  26  17   4  39  12  33  20  50   3   5  35   0  12   0   3  19  33   0  47  24  42   0  35  41   0  17   0  48   0  36   0  25   3   0  45   0  33  11  39  13  31   9   0   0  27  16  19  31  35  18   3   2   0  48  24  16  45   9
  15   0   0  32  36   0  17  21  45  36  33   0  23   0  12  13  20  14  26  48   0  47  47  43  15   3  21  39   2  25  39  44  29  11  20  41   0  33   0  18  23   0  20   0  47  48  12  47  33   0  29  30  21  20  44  50  44   0  19   0  10   0   8  47  12   0  41   0   0  12  29  36   0  19  46  12  44   0   0
   0   5  26   4   5   0   7   3  10   7   0  16  35   0   0  27  13  29  50   0  12  22   5  43  14  19  27  37   0  23   0  28   6  30  14  30   0  50   0  35  48   9   2  15   0  26  31  25   0  42  40  16  25  34   0   9  23   0  35   5   0  13   0  33   1  13   0  19   0   0  24  31  12  50  46  40   0  38
   0  41   0   2   0  27  45  20   0  29  17   0  14   1  10  39  43  20  19  15  50  21   4  47  28   3  46  46  38  16  44   0  18   0   9   0  49  32  27  47  25  11   0   0  33  36  42  25   9   7  15   0  49   6   0   6  21  13   1   9   6  44  33   0  17   0  40  21  47  32   0  44   0  12   4   0  40
  31  37   8  17   0   0  13  50  47  24   0   0  11   0  19   5   7  46  27  20  13  33   0  34   0  28   0  11  38  27   7  39  45   1   7  41  19   0  22  27   0   9   5   0  40   2   0   0  20   0  42  24  34   3   7   0   0   0  13  27  37   0   3  16  11  30  27  34  43   0   0  37   2  15   7   3
  33   5   0  49  32  45   0   9   0  22   0  26  40  27  20   0  32   0  26  24   0   0  13  50   4   0  28  12   0   7  45  27   3   0  23  31  35   0   2  26  40   0  10   0  13  12  16   0  35  48   0  16  40   0  14  20   0   4  31   0  25  12  39  50   0   0  12  39   0  14  17  45   0  12   0
   8  36  28  21  37  30  15   0  31   0  20  16   0   0   5   4   6  11   0   3  29  24   0  38  12  18   0  13  21  31   0  19   8   2   0  22  49  26  22  11   0  47  36  32   0  34  12  42   0  37  14   0   6  35   5  35  18   0   0   4  39  31  30  38  19  30  29  32   0  10   0  40   1  37
   9  35  48  19   0  20  45  17  34   0  35  12   0   0   0   6  22  20  25  24   0  36   7  35  18   0  38   0  34   0  13  12   0   3  12  24  28  22   0   4  34   0  43   0   0  15   2   0   6  14   8  46  31   8  36  40  13  18   0  15  11  45  29  27  13  28   5  13   3  20  40   0  26
  27  47  43   2   0  13  33   7  15  34  39  20  33  15  19   0  34   1  23  17  33  34  28  22  19  30   0  28  41  29   0  28   0  21   0   7   0  14   6  36   2   0  34  34   9   0  24   0   0   0  41  49   0  29   0   0  43  24   0   0  44  40   7  46   4  20  47  28  46   0  20   0
  35   0   0   5  27  27  50  35  44   0  42  33   0  19  23  10  21  44  35  18   4  25   0  30  30  48  49   0   5  10   0  26   0  50  39  24  45  22   3   0   0   0  44   0  24   0   3  28   3   0   0  24  25  40   0   0  13  30   0   0   0   1  25  18   5  27  13   9   5  41   6
  47  11  35   0  48   7  46   0  18   0  21   0  20   8  36  32  15  13  29  41   7  18   9  24   0   0   0   0  23   0   4   7  34   0   2   5  22  17  40  28  34  34  40  28   0  33  43   6  44  39  44  24   0  35  10  39   7  29  30  36  36  17   0   0  14  14   0  13   0   2
   1  18  28  50  26   0  43  20  49  35  43  46  39  50   0  33  27   0  49  24  39  34  45   0  16   0  49   7  23  39  14  19   0   4  30  45  12  27  17   6  25   0  39  35  26  11   7  41  29  46  25  25   0  47  13  43   0  31   0  49   0   0  42  29  46  31   0   0  33
   0  34   0   0  49   0   0  39  33  26  34   0   0  23  50  42  49  12   9  11  10   0  31   0  41   0  39  10   0  15   0  38  24  43   0   2   0  26  27  40  17   0  20  29   0  10  40  28   0  37  12   0  48   0   8  31  27  40  28   9   7  23  42  22  38  36  44   9
   0  42   0  19   4   0  39  30  42  21  26  30  22   8  34  30   0  33  40  11  37  45  42  34   0  30  19   0   0   0   0   6  19   0  46  20   0   0   8  49   0   1  28   4  23   6  31  43  23  42  26  40  18  43  30   0   7  36  35  24  37  43   0   1  31   0   6
   3  24   0  46  39   0  43  39  30  36  37  49  33  12  19   9  42   0  39  23   0  26  21  36   0  12  24  12  11  13  41   0   0  24   8   0   1  49   0  28  14   0   9  21   3   0   0   0   0  17  49  10  27  43   8   0  36   0  48   0  18  49   0  30  44   9
  46   4  40   0  13   8  34  45   0   0  35   0   6   9  35  24   0  34   0  24  38  28   0   7  44  39  26  42  36  26   0  26   0  24   9   0   0  49  36   0  15  43   0   0  20   8  26   5  20  20  44  30   0   0  24   0   6   1  44   1  49  23  39  16  27
  17  41  48  44  41   0   1  45  40  45  16   0  41  30  40   3  33  27   0  26   0   0   1  44   0   7  24  37   3   1  48  23  24   7   2  31   0  29   0  26  23   0   3  31  31   9  42   0  38  31   4  22   6  36   3  20  24   0  18   4   0  15  39   3
  49  25  21  19  21  30   0  24   5  37  37   0  22   1   0  36  33  14  42  35   0  44   0  29  20   7   0   4  38  49   0  49   3  30   0  34  46  20  33  39  22  18  36   3   2   0  50  36  48   0   2   0   0  35   0  38  39  33   0  39   0  20   0
  40   1  24  30  23  32  29  33   3  33   0  47  20   0   5  19  28  12   2  32  25   0   0  17  28  12   0  28  46  48  37   0  29  14  14   0  22  43  14   0  19  22  24  48   0   3  28   0   6   0   0  31  50  20   0  23   0  34  14   0   0  45
  46  33  12  50   0   0  35  47  44  35  28  47   0  22   0  34  33   0   0  19   3  17  37  23   2  16   1  10  33  37   6  30   0  16  25   0  43  28   0  13   0  36  49   0  47   0  42   0  19   0  13  32   0   2  22  25  38  42  50   0  29
  19  28  36  14  34   1  39  18  37  39   0   0  50  17  39   2  36  13  22  45   0  38  28  25  19  43  14   3  35   0   0  50   9   4   3   9  30  11  37  23   0   0   0   0   1   0  13  33   5  18   0  45  37   0  42  17  33  48  11  18
  21  38  48   0   0  30  39   0  47  22   0   9   0  10  29  29  34  21   0  47  21  40  29  30  38  31   0  17   9  20  15  28   1  46   0  49  25   6  12  47   0   1   0  36  50  16  34  30  13  27  40  19  22   0  28  25  38  15   0
  13  38   1   0  36   2  28  32  24   0  37  32  17  45  38  21  27   4   5  28   0  43  11   0  41  18   0   8   0  49  39  19   0   0  29  44  49  29  34   0   0   0  41   0  11   0   7  27   0  31  31  28  18  46   0  22  26  21
  37  35  26   2  48   5  17   0  22   0   0   0   0  34   0  16  21  13  44   7   0   1  26  32  46   0   0  20  28  34  25  21  37  34   0  22  31  39   1   0  33   0   2  44  26  44  29   0  13   0  44  45  38   0  36   0  11
   0  24   0  25  21  13   0  22  17  28  39   0  22   0  10   0   5   9   0  43  20   3   5  30   0  33  37  46  12  29  25  18  32   0   3   6  30  33  30   0   5   0   5  18  38   0  50  16  13   0   0   0  41  34   8   0
  45   0   0  13  44   8   8   5   0  32   0  40  29  48   0  12  40  30  29   3  28  48  36  25   5  42  30  36  47   0   8   0  46   3  41   2   0  43  30   0   0  40  47   0   0  25  18  13   0  46  32  47  30  41  43
  20  14  38   0  49  21   0   0  22  36  43  28   0  23  16   0  21   0  15  10   0   9  11   8  13  12   0  27  48  24   0   0  29  29  12  21  40  14   3   0  15  24   0   0  38   0  44   0  10  24  46  24  19  48
   0   7  32   3  19  39   0  19  31  39   5  35   0  25  29  42  12  14  33   0  41  27   0  47   5   2   0   6   0   1   0  30  36  49  47   8   0   0   0   0   1   5   1  22  25   0  31  14  15  22  33  37  25
   5  12  31   3   0  45  13  11  33  11  35  36   6   9   5  50  20  43  45  33  13   9   0  29  11  19  24   0   0  47   8  29  47  43   0   0  31   5  45  24   0  35   0  42   0  49  20  40  22  27   0  21
  22   0  36   0  45  43  31  26  44  42  20   0  47   8  44  26  32   0  24   2  13  49   0   0   9  29  41  42   0  23  47   1  43   1  29   0   0  35   0  22  43   0   1  45  28   0  43  40  31  11  15
  39  17   0  22  40  24  39  37  48   2  23  10   0   0   0  22   0  21  19  29  10   7  19  19  27  34   0  46   5   0  26   7   0  43  36  43   5   0   5  35  14   0  28   1   0  36  22   0  13  41
  32  10  29  47   0  35  21  50  25   0  35  28  11  39  39   8   0  23  29  18  41  38   0   0  44   3  12  40  49   0   3  12  38   1  21   6  32   0   0   0  43   0   0   0  23  14  42   0  19
   0  42  13  25  16   0  13   6  46  18   0   7  48  21   6  48  35   0   3  37   0  47  42   0   0  32   0  44   0  14  17   0  21   0   0  34   0  37  49  25  41  23   0  16  37   7  27   1
   0   0  15  37  37  31  45  43  19  44  30  18   1  21   2   2  18  18   0   0   4   0   0   4   0  33   4  32   3  22  39  11  31   8   5  45  26   0  46   0  22  20  19  21   9   0   0
  31   2  21  14  49   1  29  11   0   0  34  33   0  36  26  46   0  38  22  19  33  22   7  22  20  48  49  10  49  39   9  10  39  35  41  24   0  22  37   0  31  45  27  11  48  40
  15  42  27  20   7   0  24   0  27  23   0  40  48  14   0   9  43   8  24  36  26  18   7  38  31   0  27   0   0  12  26  19  35  29  20   0  33  46  39   0   0  29  34   0   9
  18   0  27  22  43   0   0   8  16  17   1   6   0   7  28  13  37  30  25   0   0  15  26  50   0   0   7  49  14   0   0   0   0  26  40   5  13  24   0  42  49   0  17   0
  22  10   3  19   0  30  18   1  42  16  37  19   0   0   0  35   2  20   5  12  28  15  32   0   0  37  33  12  28   0  13  50  11  49  18  43   0  26  24  44  48   0  14
  37  10  35   5  11  40   0   6  23  47   0   2  35   0   0  22   6  23  27   0   4   1   1   0  41   0  10  31   0  14  32  40  25   2  30  47   9   0  43  29   0  21
   0   7  38  14   0  46   0   5  40  46  30  12   0  20  46  22  33  30  38  24   0  43   3   0  35  29   0   6  15  47   0  17   1  21   0  44  48  29  28   0  24
   0  29  15   3   7  48   0   0   8  36   0   4  35  16   9  32  48  13   0   0   3  42  43  37  41  18   5   9  16  43   9   0   6  40  22  35   0  16   0  17
   0  35  19   0  12  10  21   0   8  13   6  22   6  35  36   0   2  31  41  20   9   0  38  23   8  22  31   5  31  40  45  35   0  31  18   0  34  28   0
  29   0   0   0  34  24  14  10  20  43   0  23   0  42   2  14  26   0   0  26   4  37  21  36  34   0  30  50  42  13   0  47  49  38  15  34   0  26
  36   0  41  42   2  23  29   0   8  43   0  45  35   0   0  20  43  48  49  44   0  46   9  34  38  36   0  38   0  14  34  35   0   0  41  29   0
  15  13  47   0   1   6   0  40   0  45   3   4  16   0  25  36  12  32  39   0   5  29   8  40  30  41  38   0   0  34  25  28  12  23  10   0
  28  39  20  15   0  25   8  29  33  15  18   7   0   0   7   8  41   0  30   0  50  47   0  20   7  38   0  38   0   8   6  36  24  35   3
   0  19  19  47  30  37  43  26  24   2  35   4  28   0  37   9  34   0   4   0  46  48  46  10   0  34  30  35  40  45  10  47  32  20
   0  50   0  24  36   4  22  22  47  32   0  46   0   5  34  27  18   0  42  39  31  31   9   0   5  47  24  17   0  47  25  26  18
   0   0   0  50   0   0   8   0   0   0   0   0   0  45  16  36  35  17  50   0  11   0  30   5   0  16  30  41   5  35   0   1
  16  20  36  31  43   0   0  14  40   7   0  32  16  22   0  17   0   0  44  18   8  41  37   0  46   8   0  10  30  26  44
  32  13   0   0   7  30   1  23  48   0   0  14  11  26  30   0   6   0  21   0  15  41  26   0  46  45   0  41  44  11
  38  20  30   9   1  12   6   0   0  23  28  14   0  42   0  19  21   8  48  40   0  38   0  46  41   8  42   1  26
  12  29  34   4   0  33  41  50   0  48  41  25  32   1  38  36   0   0   0  16  26  31   0  23  45   0  17  31
  14   0  34  21  18  42  14   5  19   4  50   3   1   0  41  10  50   0  26  21  32  26   0  41  22  10  26
   0  11   0  24  19   0  49  27   4  37   0  49  21  37   7   0  50  19  47  40   3  17  42   7   0   4
   0   0  16  23  33  45  39  22   0  20   0   0  46  34   8  14  31  24   0   0   0  37  22   1  45
  27  42   0   0   0   0   0  15  45  16  12  13  46  49  19  15  42   0   4   0   0   0   2  36
  37  48  24   0   0  10  42   0  19  11  18  28  26  37  14  28  19  41  42  49  24   5   1
   8  24   0  15   0  12   3   0  43   0  11   0  19   0  29  32  50  48   0  40   0  28
  50  30  50  40  44  31  15  22   0  36  20  24  35  12  43  31  43  34  46   0   9
  22   6   9   7   8  41   0  48  18  32  15   0   0  17  24  50   8  36  17  50
   0  47  13  23   0  39  21  16  49  12  29   0  47  25  43  21  16  40  46
   0  28  18   3  17   0  29   0  25  26  41   0   0   4  12  11  40  19
  14   5  24  34  43   0  13   0  33  30  46   0   8  39   0  47   1
  39   0   0   3   8  26  21  50  10  17   0   5  14   3  13  30
  34   0  21   0   3   0  34  18   7  22   0  38   0  13  13
  17   0  46  44  39   0  24  35   0   0  29  33  20  39
   1  19  43   4   0   3  32   0   1  35   0  23  32
   0   0  14  50  11   9  43   1   0   0  44   1
  48  43  29  12  35  49  15   8  49  40   0
  50  39  15  26  30   0  44  25  44   0
   9   2   0  28  10   0  34  20  36
  21  11  50  50  27  40  12  35
  33  36   5  13   0   0  29
  50  18  37  32  35  10
   0  46   0  30  44
   0  45   1  23
   6  15   0
  35  31
  11

 732
  18  25  19  21  21  21   1  13  10  22  13   1  17  12  19  15  12  25   3   2  20   8  14   6  22  21   4  12  10   1  13   8   2  21   3  19  17  16  13   8   6  14   7  23  16   9   6  13  19  22  17   6  18  22  13  21   2   5  23  22   6   7  15  10   3   8  10  17   5  10  14  23  12  13  21  24   8   5   8   2   5   6  17   4  13  20   8  24  11   4  19  10  13  18  23  15  14   3  23  25

