 100 
  37  34  11   6  37   2  48  10  20   9  10  15   6  36   2  48  32  29  22  11  40   2  33  35  34  27   3  13  38  32  22  19  17  48  47  14  19  32  21  28  40  39   4  37  40  35  28  41  44  25   8  27  50  42  12   5  24  32  31  50   8  25  30  37  48  42  47  12  50  46  19   4   5  18  32  36  20   5   4  25  31   4   7  37  42  11   2   6   1  40   5  26  23   1  33  47   7  23   2  19
  25   5  26   8  12   8  35   3  18  31  13  44  41  33   2  33  39   6  22  35  28   8  24  45  11  20  38  50  50   4  23  41   2  43   1   9  33  47  49  48  50  32   9  28  34  40  35  13   7  38  25   2  12  10  49  21   7   7  20  48  31  28  32  25  10   1  37  25  38  36  30  18   4  12  31  26  30  45  28   2  36  42  33  40  40  37  23  39   9  25  10   2  36   8   1  41  20  12  23
  16  41  29  35  28   6  47  39  45   8  28  41  43  48  44  27  39  22  30  34  28  10  39  49  28   1  28  18  22  25  40   3  19   5  44   8  40  42  11   7  41  26   5  44  34   1  38  30  19  23   1   1  22  35  15  40  45  43  35  22  50   6   8   6  12   4  10  20  45  50  14  34   8  30  29  19  12  18  21  24  11  38  44  27  31  18  38  22  10  40  38  35  24   6  21   1  22   4
   7  26  16  41  29  39  32  15  41  47  46  49  33  12  38  28   4  31  25  43  49   7  30  40  25  17  20  31   8  13  39  46  50  44  33  25  44  41  50  12  41  43  11  37  22  38  10   9  35  50  33  22  48  25  47   8  24   4   3  10   5   8  46  26  32  42  41  43   3  17  13   2   3  34  30  42  33   2  43   9  29   3  47  37   4  34  46  40  16  16  38  39   6  13  43  44  39
  37  43  35  48  36   9   1  36  12  37   4  10  34   7  18  46   8  10  48  49  23  29  44  42  10   8  19  27  40  26  43  29  50  16  32   4  13  26  39  50  30  21   3  50  23  11  30  23  48  38  48   5  20   5  32  29  34  18  29  48  47  10  19  30  32  18  11   7  44  36  39  41  41   2  19   8  10  50  49   5  17  12  34   3   5  42   1   5  36  39  11  33   3  12  33  45
  39   9  41  44   8  48  34  23  39   4  10  48  18  40  38  24   9  34  41  28  13  18  27  12  47  23  13  42  34  22   1  28  41  16  23  25   2  46  44  41  36   9  10   5  16  38   7  29  46  21  35  24  34  16  29  47  47  18  31  44  12  34  45  15  27  21  35  41   4  11  26  18   9  19  22  15   8  34  15  24  38  39   3  11   1   5  46   7  13  10  45  23   4  39  49
  26  30  36  49   8  18  20  33   4  47   8  23  27  48  39   7  40  21  46  17  10  19  23  23  48  18  28  25  22  14  26  21  37  18  32  41  37  27  43   8   9  48   8  45  40   9  14  10  50  16  26  39  46  30  39  33  30  49  32   6  45   4  20  14  46  42  29  15  35  23  40  22  25  39  23  33  33  45  17  50  20  19  19  24  17  32  13  45  28  32  17  46  28  41
  33  40  10   6  36  19  26  21  24   8  23  40  21  45  43  37  44  15  37  29  25  21  24  41  12  26  32  14  22  36  29  28  28  41  50  39   7  43  33  10  41  15  36  50  47  32  11  50  28  37  10  44  41  19  32  24  46  23  37  48  33  21  48  14  11   4  27   5  41  44  10   5  44   2   2  50  49  25  30  40   1  46  41  25  41   3  19  16  36   3  25  26  46
  40   8  49  44  43  43  40  35  20   2  33  29   9  29  28  28  16   2  23  22  22   7  47  35  13  33  10   3  32  17  46  26  45  39  16  38  18  42  44  12  22  21   8  37   7  31   2  36  14  29  14   4  33  12   9  11  38  39  34  37  45  50  44  45  39  29  28  27  31  40  21  30  41  10  38   9  14  36   8  15   3   7  39  49   3  42  37  12  22  33   2  42
   5  18  25   1  36  49  18  45  20  19  22  38  42  21   9  49  49   9  19  46  42  40  50  23  25  15  34   9  38  32  18  20  27  38   3   2  21  31  23  32  50  30  19  44  47  18  24  46  40  34  46   9  28  50  13  41   8  45  18  44  17  47  27  14  16   4  48  34  18  16   2  31  44  10  50  50  16  49   2  45  30   2  50  37   4  16  33  45   5  28  45
  33  45   6  12  50  20  41   7  28  36  32  28  44  19  50  27   9  10  11  45  16  16  31  27  12   3  37  14  47   6   2   6  46  24  32   6  26  49  29  41  18   2  28   5  11  31  28  40   5  50  38  26  13  38  43  19  11  11  18  30  16   5  27  30  40  36   2   3  41  35  34   3  50   9  18  50  32  41  22   3  22  24  36   8   7   8  36  15  19  30
  50  31  14   9  37  10  26  40  27  37  50  25  19   8  40  31  31  40  48   8  27  44  48  16  13   2  44  36   4  45  29  32  28  12  15  25  39  18  23  25  34  28  13  50   8   3  23  45  28   1  16  38  48  27  14  23  16  10  10  32   8  34  20  38  10  14  50  50  48   8   4  10  33  16  24  15  37  10  20  22   4  29   6  16  10  42  10  13  49
   6  32  14  45  19  43  27  27  30  47  12  19  17   2  20   6  26  21  32   9  47  40   3  10  11  49  10  16  27  13  32  20  23  12  31  34  34   8  21  42  34  47  33  45  37  37  36  11  28  17  24  40  26   2  38  41   6  32  35  24  21  47  32  42  20  44  11  22  11  38  29  28  20  29  18  11  19  25  40  26  45  36  35  13  35  40  46   5
  38  35   8  33  10  33  44  39   2  13  25  22   5  32  49  31  26  11   6  46  18  43  21   5  43  50  22  49  24  20  10  18  43  17   3  35   2  24  20   9  38  23  40   4  14  20  47   3  26  17  25  27  11  30  36  18  13  46  21   8  45  18  41  30  10   1  47  31  29  28  31  17  42  13  45  37  38  19  44   4  14   2   2  19  50   6   8
  34  50  20  38  13  20  21   2  26  20  50  11  31   1  47  33  44  13  19  16   5  14  30  29  13  10   6  16  25  29  11  12  22  48  17  13  32  20   9   5  17  50   6  33  35  19  11   4  14  43  13  29  46  21  40   4   1  12  38  38  14  44  45  10  29  24  29  36   6  31  41  34  24   8  43  13  35  13  27   3  22  44  14   7  41  40
  18   9  45  47  17  25  21  18  11   5  15   1  31  17  29   2  36   3  19   3  43  16   2  48   3  34  49   4  24  20  42   5  43  24  50  43  10  38   9  12  19  37  36  48  45  33  32  24  30  25  21  45   6  31  30  25  11  19  27  41  44  46   7  25   1  15  30  26  35  15   3  50  15  33   1  46  47  34  18   5  17  10   6   6  26
  18   8   1  20  48  15  44  42  40  37   7  15   4  23  19  27  50   8  25  17  18  23   5  37  14  25  12  41  28  24  26  31  35  43  21   5  36  14  45  33  37  41  28  11  41  30  46  23  16  17  45   8  15  34  47  46  21  33  30  15  46  18  43  36   4  15  35  25  37   4  44  31  42  26  23  33  33  28   3  16  35  40  30  36
   1  42   3   2   6  17  32  38  41  44  27  35  41   9  38  18   5   8   9  16  36  45  14   8  44  18  42  40  12   1  24  31  17  34  12  49  24  19  27  19  36  16  43  28  19  20  23  19  43  30  39  45  33   5  11  20  30  42   6  29  16  47   3   7  34  30  19   3  49  39  50  21  17  11  23  44   6  19  44  38  36  50  13
  23  45  42  34  40  33  47  36  26  45  29  23  40  46  19  22  21   9   4  33  32   8   7  28  36  35   4  37  38  28  16  44   8  21   4  38  22  43  24  29  43   5  39  10  30  32  41   6  11  12  50  21  24  30  37  37  44  17  11   1  49  13  16  20   9   6  12  20  37  10  13  39  25  40  28  44  39  13  27  44   6  45
   2   5  38  18  30  20  24   6   4  44  39   3  32  48  50  21   4  40  18  11  28  28   9  37  21   4  28  10  38  30  11  30   4   1  28  49  28  48  14  29  34  45  20  25  20  50  34   7  25  37  24  47  50  31  29  18  28  50  27  30   5  35  15  29  34  35  14  47   6   4   6   3  29   4  42   1  35  45  18   7   8
  38  42  30  46  13  24   3  12  19  38   8  17  26  39  37  24  38  17  16  22  39  43  33  19  12  28  43   4   8  13  30  48  22  17   6  47  14   6  30  11  19  39  25  37  30  29   3  35  40  44  50  29  32  18  46  13  46  42  42  48  35  50   2  17  48  40   6  20  15  39  16  16  41   3  43  21  24  31  49  24
  46  30   9  11  12   5  16  12  25  32  37  33  13  36   5  30  48  44  40  36  37   5   3  29  17  24   8  27  16  11  25  30  43  19  27  15  12   3  12   4  37  12  50  18  47  17  45   6  39  46   5  31  50   2  50   7  19  18  30  43  25  28  25  33  11  48  26  13  30  39  19  44  12  33  17  42  44  33  15
  29  50  33   1  15  24  46  16  46  10  45   5  45   7  17  31  49  27  45  16  39  50  50  49   6  34  19  25  26  35  27  46   3  21   4  35  49  21  41  19   4  33  45  50  38  38   2   4  25   6  48  31  10  44  27   3  33  14  46  48  47   3  46  36  42  34   1   4  24  38  35   4  43  20  11   1  14  11
  29  26  23  50  46  16  43   3  46  47   3   1  12  28  37  18  40  16  49  46  47  16  19  47  30  31  32  24  45   8  10   2  19  32   6   2  36  46  24  40  34  26  32  46  11  48  10   6   7  12  36  31  43  45  42  28  36  25   3  16  26   6  47   1  29  39  17  49  23  30  47  44  15  36  37   9  48
  23  18   1  27  44  23  14  29   2  40  30   6  47  32  28  33  36  34  45  41   3  49  11  28   7  35  21  31  19  35  15  28  40  44   4  17  14  19  35  30  28  10  25  32  44  32  32  45  24  10   3  12  44  41  22   9  42  41  31  44  22   1  12  22  15  41  48  10  38  32  45  46  50  29  33  12
  44  33  38  16  29   4  20   2  15  42  41  25  13  40   8  18  42  26  33  42  21  27  13   3  15   5  39  33   4  17  17  37  15   4   2  34   5   9  39  12  44   7  27  48  37  14   9  19  40  37   1  42  17   5   8  48  42   9  47  34  11  10   5  27   1  23  40   9  45  49  36  21  17  17  24
  15  19   9  18   4   7  34  38  31  44   5  46   8  17  12  20  12  40  18   6  32  29  21  47  33  44  29  45   2  49  50  31  47   8  47  38  12  18  18  27  21   3  10   2  50   9  37  25  45  27  23  20  49  42  15  10   3  23  34  41  19  35  21  12   9  36  12  24   6  41  39   3  23  24
  49  44  10   5   3   5  23  44  30   4   9   8  25  31  23  23  35  38  13  31  38  17  17  25  26  38  27  40  19  13   7  29  48  40  12  15  39  23  45  27  31  29  31  40  42  13  48  20  21  19  37  41  44  10  48  24   6  44  42  50  26  48  49  37  28  27  38  39  14  20  24  15  15
  20  11   9  35  19  48  43  35  29  46  45  40  11  33  16  42  34   8  16  42  45   3  50  29  16  15   2   1  18  39   4   9  38   5   1  36  23   8  25  20  37  23  48  31  25  42   6  28  32   3  42  26   5  39  41  28  45  30  20   6  40  38  31  12  25  19   7  16  37  13  35  19
  32   7  42  28  11  12  16   9  16  16  25  34  40  42  22  44  35  35   8  15  28   7  10  40  41   9  18  41  40  13  13   9  21  38  17   3  31  16  49  16  18  12  13   7   2  22  28  12   6  25  34   5  32  11  30   7   9  30  26  47   5  34  50  48  46  30  46   7  48   2   4
  42  15   6  20  47  31  29   8  46  21  17  29  17  10  46  23  28  16  34  43  23  29  13  15  42  17  41  50  33  29   9   2  29  33  15  19  37  45  35  16  21   9  47  14  17  28   7  40  12  38  21  10  11   4  32  37  10   8  37  16  13   2   6  23  21   6  29  34  24  36
   8  33   7  46  33  42  20   8  31   9  43  32  27  45  36  33  19  39  46  27  35  50  31  30  10  30  36  11   7  28  48   6  35  30  39  45  44  20   2   1  46  48  49  45  18  11  33  18  27  19  18  43   9  22   5  31  39  20  16  37  10  18  11  36  25  25  21  41  15
   2  48  38  19   9   5  17   1  34  47  29  19  12  22  16  32  34   2  41  10  45  46  44  33  43  30  32  34  45   8  49  18  41  35   5  15  26  11  47  26  32  19  38   6  49  33  45  42  40  47  12  40  30  44  32  47  26  45  15   8  31  47   7  16  50  17  42  26
  43  21  16  23   8  39   8  21  12  39  20  44   7  39  44  50  25  17  33   7  38  23  45  43  27  21  15  37  29  40  47   7  47  46  40  48  41  33  43  46  26  31  15  44  43  49  47  13  39  19  50  42  41  39  18  20  45  29   7  20  44  10  35  10   1  15  46
  46  41  18  36  49  14  27  40  20  13  46  42  42   1   3  38  50  19  27  28  20  44  39  22  12   4  12  46  34  12  33  44  13  42   1  25  40  31  43  16  36   8  37  36  26  40  16   3  24  47  14  10  19  18  42  36   8   4  39  29  45  31  29   3   6  24
   1  18  48  18   9  45  42  36  14  28  11   2  48  43  38  36  39  14  37   7  39  43  15  38  37  45  24  36  29  43  32  48  26  47  39   9  38  32  38  10  10  30  27   9   1  39   4  12  41   7  41   9  33  45   3  24  27  32  30  48  32   4  22  24  27
  17  22  15  30  40  10  36  46   3  30   4  26  45  23  23   8   8   9  33  41   8   5  49  13  26  17  42  28  24  31  50  18  36   7  40  10  20   7  45  38  26  32  25   2   1  16  39   1  44  45  37  24  25  33  40  10  50  40  45   3  31  29  33   3
  29  25  16  26  31  35   8  34  36  37  44  15  17  22  28  11  12  40  11  27  19  49  17  46  11  25  35  11  36   2  41  33  15  29   1  45  38  30  41  11   8  41  38  11  38  11  36  30  13  23  38  18  14  46  50   5   5  39  11   2  23   6  23
  39  42  50  46  25  46  10  29  24   2  20  12  37  10   9  40  18  45  39  23  12  20  23   3  45  44   6  44  41  22  14  50  28  46   7  32  41   8  29  26  42  34   6   9  19   8  19  26  21  19   7  22   9   7  22  39  20  14  20   7   9  35
  28  31  47  32  16  39  38  27  39  50  11  27  50  49  20  20  36  12  48  21  47  35   1  48  34  30  10  28  17  36  42   2  21  30  46  36  34  13  38  23  47  27  36   4  48   9  45  28  12  38  28  33   6  45  43  48  50  50  23  26  39
   9  43  21  38  31  44  18  19  33   2  15   5  29  24  15  27  36   4  45  36  14  39  41  27  35   1  48  13  27   4  12  13  46  46   6   7  26  34  28  42   7  28  34  23  36   8  42  31  21  47   2  21  47  30  34   1   2  13  48  27
  29  41  38  31  34  36  45   2  11  38   4   9  15  22  31   5  31  18  43  48  18  15  45   9   5  29  39  19   6  45  15  46   3  50   3  29  38  17  40  21  40  43  17  50  12  12  33  29  23  48  19  36   1  45  21   1  32  31   3
  26  19  34  10  30  42  40  10  32  21  13  37   7  21  30  48   6  31  30  43  28  18  36  12  35  46  28  18   7   2  48  43  45   4  43   3  20  13  41  23  42  34  25  18  22  25  20  41   8   8  12  21  11  48  21   3  16  43
  22  50  21   5   8  10  17  29  15  49   5  20   7  33  13  34  18  32  50   9  17  44  46  11  44  12  16  37  33  39  14  50  44  26  28  36  49  18  11  28  49  42   1  33  43  13  48  36  32  21  27  28  23  26  11   3  36
  46  44   5  30  15  10  37  20  10  17  49  16  45  49  21  38  43  19  42   5  16   5  39   6  23  39  11  43  50  47  29  10  39  13   5   7  14  43   7  49  32  41  18  18  23  33   1  26  31  44  21   8  42   3  42  13
  22  11  17   3   3  36   7  40  12  18   1  34  42  37   8  18  36  26   6  49  38  45  43  27  26  22  42  36  14  10  43  14  30  18  47  11   4   4  44  12  34  42   5   4  38   1   2  33  19  27  34   7  39  42  36
   8  17  48  28   9  18  37  47  14  40  39  33  48   4  18  17  10  48  49  46   5  38  15  10  31  36  34  21  38  20  29  20  39   1   5  46   5  48  27   6  37  30  14  35  48  50  24  25   5  46  12  14  38  34
  36   5  36  27  21  45   4  10  26  45  31  37  41  25  28   3  35  17   2  19   5  45  16  32  36  34  20  42  46   3  48   2  24  16  24  38   4  30  45  18   2  33  24  44  10  27   2  38  37  20  40  21  40
  31  26  43  37  16  14  18  20  12  24  40  49  33  22  22  28  15  47  14  28  22   5  20   9  46  26   9  44  38  47  38  32  33  39  28  13  18   4  24   1   6  39  16  30  21  20  10  25   4  10  40  36
  49   8  32  48   9   6   2  47  29  30  14  11  42   6  23  15  10  48  36  18  27  38  50  12  48  28  33  39  21  20   1  12  45   3   6  15  12  23  28  42   8  22  42  43  38   3  28  33  25  34  13
  25  38  46  43  17  25   7  17   2  50  23  27  13  14  37  20  14   2   3  44   8  33  28  35  10  38  45   9  38  18   8  26  41  21  46  47  32  47  39  44   8  47  20  40  45  49  20  43  40  47
  16  42  24  47  14   5   5  28  45  14   2   5  21   9  26  50  14  34  30  12  24  43  38  41  20   7  26  30  15  10  42  23  25  35  50  24  49  39  13  20  22  29   6  45  18  14  36   2  14
  43  35   4  24   9  27  20  41  27  15  50  45   7  22  36   1  41  29  37  36  15   7   3  22  41  30  28  42  22  44  24  36  11   8  47  32  44  19   5   8  19  12  42  46  46  41  37  38
  10  34   4  29  36  12  42  36  18   1  24  40  42  43  19  21  32  14   4  45  42  16  17  32   5  44  18  31  50  24  48  29  17  50  49  16  39  26  17  10   4  18  15  50  22  50   2
  13   8  23  27   2  23  30   3  24   3  11  12   5  39  35   4  11  29  33   4   3   9  39  27  17   5  44  32  43  34  29  42  45   7   3  14  27   4  32  40  42  10  49  49  25  10
   2  38  36  35   1  27  26  34  32  40  15  21  30  41  28  16  22   7  40  41   9  48  27  45   5   6  23  50  11  18  47  26  21  39  18   8  18  35  28  40  25  24  17  35  16
   4  10  49  17  34  23  24  29  34  11  49  40  12  40  27   5  33  49  49  11  33  40  14   4  36   9  46  37  30  36  20  11  37  25  21   3  19  19  43  13  44   7  36  47
  22  49   4   1  12  20  11  14  22  37  20   7  44  42  16   2  42  26   8   9  46  32  45  38  44  26  50  11  36  49  47   7  29  25   1   1  18  44   2  39  14  14  24
  21  36  36  42  37  17  22   4  27  31  22  38  20  43  50  16   5  44  32  25  14  35  48  27  27  21  49  19  48   4  44  33   3   4  21  43  47  38  42  41  13   2
  30  32  45  31  38   3   7  46  20  13  44   8  27  33  27  39  10  44  28  22  26   3  21  36  42  10  29  20   3  42  19  48  27  40  10  48   8   8  15   7  39
  15  36   1  17  19  28  34  25  14  13  24  24   4  40  25  50   3  33  34  29  36  23   3  19   2   9  43  28  36  30  14  30   9  23  23  27  48  16  49  42
   7  32   6  46  12  28  22  40   3  49  37   7   6  29  17  20  19   9  48  38  12  12   7  20  30  44  25  50  17  30  35  24  34  37  15  37  26  20   8
  38  44   3  10  41  23  37   4  46   4  41  25  30  31  41  49  29  50  22  37  40  21  21  38  12  10  10  23  34   3  45  18  39  25  44  44   6  50
  33  12  50  33  43  24  38  43  35  11  39   6  10  41  47  19  36   7  22  13  35  22  27  13  47  29   2  22  18   5  36  40  43  15  10  22  30
   5  47  42  28  43  50   6  27  41  25  44   9   6  30  23  46  50  13  30  28  31  33  32  37  30  21  13  22  17  43  48  35  49   2  12  25
   2  44  32   5  23  46  46  20   5  25  36  33   5  34  50  45  23  26  31  31  14  21  43  47  35  49  28  10   3  48  36   5  42  17   7
  22  17  44  42  15  11  50  24  22  41   2  44   2  35  41  23   8  33   3  38  30  37   9  47  34  50  42   9  42  40  14  34  23  20
  14  13  49   4  39  50  40  37  28  35  25  39   1  28  14  33   7  20  41  48  10   3   2  13  23  43   9   7   1   2  46  16   6
   4  10  36  42   8  48  11  37   6  11  28  40  34  35   9   4  31  49  42   8   2  27  28  43  33  20  26  42   9  36  41  13
  45  42  40  49   2  35  11  40  33  39  11  20   5  34  37  41  15  22  50   1   6  12  20  33  29  18   7  27  30  36   6
  26  35  21  17  28  11  48  31  33  34  22  20  20  11  44  11  40  17  10  47  13  50  28  26   6  27  50   1  33   1
  15  42  32  18  46   1  14  49  17  18   8  47  33  34  39  20  19   8  48  10  48   1  30  25  17  11  37  48  19
  11  42  46  10  20   4   2  35  43   6  13  11  49  23  44  22  26  12  33  46  28  18  22   6  34   2  41   7
  43  15  14  34  50  43  19  21  19  18  16  46  30   5   2   5  14   8  46  12  38  42  46  29   7  36  47
  25  24  48   7   4   3   4  18  33  14  21  13  33   5   2  14  48  31  28  31   8  47  40  22   4   5
  36   2  43  36  17  19  24  36  12   6  41  40  34  20  14  46  40  46  29  15  42  39  48   8  15
  21   4   1  40  29   4  37   5  38  45  31  15  31  49  39  32  44  35  13  18  15  47  28  18
  37  10  23  20  28  39  27  50  37  50  46  26  20  30  47  20  22  48  32  29  50  14  16
  31  44  17  45  16  31   8  17  33  38   5  34   2  10  32  32  26  35  46  36  13  25
  16  20  29  45   9  31  20  15   3  34  42  38  22  12  35  49  21  40  32   1   6
   2   8  18  42  37  17  20   2  29   9  42  16  41  32  42  30  43  17  34  32
  47  40  13  31  11   8  28   7   2  14  23   1  36  41  29  40  40  27  47
  29  28  45   1  17   7  25  32   8  45   7  10  34  11  36  33  21  21
  42   4   3  41  30  35  43  11  35  18  39  27  50   5  39  39  38
  40   5  48  14   9  40  25   9  12  42  15  48  23  32  44  46
  49  24  27  29  50   7  45   1  42  45  32   4  15  18   5
  16  49  49  43  36  12  23  14  26  16  45  22   4  31
  42  30  36  40  23  42   7  28  40  48   4  22  32
  38   5  28   8  50  43  27  24  22  27  33   5
  30   3  29  34  16  31  37  31  43  15  49
  10   1  28   4  32  18   8  34   4  10
  19   5  36  12  40  43  37  47  19
  14  48  30  23  50  29  26  19
   3  10  47  35  46  43  30
  27  36  42  33  25   4
  15  14  46  21   6
  35   8  26  35
  35  28  41
  17  27
   5

 191
  19  24   5   6   1   2  11  22  15  23   4  14  23   8   6   3  10  18  18  22  24  10   9  12  14   4  14  12  14   5  14  16   5   2   2  20   2  24   9   7  21   2  11  21   3  20  22  14   5   2   6  25  24  18  11   2   1  11  18  19  22   3  23   2   2  12  22  20  15   5  24   5  18   6  22  10   2  18  21  18  13   9   3   6  13   4  16  21   4  12  22  16  21  17  20   3   7   3  15   8

